hpr	12	14	0
hpr	11	14	0.00333
hpr	12	14	0
hpr	12	14	0
hpr	13	14	0
hpr	13	14	0
hpr	12	14	0
hpr	12	14	0
hpr	12	14	0
hpr	13	14	0
hpr	13	14	0
hpr	12	14	0
hpr	13	14	0
hpr	14	14	0
hpr	13	14	0
hpr	10	14	0
hpr	12	14	0
hpr	13	14	0
hpr	12	14	0
hpr	11	14	0
hpr	13	14	0
hpr	11	14	0
hpr	14	14	0
hpr	13	14	0
hpr	13	14	0
hpr	13	14	0
hpr	11	14	0
hpr	12	14	0
hpr	11	14	0
hpr	13	14	0
hpr	11	14	0
hpr	13	14	0
hpr	13	14	0
hpr	11	14	0
hpr	11	14	0
hpr	12	14	0
hpr	11	14	0
hpr	12	14	0
hpr	12	14	0
hpr	13	14	0
hpr	13	14	0
hpr	11	14	0
hpr	12	14	0
hpr	12	14	0
hpr	11	14	0
hpr	13	14	0
hpr	13	14	0
hpr	11	14	0
hpr	14	14	0
hpr	11	14	0
hpr	12	16	0
hpr	13	16	0
hpr	13	16	0
hpr	12	16	0
hpr	13	16	0
hpr	13	16	0
hpr	13	16	0
hpr	13	16	0
hpr	13	16	0
hpr	14	16	0
hpr	12	16	0
hpr	14	16	0
hpr	14	16	0
hpr	14	16	0
hpr	14	16	0
hpr	12	16	0
hpr	13	16	0
hpr	13	16	0
hpr	13	16	0
hpr	14	16	0
hpr	13	16	0
hpr	13	16	0
hpr	13	16	0
hpr	12	16	0
hpr	14	16	0
hpr	13	16	0
hpr	13	16	0
hpr	12	16	0
hpr	13	16	0
hpr	12	16	0
hpr	12	16	0
hpr	12	16	0
hpr	11	16	0
hpr	14	16	0
hpr	13	16	0
hpr	13	16	0
hpr	14	16	0
hpr	13	16	0
hpr	12	16	0
hpr	13	16	0
hpr	14	16	0
hpr	14	16	0
hpr	13	16	0
hpr	13	16	0
hpr	13	16	0
hpr	13	16	0
hpr	14	16	0
hpr	12	16	0
hpr	11	16	0
hpr	12	16	0
hpr	13	18	0
hpr	14	18	0
hpr	13	18	0
hpr	12	18	0
hpr	14	18	0
hpr	13	18	0
hpr	14	18	0
hpr	14	18	0
hpr	14	18	0
hpr	14	18	0
hpr	13	18	0.00333
hpr	14	18	0
hpr	13	18	0
hpr	13	18	0
hpr	14	18	0
hpr	14	18	0
hpr	13	18	0
hpr	13	18	0
hpr	14	18	0
hpr	14	18	0.00333
hpr	13	18	0
hpr	13	18	0
hpr	14	18	0
hpr	14	18	0
hpr	14	18	0
hpr	13	18	0
hpr	13	18	0
hpr	13	18	0
hpr	13	18	0
hpr	14	18	0.00333
hpr	14	18	0
hpr	14	18	0
hpr	13	18	0
hpr	14	18	0
hpr	14	18	0
hpr	12	18	0
hpr	13	18	0
hpr	14	18	0
hpr	14	18	0.00333
hpr	14	18	0
hpr	13	18	0
hpr	12	18	0
hpr	13	18	0.00333
hpr	12	18	0
hpr	11	18	0
hpr	14	18	0.00333
hpr	13	18	0
hpr	13	18	0
hpr	13	18	0
hpr	14	18	0
hpr	13	20	0
hpr	14	20	0.00333
hpr	14	20	0
hpr	13	20	0.00667
hpr	14	20	0.00333
hpr	14	20	0
hpr	12	20	0.00333
hpr	14	20	0
hpr	13	20	0.00333
hpr	14	20	0.00333
hpr	13	20	0
hpr	14	20	0
hpr	14	20	0.00333
hpr	14	20	0.00333
hpr	13	20	0
hpr	14	20	0
hpr	14	20	0.00333
hpr	14	20	0.00333
hpr	14	20	0
hpr	14	20	0
hpr	14	20	0.00333
hpr	14	20	0
hpr	14	20	0
hpr	14	20	0
hpr	14	20	0.00333
hpr	13	20	0
hpr	14	20	0
hpr	13	20	0.00333
hpr	14	20	0
hpr	13	20	0
hpr	12	20	0.00333
hpr	14	20	0.00333
hpr	13	20	0
hpr	14	20	0
hpr	13	20	0.00333
hpr	14	20	0.00333
hpr	14	20	0
hpr	14	20	0
hpr	14	20	0
hpr	13	20	0.00333
hpr	12	20	0
hpr	13	20	0.00333
hpr	14	20	0
hpr	14	20	0
hpr	14	20	0
hpr	14	20	0
hpr	14	20	0
hpr	14	20	0
hpr	14	20	0.00333
hpr	13	20	0
hpr	14	22	0.00333
hpr	13	22	0.00667
hpr	14	22	0
hpr	13	22	0.00333
hpr	14	22	0
hpr	14	22	0.00333
hpr	13	22	0.00333
hpr	13	22	0
hpr	14	22	0
hpr	14	22	0.00333
hpr	14	22	0.00333
hpr	14	22	0
hpr	14	22	0.00333
hpr	14	22	0.00667
hpr	13	22	0
hpr	13	22	0.00333
hpr	14	22	0
hpr	13	22	0.00333
hpr	14	22	0
hpr	13	22	0
hpr	12	22	0.00333
hpr	14	22	0.00333
hpr	14	22	0
hpr	13	22	0.00333
hpr	13	22	0.00333
hpr	14	22	0
hpr	14	22	0
hpr	14	22	0
hpr	13	22	0.00333
hpr	14	22	0
hpr	14	22	0.00667
hpr	14	22	0
hpr	14	22	0.00333
hpr	14	22	0.00333
hpr	14	22	0.00333
hpr	14	22	0
hpr	14	22	0
hpr	12	22	0.00333
hpr	14	22	0.00333
hpr	14	22	0.00333
hpr	14	22	0.00667
hpr	14	22	0
hpr	14	22	0
hpr	14	22	0.00333
hpr	14	22	0
hpr	14	22	0.00333
hpr	14	22	0.00333
hpr	14	22	0
hpr	13	22	0.00333
hpr	13	22	0.00667
hpr	14	24	0.00667
hpr	14	24	0.01
hpr	14	24	0.01
hpr	14	24	0.01
hpr	13	24	0.01
hpr	14	24	0.01
hpr	14	24	0.00667
hpr	14	24	0.00667
hpr	14	24	0.00333
hpr	14	24	0.00333
hpr	14	24	0.00667
hpr	14	24	0.01
hpr	13	24	0.00333
hpr	14	24	0.00667
hpr	14	24	0.00667
hpr	14	24	0.00667
hpr	14	24	0.00333
hpr	14	24	0.00667
hpr	14	24	0
hpr	14	24	0.0167
hpr	14	24	0.00667
hpr	14	24	0.0133
hpr	13	24	0
hpr	14	24	0.00333
hpr	14	24	0.00667
hpr	13	24	0.00333
hpr	14	24	0.00667
hpr	14	24	0.01
hpr	14	24	0.00333
hpr	13	24	0.01
hpr	14	24	0.01
hpr	14	24	0
hpr	14	24	0.00667
hpr	14	24	0.00667
hpr	14	24	0.01
hpr	13	24	0
hpr	13	24	0.01
hpr	14	24	0.00667
hpr	14	24	0.00333
hpr	14	24	0.01
hpr	14	24	0.0133
hpr	14	24	0.00667
hpr	14	24	0.00333
hpr	14	24	0.00333
hpr	13	24	0
hpr	14	24	0
hpr	14	24	0.00333
hpr	14	24	0.01
hpr	14	24	0.00667
hpr	14	24	0.00333
hpr	13	26	0.01
hpr	14	26	0.00667
hpr	14	26	0.0133
hpr	14	26	0.0133
hpr	14	26	0.01
hpr	14	26	0.01
hpr	14	26	0.02
hpr	14	26	0.0133
hpr	14	26	0.00667
hpr	14	26	0.00667
hpr	14	26	0.01
hpr	14	26	0.0133
hpr	14	26	0.0167
hpr	14	26	0.00333
hpr	14	26	0.0167
hpr	14	26	0.02
hpr	14	26	0.00667
hpr	14	26	0.0133
hpr	14	26	0.01
hpr	14	26	0.01
hpr	14	26	0.0233
hpr	14	26	0.01
hpr	14	26	0.0133
hpr	14	26	0.01
hpr	12	26	0.0233
hpr	14	26	0.0233
hpr	14	26	0.00667
hpr	14	26	0.00667
hpr	14	26	0.0167
hpr	14	26	0.02
hpr	14	26	0.00667
hpr	14	26	0.0133
hpr	14	26	0.00667
hpr	14	26	0.01
hpr	14	26	0.0133
hpr	14	26	0.0233
hpr	14	26	0.0133
hpr	14	26	0.00667
hpr	14	26	0.00667
hpr	14	26	0.00333
hpr	14	26	0.0133
hpr	13	26	0.0267
hpr	14	26	0.00333
hpr	14	26	0.00333
hpr	14	26	0.0133
hpr	14	26	0.0133
hpr	14	26	0.01
hpr	14	26	0.00333
hpr	14	26	0.01
hpr	14	26	0.0133
hpr	14	28	0.03
hpr	14	28	0.0333
hpr	14	28	0.0167
hpr	14	28	0.0167
hpr	14	28	0.0233
hpr	14	28	0.01
hpr	14	28	0.0367
hpr	14	28	0.0267
hpr	14	28	0.00667
hpr	14	28	0.04
hpr	14	28	0.0133
hpr	14	28	0.0267
hpr	14	28	0.0433
hpr	14	28	0.0133
hpr	14	28	0.0133
hpr	14	28	0.0333
hpr	14	28	0.02
hpr	14	28	0.03
hpr	14	28	0.00667
hpr	14	28	0.04
hpr	14	28	0.0133
hpr	14	28	0.0367
hpr	14	28	0.02
hpr	14	28	0.0367
hpr	14	28	0.0267
hpr	14	28	0.0533
hpr	14	28	0.0133
hpr	14	28	0.0533
hpr	14	28	0.0233
hpr	14	28	0.0233
hpr	14	28	0.0367
hpr	14	28	0.04
hpr	14	28	0.0167
hpr	14	28	0.0133
hpr	14	28	0.0433
hpr	14	28	0.02
hpr	14	28	0.0267
hpr	14	28	0.03
hpr	14	28	0.0133
hpr	14	28	0.0233
hpr	14	28	0.0267
hpr	14	28	0.00667
hpr	14	28	0.0267
hpr	14	28	0.0333
hpr	14	28	0.00667
hpr	14	28	0.01
hpr	14	28	0.01
hpr	14	28	0.0167
hpr	14	28	0.0133
hpr	14	28	0.0133
hpr	14	30	0.0567
hpr	14	30	0.0467
hpr	14	30	0.0467
hpr	14	30	0.0867
hpr	14	30	0.04
hpr	14	30	0.0233
hpr	14	30	0.0567
hpr	14	30	0.0533
hpr	14	30	0.05
hpr	14	30	0.03
hpr	14	30	0.0467
hpr	14	30	0.0233
hpr	14	30	0.0133
hpr	14	30	0.09
hpr	14	30	0.05
hpr	13	30	0.0333
hpr	14	30	0.0633
hpr	14	30	0.05
hpr	14	30	0.0567
hpr	14	30	0.1
hpr	14	30	0.0833
hpr	14	30	0.0367
hpr	14	30	0.0367
hpr	14	30	0.0267
hpr	14	30	0.06
hpr	14	30	0.0467
hpr	14	30	0.0167
hpr	14	30	0.0767
hpr	14	30	0.0367
hpr	14	30	0.0833
hpr	14	30	0.0667
hpr	14	30	0.0833
hpr	14	30	0.0533
hpr	14	30	0.0167
hpr	14	30	0.0767
hpr	14	30	0.0267
hpr	14	30	0.0833
hpr	14	30	0.08
hpr	14	30	0.0667
hpr	14	30	0.08
hpr	14	30	0.0267
hpr	14	30	0.0367
hpr	14	30	0.05
hpr	14	30	0.0667
hpr	14	30	0.0533
hpr	14	30	0.0167
hpr	14	30	0.0933
hpr	14	30	0.04
hpr	14	30	0.0233
hpr	14	30	0.0167
hpr	14	32	0.15
hpr	14	32	0.12
hpr	14	32	0.0667
hpr	14	32	0.06
hpr	14	32	0.0233
hpr	14	32	0.117
hpr	14	32	0.0833
hpr	14	32	0.0567
hpr	14	32	0.11
hpr	14	32	0.137
hpr	14	32	0.0867
hpr	14	32	0.0867
hpr	14	32	0.18
hpr	14	32	0.0567
hpr	14	32	0.08
hpr	14	32	0.0667
hpr	14	32	0.0333
hpr	14	32	0.25
hpr	14	32	0.15
hpr	14	32	0.0967
hpr	14	32	0.107
hpr	14	32	0.0667
hpr	14	32	0.103
hpr	14	32	0.07
hpr	14	32	0.117
hpr	14	32	0.103
hpr	14	32	0.0733
hpr	14	32	0.123
hpr	14	32	0.0367
hpr	13	32	0.12
hpr	14	32	0.1
hpr	14	32	0.157
hpr	14	32	0.0533
hpr	14	32	0.03
hpr	14	32	0.0833
hpr	14	32	0.167
hpr	14	32	0.06
hpr	14	32	0.0367
hpr	14	32	0.1
hpr	14	32	0.0333
hpr	14	32	0.1
hpr	14	32	0.1
hpr	14	32	0.0833
hpr	14	32	0.0833
hpr	14	32	0.08
hpr	14	32	0.03
hpr	14	32	0.11
hpr	14	32	0.0367
hpr	14	32	0.12
hpr	14	32	0.0867
hpr	14	34	0.157
hpr	14	34	0.107
hpr	14	34	0.163
hpr	14	34	0.05
hpr	14	34	0.0867
hpr	14	34	0.07
hpr	14	34	0.147
hpr	14	34	0.123
hpr	14	34	0.18
hpr	14	34	0.22
hpr	14	34	0.213
hpr	14	34	0.147
hpr	14	34	0.107
hpr	14	34	0.15
hpr	14	34	0.15
hpr	14	34	0.123
hpr	14	34	0.19
hpr	14	34	0.12
hpr	14	34	0.103
hpr	14	34	0.21
hpr	14	34	0.163
hpr	14	34	0.12
hpr	14	34	0.0867
hpr	14	34	0.147
hpr	14	34	0.253
hpr	14	34	0.0967
hpr	14	34	0.16
hpr	14	34	0.1
hpr	14	34	0.0867
hpr	14	34	0.0467
hpr	14	34	0.107
hpr	14	34	0.24
hpr	14	34	0.18
hpr	14	34	0.237
hpr	14	34	0.11
hpr	14	34	0.103
hpr	14	34	0.1
hpr	14	34	0.187
hpr	14	34	0.157
hpr	14	34	0.217
hpr	14	34	0.127
hpr	14	34	0.0367
hpr	14	34	0.153
hpr	14	34	0.187
hpr	14	34	0.17
hpr	14	34	0.17
hpr	13	34	0.153
hpr	14	34	0.21
hpr	14	34	0.23
hpr	14	34	0.107
hpr	14	36	0.1
hpr	14	36	0.253
hpr	14	36	0.19
hpr	14	36	0.21
hpr	14	36	0.223
hpr	14	36	0.287
hpr	14	36	0.283
hpr	14	36	0.17
hpr	14	36	0.257
hpr	14	36	0.36
hpr	14	36	0.31
hpr	14	36	0.3
hpr	14	36	0.117
hpr	14	36	0.133
hpr	14	36	0.257
hpr	14	36	0.217
hpr	14	36	0.193
hpr	14	36	0.187
hpr	14	36	0.217
hpr	14	36	0.343
hpr	14	36	0.217
hpr	14	36	0.2
hpr	14	36	0.43
hpr	14	36	0.14
hpr	14	36	0.197
hpr	14	36	0.213
hpr	14	36	0.287
hpr	14	36	0.313
hpr	14	36	0.193
hpr	14	36	0.12
hpr	14	36	0.373
hpr	14	36	0.133
hpr	14	36	0.26
hpr	14	36	0.37
hpr	14	36	0.423
hpr	14	36	0.22
hpr	14	36	0.23
hpr	14	36	0.14
hpr	14	36	0.13
hpr	14	36	0.25
hpr	14	36	0.17
hpr	14	36	0.223
hpr	14	36	0.217
hpr	14	36	0.253
hpr	14	36	0.143
hpr	14	36	0.297
hpr	14	36	0.237
hpr	14	36	0.353
hpr	14	36	0.127
hpr	14	36	0.11
hpr	14	38	0.273
hpr	14	38	0.193
hpr	14	38	0.42
hpr	14	38	0.273
hpr	14	38	0.29
hpr	14	38	0.307
hpr	14	38	0.223
hpr	14	38	0.343
hpr	14	38	0.0833
hpr	14	38	0.217
hpr	14	38	0.53
hpr	14	38	0.26
hpr	14	38	0.38
hpr	14	38	0.377
hpr	14	38	0.203
hpr	14	38	0.373
hpr	14	38	0.37
hpr	14	38	0.597
hpr	14	38	0.513
hpr	14	38	0.25
hpr	14	38	0.4
hpr	14	38	0.317
hpr	14	38	0.4
hpr	14	38	0.513
hpr	14	38	0.317
hpr	14	38	0.547
hpr	14	38	0.36
hpr	14	38	0.197
hpr	14	38	0.163
hpr	14	38	0.513
hpr	14	38	0.497
hpr	14	38	0.553
hpr	14	38	0.497
hpr	14	38	0.163
hpr	14	38	0.23
hpr	14	38	0.36
hpr	14	38	0.47
hpr	14	38	0.34
hpr	14	38	0.167
hpr	14	38	0.467
hpr	14	38	0.14
hpr	14	38	0.263
hpr	14	38	0.32
hpr	14	38	0.563
hpr	14	38	0.443
hpr	14	38	0.167
hpr	14	38	0.39
hpr	14	38	0.197
hpr	14	38	0.293
hpr	14	38	0.397
hpr	14	40	0.79
hpr	14	40	0.703
hpr	14	40	0.413
hpr	14	40	0.683
hpr	14	40	0.657
hpr	14	40	0.88
hpr	14	40	0.797
hpr	14	40	0.61
hpr	14	40	0.707
hpr	14	40	0.697
hpr	14	40	0.403
hpr	14	40	0.657
hpr	14	40	0.267
hpr	14	40	0.577
hpr	14	40	0.357
hpr	14	40	0.837
hpr	14	40	0.66
hpr	14	40	0.863
hpr	14	40	0.62
hpr	14	40	0.573
hpr	14	40	0.523
hpr	14	40	0.35
hpr	14	40	0.623
hpr	14	40	0.897
hpr	14	40	0.68
hpr	14	40	0.6
hpr	14	40	0.36
hpr	14	40	0.567
hpr	14	40	0.7
hpr	14	40	0.78
hpr	14	40	0.653
hpr	14	40	0.593
hpr	14	40	0.497
hpr	14	40	0.227
hpr	14	40	0.527
hpr	14	40	0.597
hpr	14	40	0.677
hpr	14	40	0.38
hpr	14	40	0.607
hpr	14	40	0.257
hpr	14	40	0.583
hpr	14	40	0.42
hpr	14	40	0.49
hpr	14	40	0.55
hpr	14	40	0.65
hpr	14	40	1.01
hpr	14	40	0.767
hpr	14	40	0.683
hpr	14	40	0.4
hpr	14	40	0.437
hpr	14	42	0.597
hpr	14	42	0.707
hpr	14	42	0.747
hpr	14	42	0.95
hpr	14	42	0.763
hpr	14	42	1.24
hpr	14	42	0.7
hpr	14	42	0.613
hpr	14	42	1.07
hpr	14	42	0.29
hpr	14	42	0.76
hpr	13	42	0.283
hpr	14	42	0.567
hpr	14	42	0.387
hpr	14	42	0.72
hpr	14	42	0.597
hpr	14	42	0.737
hpr	14	42	0.843
hpr	14	42	1.1
hpr	14	42	0.3
hpr	14	42	0.86
hpr	14	42	0.34
hpr	14	42	0.437
hpr	14	42	0.997
hpr	14	42	0.557
hpr	14	42	0.837
hpr	14	42	1.16
hpr	14	42	1.06
hpr	14	42	0.693
hpr	14	42	0.703
hpr	14	42	0.55
hpr	14	42	0.73
hpr	14	42	0.753
hpr	14	42	1.15
hpr	14	42	0.717
hpr	14	42	0.74
hpr	14	42	0.843
hpr	14	42	0.607
hpr	14	42	0.817
hpr	14	42	0.513
hpr	14	42	0.923
hpr	14	42	0.813
hpr	14	42	0.783
hpr	14	42	1.07
hpr	14	42	0.977
hpr	14	42	0.957
hpr	14	42	0.4
hpr	14	42	0.837
hpr	14	42	0.72
hpr	14	42	0.967
hpr	14	44	0.833
hpr	14	44	0.87
hpr	14	44	0.73
hpr	14	44	0.893
hpr	14	44	0.633
hpr	14	44	1.02
hpr	14	44	1.24
hpr	14	44	0.867
hpr	14	44	0.667
hpr	14	44	1.38
hpr	14	44	1.31
hpr	14	44	1.59
hpr	14	44	0.787
hpr	14	44	1.2
hpr	14	44	0.84
hpr	14	44	1.22
hpr	14	44	1.19
hpr	14	44	0.377
hpr	14	44	1.41
hpr	14	44	1.02
hpr	14	44	1.2
hpr	14	44	1
hpr	14	44	0.697
hpr	14	44	0.793
hpr	14	44	1.02
hpr	14	44	1.01
hpr	14	44	0.98
hpr	14	44	1.13
hpr	14	44	0.973
hpr	14	44	1.48
hpr	14	44	0.817
hpr	14	44	0.837
hpr	14	44	0.607
hpr	14	44	1.16
hpr	14	44	1.76
hpr	14	44	1.56
hpr	14	44	0.767
hpr	14	44	0.873
hpr	14	44	0.737
hpr	14	44	1.11
hpr	14	44	1.52
hpr	14	44	0.533
hpr	14	44	0.817
hpr	14	44	1.49
hpr	14	44	0.55
hpr	14	44	0.807
hpr	14	44	1.6
hpr	14	44	1.23
hpr	14	44	1.47
hpr	14	44	1.03
hpr	14	46	1.72
hpr	14	46	1.58
hpr	14	46	1.61
hpr	14	46	1.59
hpr	14	46	1.21
hpr	14	46	1.17
hpr	14	46	1.36
hpr	14	46	2.11
hpr	14	46	0.953
hpr	14	46	1.29
hpr	14	46	1.92
hpr	14	46	1.53
hpr	14	46	1.31
hpr	14	46	2.04
hpr	14	46	1.07
hpr	14	46	1.45
hpr	14	46	1.27
hpr	14	46	1.28
hpr	14	46	1.51
hpr	14	46	2.06
hpr	14	46	1.09
hpr	14	46	1.29
hpr	14	46	1.67
hpr	14	46	2.17
hpr	14	46	1.58
hpr	14	46	1.67
hpr	14	46	1.53
hpr	14	46	0.62
hpr	14	46	0.893
hpr	14	46	1.78
hpr	14	46	1.72
hpr	14	46	1.51
hpr	14	46	1.36
hpr	14	46	1.71
hpr	14	46	1.77
hpr	14	46	1.58
hpr	14	46	1.94
hpr	14	46	1.31
hpr	14	46	0.953
hpr	14	46	2.42
hpr	14	46	1.26
hpr	14	46	0.95
hpr	14	46	1.45
hpr	14	46	1.16
hpr	14	46	1.35
hpr	14	46	1.41
hpr	14	46	1.7
hpr	14	46	2.08
hpr	14	46	0.56
hpr	14	46	1.15
hpr	14	48	1.83
hpr	14	48	1.89
hpr	14	48	2.12
hpr	14	48	2.71
hpr	14	48	1.71
hpr	14	48	2.18
hpr	14	48	1.25
hpr	14	48	1.21
hpr	14	48	1.61
hpr	14	48	2.43
hpr	14	48	2.6
hpr	14	48	2.42
hpr	14	48	1.3
hpr	14	48	1.82
hpr	14	48	1.31
hpr	14	48	2.04
hpr	14	48	1.72
hpr	14	48	1.04
hpr	14	48	2.02
hpr	14	48	2.56
hpr	14	48	1.4
hpr	14	48	1.85
hpr	14	48	2.07
hpr	14	48	1.25
hpr	14	48	1.94
hpr	14	48	2.18
hpr	14	48	1.27
hpr	14	48	2.01
hpr	14	48	1.52
hpr	14	48	1.74
hpr	14	48	1.79
hpr	14	48	1.86
hpr	14	48	1.17
hpr	14	48	2.98
hpr	14	48	1.49
hpr	14	48	2.15
hpr	14	48	2.22
hpr	14	48	2.18
hpr	14	48	2.12
hpr	14	48	1.29
hpr	14	48	1.78
hpr	14	48	1.77
hpr	14	48	1.41
hpr	14	48	1.49
hpr	14	48	2.02
hpr	14	48	2.28
hpr	14	48	1.99
hpr	14	48	1.92
hpr	14	48	2.03
hpr	14	48	1.94
hpr	14	50	3.2
hpr	14	50	2.95
hpr	14	50	2.67
hpr	14	50	2.97
hpr	14	50	2.91
hpr	14	50	2.35
hpr	14	50	2.32
hpr	14	50	1.95
hpr	14	50	2.19
hpr	14	50	3.53
hpr	14	50	2.12
hpr	14	50	3.18
hpr	14	50	2.3
hpr	14	50	3.84
hpr	14	50	3.37
hpr	14	50	2.92
hpr	14	50	2.25
hpr	14	50	2.74
hpr	14	50	2.96
hpr	14	50	2.81
hpr	14	50	2.79
hpr	14	50	3.28
hpr	14	50	1.98
hpr	14	50	2.61
hpr	14	50	2.06
hpr	14	50	2.12
hpr	14	50	3.06
hpr	14	50	2.53
hpr	14	50	3.11
hpr	14	50	2.89
hpr	14	50	2.07
hpr	14	50	1.75
hpr	14	50	3.05
hpr	14	50	3.2
hpr	14	50	1.91
hpr	14	50	1.47
hpr	14	50	2.84
hpr	14	50	2.97
hpr	14	50	3.05
hpr	14	50	1.52
hpr	14	50	1.7
hpr	14	50	3.21
hpr	14	50	1.89
hpr	14	50	2.13
hpr	14	50	2.02
hpr	14	50	2.47
hpr	14	50	2.5
hpr	14	50	2.22
hpr	14	50	2.5
hpr	14	50	3.8
hpr	14	52	3.45
hpr	14	52	3.54
hpr	14	52	4.05
hpr	14	52	3.72
hpr	14	52	4.24
hpr	14	52	4.2
hpr	14	52	3.84
hpr	14	52	3.02
hpr	14	52	3.55
hpr	14	52	3.38
hpr	14	52	2.87
hpr	14	52	3.35
hpr	14	52	2.72
hpr	14	52	2.79
hpr	14	52	2.66
hpr	14	52	1.92
hpr	14	52	3.37
hpr	14	52	2.51
hpr	14	52	2.5
hpr	14	52	2.28
hpr	14	52	2.97
hpr	14	52	3.73
hpr	14	52	2.67
hpr	14	52	4.02
hpr	14	52	4.23
hpr	14	52	3.9
hpr	14	52	2.8
hpr	14	52	3.95
hpr	14	52	2.57
hpr	14	52	2.85
hpr	14	52	3.14
hpr	14	52	2.96
hpr	14	52	2.71
hpr	14	52	2.44
hpr	14	52	4.01
hpr	14	52	4.05
hpr	14	52	3.81
hpr	14	52	3.23
hpr	14	52	3.8
hpr	14	52	3.09
hpr	14	52	2.85
hpr	14	52	4.87
hpr	14	52	4.71
hpr	14	52	2.82
hpr	14	52	2.04
hpr	14	52	3.16
hpr	14	52	3.18
hpr	14	52	3.31
hpr	14	52	1.8
hpr	14	52	3.63
hpr	14	54	4.44
hpr	14	54	4.72
hpr	14	54	4.65
hpr	14	54	4.48
hpr	14	54	3.58
hpr	14	54	3.96
hpr	14	54	2.93
hpr	14	54	1.91
hpr	14	54	3.56
hpr	14	54	3.04
hpr	14	54	4.21
hpr	14	54	4.26
hpr	14	54	4.17
hpr	14	54	3.79
hpr	14	54	5.07
hpr	14	54	3.97
hpr	14	54	4.6
hpr	14	54	4.54
hpr	14	54	3.93
hpr	14	54	4.14
hpr	14	54	3.19
hpr	14	54	3.95
hpr	14	54	3.05
hpr	14	54	3.07
hpr	14	54	4.31
hpr	14	54	4.46
hpr	14	54	4.07
hpr	14	54	5.25
hpr	14	54	4.05
hpr	14	54	3.05
hpr	14	54	4.8
hpr	14	54	4.32
hpr	14	54	3.76
hpr	14	54	3.16
hpr	14	54	4.94
hpr	14	54	3.98
hpr	14	54	3.29
hpr	14	54	5.03
hpr	14	54	4.97
hpr	14	54	2.27
hpr	14	54	3.29
hpr	14	54	5.67
hpr	14	54	3.24
hpr	14	54	4.08
hpr	14	54	3.85
hpr	14	54	2.99
hpr	14	54	4.93
hpr	14	54	4.81
hpr	14	54	3.88
hpr	14	54	2.08
hpr	14	56	4.81
hpr	14	56	3.85
hpr	14	56	4.39
hpr	14	56	5.13
hpr	14	56	5.52
hpr	14	56	5.86
hpr	14	56	5.21
hpr	14	56	2.8
hpr	14	56	4.31
hpr	14	56	4.98
hpr	14	56	5.63
hpr	14	56	5.14
hpr	14	56	5.84
hpr	14	56	4.94
hpr	14	56	3.48
hpr	14	56	4.35
hpr	14	56	4.64
hpr	14	56	4.92
hpr	14	56	5.42
hpr	14	56	5.21
hpr	14	56	4.64
hpr	14	56	4.56
hpr	14	56	4.69
hpr	14	56	4.96
hpr	14	56	5.81
hpr	14	56	6.4
hpr	14	56	4.39
hpr	14	56	5.92
hpr	14	56	3.77
hpr	14	56	4.83
hpr	14	56	4.75
hpr	14	56	5.48
hpr	14	56	3.01
hpr	14	56	5.39
hpr	14	56	5.56
hpr	14	56	5.52
hpr	14	56	6.33
hpr	14	56	6.27
hpr	14	56	2.25
hpr	14	56	4.36
hpr	14	56	5.79
hpr	14	56	4.89
hpr	14	56	4.62
hpr	14	56	4
hpr	14	56	3.62
hpr	14	56	5.93
hpr	14	56	2.69
hpr	14	56	3.72
hpr	14	56	3.62
hpr	14	56	5.69
hpr	14	58	3.84
hpr	14	58	4.82
hpr	14	58	5.52
hpr	14	58	4.95
hpr	14	58	5.08
hpr	14	58	5.64
hpr	14	58	5.83
hpr	14	58	4.62
hpr	14	58	7.41
hpr	14	58	7.43
hpr	14	58	7.05
hpr	14	58	7.12
hpr	14	58	6.55
hpr	14	58	6.73
hpr	14	58	6.45
hpr	14	58	6.03
hpr	14	58	7.3
hpr	14	58	5.17
hpr	14	58	4.11
hpr	14	58	6.77
hpr	14	58	5.03
hpr	14	58	6.41
hpr	14	58	5.75
hpr	14	58	6.33
hpr	14	58	3.35
hpr	14	58	6.67
hpr	14	58	5.47
hpr	14	58	5.33
hpr	14	58	4.94
hpr	14	58	4.8
hpr	14	58	4.3
hpr	14	58	6.3
hpr	14	58	6.33
hpr	14	58	6.18
hpr	14	58	4.98
hpr	14	58	6.44
hpr	14	58	6.52
hpr	14	58	5.92
hpr	14	58	6.32
hpr	14	58	6.42
hpr	14	58	5.74
hpr	14	58	6.53
hpr	14	58	4.19
hpr	14	58	3.9
hpr	14	58	5.02
hpr	14	58	5.2
hpr	14	58	6.63
hpr	14	58	5.87
hpr	14	58	7.27
hpr	14	58	5.72
hpr	14	60	7.48
hpr	14	60	9.08
hpr	14	60	7
hpr	14	60	7.81
hpr	14	60	5.94
hpr	14	60	4.77
hpr	14	60	8.14
hpr	14	60	5.24
hpr	14	60	6.58
hpr	14	60	4.55
hpr	14	60	6.42
hpr	14	60	5.46
hpr	14	60	6.3
hpr	14	60	4.13
hpr	14	60	5.29
hpr	14	60	6.34
hpr	14	60	6.02
hpr	14	60	7.1
hpr	14	60	6.13
hpr	14	60	4.51
hpr	14	60	6.65
hpr	14	60	6.48
hpr	14	60	6.14
hpr	14	60	6.87
hpr	14	60	7.16
hpr	14	60	5.66
hpr	14	60	6.66
hpr	14	60	6.85
hpr	14	60	5.89
hpr	14	60	5
hpr	14	60	6.2
hpr	14	60	6.84
hpr	14	60	7.09
hpr	14	60	4.46
hpr	14	60	7.22
hpr	14	60	8
hpr	14	60	6.45
hpr	14	60	8.65
hpr	14	60	7.07
hpr	14	60	5.69
hpr	14	60	6.07
hpr	14	60	5.44
hpr	14	60	5.21
hpr	14	60	7.2
hpr	14	60	6.12
hpr	14	60	6.24
hpr	14	60	5.86
hpr	14	60	6.96
hpr	14	60	7.38
hpr	14	60	8.51
hpr	14	62	6.1
hpr	14	62	6.84
hpr	14	62	5.75
hpr	14	62	8.25
hpr	14	62	7.36
hpr	14	62	8.91
hpr	14	62	6.05
hpr	14	62	8.68
hpr	14	62	6.42
hpr	14	62	7.99
hpr	14	62	8.06
hpr	14	62	5.68
hpr	14	62	8.06
hpr	14	62	5.99
hpr	14	62	7
hpr	14	62	6.71
hpr	14	62	8.49
hpr	14	62	5.01
hpr	14	62	8.4
hpr	14	62	7.54
hpr	14	62	6.12
hpr	14	62	7.99
hpr	14	62	8.77
hpr	14	62	7.16
hpr	14	62	6.37
hpr	14	62	8.38
hpr	14	62	4.52
hpr	14	62	7.01
hpr	14	62	9.3
hpr	14	62	8.31
hpr	14	62	8.24
hpr	14	62	2.92
hpr	14	62	6.79
hpr	14	62	5.37
hpr	14	62	6.15
hpr	14	62	3.51
hpr	14	62	5.04
hpr	14	62	4.9
hpr	14	62	8.34
hpr	14	62	8.76
hpr	14	62	8.09
hpr	14	62	6.41
hpr	14	62	6.4
hpr	14	62	6.03
hpr	14	62	8.52
hpr	14	62	9
hpr	14	62	6.87
hpr	14	62	7.63
hpr	14	62	8.51
hpr	14	62	6.77
hpr	14	64	9.27
hpr	14	64	9.31
hpr	14	64	7.1
hpr	14	64	10.2
hpr	14	64	9.3
hpr	14	64	8.02
hpr	14	64	8.9
hpr	14	64	7.93
hpr	14	64	8.54
hpr	14	64	8.63
hpr	14	64	10.8
hpr	14	64	7.33
hpr	14	64	8.9
hpr	14	64	9.97
hpr	14	64	7.76
hpr	14	64	7.64
hpr	14	64	6.2
hpr	14	64	9.55
hpr	14	64	9.69
hpr	14	64	8.41
hpr	14	64	10.7
hpr	14	64	7.55
hpr	14	64	8.26
hpr	14	64	3.64
hpr	14	64	6.15
hpr	14	64	7.92
hpr	14	64	9.76
hpr	14	64	7.88
hpr	14	64	8.08
hpr	14	64	7.81
hpr	14	64	10.3
hpr	14	64	9.71
hpr	14	64	6.9
hpr	14	64	9.36
hpr	14	64	8.17
hpr	14	64	7.6
hpr	14	64	8.46
hpr	14	64	10.9
hpr	14	64	9.58
hpr	14	64	10.1
hpr	14	64	5.63
hpr	14	64	7.55
hpr	14	64	8.1
hpr	14	64	10.8
hpr	14	64	10.5
hpr	14	64	9.31
hpr	14	64	8.4
hpr	14	64	6.33
hpr	14	64	8.61
hpr	14	64	11.3
hpr	14	66	7.21
hpr	14	66	10.8
hpr	14	66	9.33
hpr	14	66	8.49
hpr	14	66	5.01
hpr	14	66	10.7
hpr	14	66	8.53
hpr	14	66	8.44
hpr	14	66	9.99
hpr	14	66	5.99
hpr	14	66	10.7
hpr	14	66	13.1
hpr	14	66	5.82
hpr	14	66	11.2
hpr	14	66	10.4
hpr	14	66	7.63
hpr	14	66	7.89
hpr	14	66	11.7
hpr	14	66	12.6
hpr	14	66	10
hpr	14	66	8.04
hpr	14	66	9.67
hpr	14	66	9.5
hpr	14	66	7.83
hpr	14	66	10.6
hpr	14	66	10.5
hpr	14	66	12.2
hpr	14	66	10.8
hpr	14	66	9.72
hpr	14	66	7.27
hpr	14	66	7.39
hpr	14	66	8.22
hpr	14	66	10.8
hpr	14	66	9.8
hpr	14	66	8.72
hpr	14	66	8.98
hpr	14	66	8.5
hpr	14	66	8.36
hpr	14	66	8.05
hpr	14	66	10.8
hpr	14	66	10.4
hpr	14	66	10.9
hpr	14	66	10.2
hpr	14	66	10.7
hpr	14	66	9.11
hpr	14	66	11.9
hpr	14	66	11.6
hpr	14	66	8.03
hpr	14	66	8.11
hpr	14	66	10.9
hpr	14	68	9.62
hpr	14	68	12.3
hpr	14	68	10.9
hpr	14	68	7.5
hpr	14	68	10.5
hpr	14	68	10.2
hpr	14	68	9.56
hpr	14	68	8.57
hpr	14	68	9.43
hpr	14	68	10.1
hpr	14	68	8.93
hpr	14	68	12.2
hpr	14	68	10.8
hpr	14	68	10.4
hpr	14	68	9.66
hpr	14	68	10.3
hpr	14	68	8.96
hpr	14	68	9.01
hpr	14	68	12.6
hpr	14	68	6.46
hpr	14	68	10.8
hpr	14	68	7.03
hpr	14	68	11
hpr	14	68	6.57
hpr	14	68	10.4
hpr	14	68	9.52
hpr	14	68	8.96
hpr	14	68	11
hpr	14	68	11.5
hpr	14	68	11.9
hpr	14	68	8.94
hpr	14	68	11.4
hpr	14	68	9.74
hpr	14	68	7.42
hpr	14	68	9.43
hpr	14	68	10.3
hpr	14	68	10.3
hpr	14	68	5.44
hpr	14	68	12.4
hpr	14	68	11.1
hpr	14	68	13.4
hpr	14	68	11.1
hpr	14	68	10.7
hpr	14	68	12.5
hpr	14	68	11.1
hpr	14	68	10.9
hpr	14	68	8.92
hpr	14	68	7.99
hpr	14	68	10.6
hpr	14	68	8.91
hpr	14	70	11.7
hpr	14	70	10.5
hpr	14	70	8.57
hpr	14	70	13.9
hpr	14	70	11.8
hpr	14	70	9.42
hpr	14	70	11.5
hpr	14	70	9.97
hpr	14	70	10.5
hpr	14	70	12.7
hpr	14	70	6.63
hpr	14	70	12.7
hpr	14	70	11.4
hpr	14	70	12.4
hpr	14	70	13.5
hpr	14	70	8.59
hpr	14	70	11.5
hpr	14	70	10.4
hpr	14	70	9.76
hpr	14	70	7.56
hpr	14	70	11.7
hpr	14	70	12
hpr	14	70	12.1
hpr	14	70	12
hpr	14	70	11.4
hpr	14	70	14.7
hpr	14	70	9.72
hpr	14	70	7.63
hpr	14	70	9.87
hpr	14	70	12.5
hpr	14	70	7.52
hpr	14	70	8.39
hpr	14	70	11.7
hpr	14	70	14.2
hpr	14	70	9.76
hpr	14	70	14.8
hpr	14	70	9.64
hpr	14	70	11.2
hpr	14	70	12.4
hpr	14	70	9.83
hpr	14	70	5.38
hpr	14	70	9.16
hpr	14	70	9.51
hpr	14	70	13.8
hpr	14	70	12.2
hpr	14	70	10.2
hpr	14	70	7.84
hpr	14	70	10.7
hpr	14	70	11.6
hpr	14	70	9.98
hpr	14	72	10.6
hpr	14	72	10.4
hpr	14	72	9.96
hpr	14	72	5.85
hpr	14	72	9.51
hpr	14	72	14.5
hpr	14	72	11.5
hpr	14	72	10.4
hpr	14	72	12.4
hpr	14	72	9.84
hpr	14	72	9.84
hpr	14	72	9.57
hpr	14	72	13.2
hpr	14	72	10.2
hpr	14	72	11.6
hpr	14	72	13.2
hpr	14	72	13.1
hpr	14	72	13.5
hpr	14	72	10.5
hpr	14	72	8.24
hpr	14	72	12.3
hpr	14	72	8.98
hpr	14	72	10.7
hpr	14	72	8.3
hpr	14	72	11.3
hpr	14	72	11.3
hpr	14	72	11.4
hpr	14	72	10.1
hpr	14	72	9.61
hpr	14	72	10.6
hpr	14	72	11.5
hpr	14	72	9.25
hpr	14	72	12.3
hpr	14	72	9.1
hpr	14	72	11.7
hpr	14	72	11
hpr	14	72	13.1
hpr	14	72	6.37
hpr	14	72	12.4
hpr	14	72	10.6
hpr	14	72	10.9
hpr	14	72	9.53
hpr	14	72	7.02
hpr	14	72	9.72
hpr	14	72	8.45
hpr	14	72	11.3
hpr	14	72	14
hpr	14	72	6.54
hpr	14	72	10
hpr	14	72	14.1
hpr	14	74	12.4
hpr	14	74	8.29
hpr	14	74	10.8
hpr	14	74	7.75
hpr	14	74	9.37
hpr	14	74	10.7
hpr	14	74	9.46
hpr	14	74	12.2
hpr	14	74	7.17
hpr	14	74	8.14
hpr	14	74	9.24
hpr	14	74	7.3
hpr	14	74	12.2
hpr	14	74	9.93
hpr	14	74	12
hpr	14	74	8.9
hpr	14	74	14.3
hpr	14	74	5.28
hpr	14	74	9.16
hpr	14	74	8.89
hpr	14	74	12.6
hpr	14	74	11.8
hpr	14	74	10.8
hpr	14	74	4.83
hpr	14	74	11.4
hpr	14	74	9.72
hpr	14	74	12.8
hpr	14	74	9.36
hpr	14	74	9.37
hpr	14	74	11
hpr	14	74	7.34
hpr	14	74	4.17
hpr	14	74	8.37
hpr	14	74	13.4
hpr	14	74	6.53
hpr	14	74	13.5
hpr	14	74	8.85
hpr	14	74	10.5
hpr	14	74	11.5
hpr	14	74	9.24
hpr	14	74	2.75
hpr	14	74	10.6
hpr	14	74	13.7
hpr	14	74	12.3
hpr	14	74	11.2
hpr	14	74	8.3
hpr	14	74	10.7
hpr	14	74	12.2
hpr	14	74	13.4
hpr	14	74	9.97
hpr	14	76	7.64
hpr	14	76	16
hpr	14	76	10.2
hpr	14	76	5.44
hpr	14	76	9.69
hpr	14	76	8.01
hpr	14	76	12.6
hpr	14	76	9.18
hpr	14	76	11.6
hpr	14	76	11.8
hpr	14	76	14.1
hpr	14	76	13.3
hpr	14	76	10.8
hpr	14	76	10.8
hpr	14	76	10.9
hpr	14	76	10.9
hpr	14	76	9.27
hpr	14	76	14.3
hpr	14	76	14.9
hpr	14	76	8.19
hpr	14	76	13.7
hpr	14	76	11.4
hpr	14	76	14
hpr	14	76	10.1
hpr	14	76	11.3
hpr	14	76	12.4
hpr	14	76	11.5
hpr	14	76	8.52
hpr	14	76	13.4
hpr	14	76	11.7
hpr	14	76	10.7
hpr	14	76	8.54
hpr	14	76	12.4
hpr	14	76	14.3
hpr	14	76	11.8
hpr	14	76	10.2
hpr	14	76	11.2
hpr	14	76	12.8
hpr	14	76	9.87
hpr	14	76	8.43
hpr	14	76	12
hpr	14	76	8.36
hpr	14	76	13
hpr	14	76	13.8
hpr	14	76	10.6
hpr	14	76	10.4
hpr	14	76	6.91
hpr	14	76	11.1
hpr	14	76	9.67
hpr	14	76	7.6
hpr	14	78	11
hpr	14	78	5.84
hpr	14	78	11.2
hpr	14	78	9.54
hpr	14	78	12.7
hpr	14	78	9.09
hpr	14	78	6
hpr	14	78	12.5
hpr	14	78	9.49
hpr	14	78	7.43
hpr	14	78	8.75
hpr	14	78	5.91
hpr	14	78	8.87
hpr	14	78	8.56
hpr	14	78	10.1
hpr	14	78	8.65
hpr	14	78	12
hpr	14	78	11.2
hpr	14	78	10.2
hpr	14	78	10.6
hpr	14	78	6.19
hpr	14	78	4.58
hpr	14	78	5.11
hpr	14	78	11
hpr	14	78	5.4
hpr	14	78	9.08
hpr	14	78	9.71
hpr	14	78	12.1
hpr	14	78	5.76
hpr	14	78	10.5
hpr	14	78	9.5
hpr	14	78	7.43
hpr	14	78	8.65
hpr	14	78	14.1
hpr	14	78	9.18
hpr	14	78	10
hpr	14	78	10.4
hpr	14	78	8.23
hpr	14	78	9.46
hpr	14	78	14.2
hpr	14	78	8.75
hpr	14	78	6.78
hpr	14	78	4.58
hpr	14	78	6.04
hpr	14	78	5.17
hpr	14	78	11.4
hpr	14	78	7.7
hpr	14	78	11.3
hpr	14	78	11.9
hpr	14	78	6.3
hpr	14	80	12.4
hpr	14	80	13.5
hpr	14	80	8.38
hpr	14	80	9.61
hpr	14	80	10.3
hpr	14	80	7.32
hpr	14	80	8.59
hpr	14	80	9.26
hpr	14	80	6.13
hpr	14	80	13.4
hpr	14	80	6.96
hpr	14	80	10.6
hpr	14	80	9.78
hpr	14	80	8.34
hpr	14	80	10.6
hpr	14	80	9.42
hpr	14	80	11.4
hpr	14	80	9.64
hpr	14	80	10.2
hpr	14	80	7.4
hpr	14	80	14.9
hpr	14	80	12.6
hpr	14	80	9.65
hpr	14	80	10.3
hpr	14	80	5.73
hpr	14	80	9.95
hpr	14	80	5.15
hpr	14	80	4.69
hpr	14	80	8.76
hpr	14	80	5.38
hpr	14	80	9.26
hpr	14	80	9.65
hpr	14	80	7.35
hpr	14	80	8.28
hpr	14	80	7.82
hpr	14	80	12.3
hpr	14	80	9.11
hpr	14	80	6.3
hpr	14	80	13.6
hpr	14	80	5.1
hpr	14	80	9.24
hpr	14	80	7.37
hpr	14	80	12.4
hpr	14	80	8.93
hpr	14	80	4.04
hpr	14	80	7.08
hpr	14	80	12.6
hpr	14	80	7.64
hpr	14	80	9.65
hpr	14	80	10.9
hpr	14	82	7.25
hpr	14	82	3.88
hpr	14	82	5.1
hpr	14	82	6.26
hpr	14	82	7.32
hpr	14	82	8.27
hpr	14	82	8.53
hpr	14	82	7.77
hpr	14	82	5.7
hpr	14	82	4.9
hpr	14	82	8.72
hpr	14	82	7.96
hpr	14	82	9.96
hpr	14	82	5.36
hpr	14	82	5.24
hpr	14	82	6.36
hpr	14	82	6.92
hpr	14	82	9.13
hpr	14	82	7.44
hpr	14	82	7.32
hpr	14	82	3.35
hpr	14	82	9.19
hpr	14	82	5.03
hpr	14	82	7.31
hpr	14	82	11
hpr	14	82	6.73
hpr	14	82	11
hpr	14	82	10.3
hpr	14	82	10.1
hpr	14	82	9.5
hpr	14	82	7.99
hpr	14	82	10.4
hpr	14	82	11.7
hpr	14	82	5.29
hpr	14	82	6.62
hpr	14	82	5.5
hpr	14	82	6.98
hpr	14	82	5.94
hpr	14	82	7.43
hpr	14	82	5.94
hpr	14	82	6.9
hpr	14	82	10.2
hpr	14	82	2.92
hpr	14	82	8.46
hpr	14	82	10.5
hpr	14	82	4.57
hpr	14	82	8.68
hpr	14	82	6.19
hpr	14	82	7.16
hpr	14	82	6.3
hpr	14	84	6.61
hpr	14	84	4.58
hpr	14	84	6.19
hpr	14	84	5.24
hpr	14	84	6.65
hpr	14	84	6.1
hpr	14	84	3.78
hpr	14	84	6.48
hpr	14	84	5.89
hpr	14	84	7.18
hpr	14	84	2.84
hpr	14	84	6.16
hpr	14	84	5.21
hpr	14	84	5.65
hpr	14	84	6.66
hpr	14	84	4.74
hpr	14	84	7.43
hpr	14	84	4.59
hpr	14	84	6.82
hpr	14	84	5.21
hpr	14	84	5.52
hpr	14	84	7.08
hpr	14	84	5.42
hpr	14	84	5.09
hpr	14	84	4.9
hpr	14	84	5.26
hpr	14	84	5.04
hpr	14	84	5.49
hpr	14	84	5.96
hpr	14	84	4.44
hpr	14	84	7.18
hpr	14	84	4.15
hpr	14	84	5.15
hpr	14	84	4.71
hpr	14	84	6.37
hpr	14	84	2.23
hpr	14	84	5.84
hpr	14	84	5.88
hpr	14	84	5.11
hpr	14	84	7.99
hpr	14	84	5.91
hpr	14	84	5.83
hpr	14	84	4.92
hpr	14	84	6.81
hpr	14	84	6.09
hpr	14	84	3.29
hpr	14	84	5.34
hpr	14	84	7.03
hpr	14	84	3.48
hpr	14	84	6.07
hpr	14	86	5.45
hpr	14	86	5.13
hpr	14	86	3.95
hpr	14	86	4.5
hpr	14	86	3.59
hpr	14	86	4.35
hpr	14	86	2.99
hpr	14	86	3.72
hpr	14	86	3.53
hpr	14	86	2.59
hpr	14	86	5.16
hpr	14	86	2.3
hpr	14	86	4.17
hpr	14	86	3.44
hpr	14	86	5.67
hpr	14	86	4.46
hpr	14	86	4.97
hpr	14	86	4.99
hpr	14	86	4.27
hpr	14	86	4.06
hpr	14	86	3.32
hpr	14	86	4.35
hpr	14	86	6.01
hpr	14	86	3.41
hpr	14	86	2.72
hpr	14	86	3.76
hpr	14	86	3.22
hpr	14	86	2.24
hpr	14	86	4.13
hpr	14	86	4.4
hpr	14	86	5.18
hpr	14	86	3.95
hpr	14	86	3.81
hpr	14	86	4.31
hpr	14	86	4.13
hpr	14	86	5.37
hpr	14	86	4.04
hpr	14	86	4.35
hpr	14	86	4.13
hpr	14	86	3.92
hpr	14	86	3.69
hpr	14	86	3.72
hpr	14	86	3.64
hpr	14	86	4.75
hpr	14	86	5.27
hpr	14	86	3.43
hpr	14	86	5.46
hpr	14	86	4.11
hpr	14	86	5.14
hpr	14	86	5.17
hpr	14	88	2.11
hpr	14	88	3.81
hpr	14	88	2.32
hpr	14	88	3.09
hpr	14	88	3.31
hpr	14	88	2.91
hpr	14	88	3.18
hpr	14	88	2.52
hpr	14	88	3.71
hpr	14	88	2.51
hpr	14	88	3.31
hpr	14	88	3.13
hpr	14	88	3.4
hpr	14	88	3.25
hpr	14	88	3.53
hpr	14	88	2.28
hpr	14	88	2.87
hpr	14	88	3.23
hpr	14	88	2.15
hpr	14	88	3.16
hpr	14	88	2.63
hpr	14	88	3.31
hpr	14	88	2.81
hpr	14	88	2.44
hpr	14	88	4.6
hpr	14	88	2.75
hpr	14	88	2.49
hpr	14	88	3.63
hpr	14	88	3.48
hpr	14	88	1.52
hpr	14	88	3.99
hpr	14	88	2.78
hpr	14	88	3.34
hpr	14	88	2.9
hpr	14	88	2.06
hpr	14	88	2.37
hpr	14	88	3.47
hpr	14	88	3.03
hpr	14	88	3.06
hpr	14	88	2.62
hpr	14	88	3.67
hpr	14	88	2.51
hpr	14	88	2.38
hpr	14	88	3.91
hpr	14	88	3.01
hpr	14	88	2.95
hpr	14	88	2.94
hpr	14	88	3.07
hpr	14	88	2.07
hpr	14	88	2.5
hpr	14	90	2.1
hpr	14	90	2.14
hpr	14	90	2.11
hpr	14	90	2.02
hpr	14	90	2.55
hpr	14	90	2.33
hpr	14	90	2.47
hpr	14	90	2.2
hpr	14	90	2.28
hpr	14	90	2.1
hpr	14	90	1.7
hpr	14	90	2.47
hpr	14	90	2.15
hpr	14	90	2.42
hpr	14	90	2.01
hpr	14	90	2.32
hpr	14	90	2.45
hpr	14	90	2.11
hpr	14	90	2.3
hpr	14	90	2.46
hpr	14	90	2.6
hpr	14	90	2.47
hpr	14	90	2.07
hpr	14	90	2.12
hpr	14	90	2.08
hpr	14	90	2.34
hpr	14	90	2.28
hpr	14	90	2.15
hpr	14	90	1.8
hpr	14	90	2.1
hpr	14	90	2.35
hpr	14	90	1.92
hpr	14	90	1.72
hpr	14	90	2.4
hpr	14	90	2.28
hpr	14	90	2.5
hpr	14	90	2.11
hpr	14	90	2.48
hpr	14	90	2.52
hpr	14	90	1.88
hpr	14	90	1.88
hpr	14	90	1.74
hpr	14	90	2.52
hpr	14	90	2.5
hpr	14	90	1.97
hpr	14	90	1.98
hpr	14	90	1.96
hpr	14	90	2.52
hpr	14	90	1.9
hpr	14	90	1.37
bj	12	14	0
bj	11	14	0
bj	12	14	0
bj	12	14	0
bj	13	14	0
bj	13	14	0
bj	12	14	0
bj	12	14	0
bj	12	14	0
bj	13	14	0
bj	13	14	0
bj	12	14	0
bj	13	14	0
bj	14	14	0
bj	13	14	0
bj	10	14	0
bj	12	14	0
bj	13	14	0
bj	12	14	0
bj	11	14	0
bj	13	14	0
bj	11	14	0
bj	14	14	0
bj	13	14	0
bj	13	14	0
bj	13	14	0
bj	11	14	0
bj	12	14	0
bj	11	14	0
bj	13	14	0
bj	11	14	0
bj	13	14	0
bj	13	14	0
bj	11	14	0
bj	11	14	0
bj	12	14	0
bj	11	14	0
bj	12	14	0
bj	12	14	0
bj	13	14	0
bj	13	14	0
bj	11	14	0
bj	12	14	0
bj	12	14	0
bj	11	14	0
bj	13	14	0
bj	13	14	0
bj	11	14	0
bj	14	14	0
bj	11	14	0
bj	12	16	0
bj	13	16	0
bj	13	16	0
bj	12	16	0
bj	13	16	0
bj	13	16	0
bj	13	16	0
bj	13	16	0
bj	13	16	0
bj	14	16	0
bj	12	16	0
bj	14	16	0
bj	14	16	0
bj	14	16	0
bj	14	16	0
bj	12	16	0
bj	13	16	0
bj	13	16	0
bj	13	16	0
bj	14	16	0
bj	13	16	0
bj	13	16	0
bj	13	16	0
bj	12	16	0
bj	14	16	0
bj	13	16	0
bj	13	16	0
bj	12	16	0
bj	13	16	0
bj	12	16	0
bj	12	16	0
bj	12	16	0
bj	11	16	0
bj	14	16	0
bj	13	16	0
bj	13	16	0
bj	14	16	0
bj	13	16	0
bj	12	16	0
bj	13	16	0
bj	14	16	0
bj	14	16	0
bj	13	16	0
bj	13	16	0
bj	13	16	0
bj	13	16	0
bj	14	16	0
bj	12	16	0
bj	11	16	0
bj	12	16	0
bj	13	18	0.00333
bj	14	18	0
bj	13	18	0
bj	12	18	0
bj	14	18	0
bj	13	18	0
bj	14	18	0
bj	14	18	0
bj	14	18	0
bj	14	18	0
bj	13	18	0
bj	14	18	0
bj	13	18	0
bj	13	18	0
bj	14	18	0
bj	14	18	0
bj	13	18	0
bj	13	18	0
bj	14	18	0
bj	14	18	0
bj	13	18	0
bj	13	18	0
bj	14	18	0
bj	14	18	0
bj	14	18	0
bj	13	18	0
bj	13	18	0
bj	13	18	0
bj	13	18	0
bj	14	18	0
bj	14	18	0
bj	14	18	0
bj	13	18	0
bj	14	18	0
bj	14	18	0
bj	12	18	0
bj	13	18	0
bj	14	18	0
bj	14	18	0
bj	14	18	0
bj	13	18	0
bj	12	18	0
bj	13	18	0
bj	12	18	0
bj	11	18	0
bj	14	18	0
bj	13	18	0
bj	13	18	0
bj	13	18	0
bj	14	18	0
bj	13	20	0.00333
bj	14	20	0
bj	14	20	0
bj	13	20	0.00333
bj	14	20	0.00333
bj	14	20	0
bj	12	20	0.00333
bj	14	20	0
bj	13	20	0.00333
bj	14	20	0
bj	13	20	0
bj	14	20	0
bj	14	20	0.00333
bj	14	20	0
bj	13	20	0
bj	14	20	0
bj	14	20	0
bj	14	20	0
bj	14	20	0
bj	14	20	0
bj	14	20	0
bj	14	20	0
bj	14	20	0
bj	14	20	0
bj	14	20	0
bj	13	20	0.00333
bj	14	20	0
bj	13	20	0
bj	14	20	0
bj	13	20	0
bj	12	20	0
bj	14	20	0.00333
bj	13	20	0
bj	14	20	0
bj	13	20	0
bj	14	20	0
bj	14	20	0
bj	14	20	0
bj	14	20	0
bj	13	20	0
bj	12	20	0
bj	13	20	0.00333
bj	14	20	0
bj	14	20	0
bj	14	20	0
bj	14	20	0
bj	14	20	0
bj	14	20	0
bj	14	20	0
bj	13	20	0
bj	14	22	0.00333
bj	13	22	0.00667
bj	14	22	0.00667
bj	13	22	0.00333
bj	14	22	0.00333
bj	14	22	0.00333
bj	13	22	0.00333
bj	13	22	0
bj	14	22	0.00333
bj	14	22	0.00333
bj	14	22	0.00667
bj	14	22	0
bj	14	22	0.00333
bj	14	22	0.00333
bj	13	22	0.00333
bj	13	22	0.00333
bj	14	22	0.00333
bj	13	22	0.00333
bj	14	22	0.00333
bj	13	22	0.00333
bj	12	22	0.00333
bj	14	22	0.00333
bj	14	22	0
bj	13	22	0
bj	13	22	0.00333
bj	14	22	0.00333
bj	14	22	0.00333
bj	14	22	0.00333
bj	13	22	0.00333
bj	14	22	0.00333
bj	14	22	0.00333
bj	14	22	0.00333
bj	14	22	0.00333
bj	14	22	0.00333
bj	14	22	0.00333
bj	14	22	0.00333
bj	14	22	0
bj	12	22	0.00333
bj	14	22	0.00333
bj	14	22	0.00333
bj	14	22	0.00333
bj	14	22	0.00333
bj	14	22	0
bj	14	22	0.00333
bj	14	22	0.00333
bj	14	22	0.00333
bj	14	22	0
bj	14	22	0.00333
bj	13	22	0.00333
bj	13	22	0.00333
bj	14	24	0.00333
bj	14	24	0.00333
bj	14	24	0.00667
bj	14	24	0.00333
bj	13	24	0.00667
bj	14	24	0.00333
bj	14	24	0.00667
bj	14	24	0.00333
bj	14	24	0.00333
bj	14	24	0.00333
bj	14	24	0.00333
bj	14	24	0.00667
bj	13	24	0.00333
bj	14	24	0.00667
bj	14	24	0.00667
bj	14	24	0.00333
bj	14	24	0.00333
bj	14	24	0.00333
bj	14	24	0.00333
bj	14	24	0.00667
bj	14	24	0.00333
bj	14	24	0.00333
bj	13	24	0
bj	14	24	0.00333
bj	14	24	0.00667
bj	13	24	0.00667
bj	14	24	0.00333
bj	14	24	0.00667
bj	14	24	0.00667
bj	13	24	0.01
bj	14	24	0.00667
bj	14	24	0.00333
bj	14	24	0.00333
bj	14	24	0.00333
bj	14	24	0.00667
bj	13	24	0
bj	13	24	0.00333
bj	14	24	0.00333
bj	14	24	0.00333
bj	14	24	0.00333
bj	14	24	0.00333
bj	14	24	0.00333
bj	14	24	0.00333
bj	14	24	0.00333
bj	13	24	0.00333
bj	14	24	0
bj	14	24	0.00333
bj	14	24	0.00333
bj	14	24	0.00333
bj	14	24	0.00333
bj	13	26	0.00667
bj	14	26	0.00333
bj	14	26	0.0133
bj	14	26	0.00667
bj	14	26	0.00667
bj	14	26	0.00333
bj	14	26	0.01
bj	14	26	0.0133
bj	14	26	0.0133
bj	14	26	0.00667
bj	14	26	0.00333
bj	14	26	0.00333
bj	14	26	0.01
bj	14	26	0.00667
bj	14	26	0.00667
bj	14	26	0.00667
bj	14	26	0.00667
bj	14	26	0.01
bj	14	26	0.00667
bj	14	26	0.00333
bj	14	26	0.00333
bj	14	26	0
bj	14	26	0.00667
bj	14	26	0.00667
bj	12	26	0.01
bj	14	26	0.01
bj	14	26	0.00333
bj	14	26	0.01
bj	14	26	0.00667
bj	14	26	0.0133
bj	14	26	0.00333
bj	14	26	0.00333
bj	14	26	0.00667
bj	14	26	0.00333
bj	14	26	0.00667
bj	14	26	0.0133
bj	14	26	0.00333
bj	14	26	0.01
bj	14	26	0.00333
bj	14	26	0
bj	14	26	0.00333
bj	13	26	0.01
bj	14	26	0.00333
bj	14	26	0.00667
bj	14	26	0.00333
bj	14	26	0.00667
bj	14	26	0.00667
bj	14	26	0.00667
bj	14	26	0.00667
bj	14	26	0.00667
bj	14	28	0.0233
bj	14	28	0.01
bj	14	28	0.00667
bj	14	28	0.00667
bj	14	28	0.00667
bj	14	28	0.01
bj	14	28	0.01
bj	14	28	0.01
bj	14	28	0.01
bj	14	28	0.03
bj	14	28	0.00333
bj	14	28	0.00667
bj	14	28	0.0133
bj	14	28	0.00667
bj	14	28	0.00667
bj	14	28	0.02
bj	14	28	0.0133
bj	14	28	0.01
bj	14	28	0.00667
bj	14	28	0.0133
bj	14	28	0.00667
bj	14	28	0.00667
bj	14	28	0.01
bj	14	28	0.01
bj	14	28	0.0167
bj	14	28	0.00667
bj	14	28	0.00667
bj	14	28	0.0167
bj	14	28	0.0133
bj	14	28	0.00667
bj	14	28	0.0133
bj	14	28	0.01
bj	14	28	0.00667
bj	14	28	0.00667
bj	14	28	0.0167
bj	14	28	0.0133
bj	14	28	0.0133
bj	14	28	0.00667
bj	14	28	0.00667
bj	14	28	0.01
bj	14	28	0.00667
bj	14	28	0.00333
bj	14	28	0.0167
bj	14	28	0.0133
bj	14	28	0.00667
bj	14	28	0.00667
bj	14	28	0.00667
bj	14	28	0.0133
bj	14	28	0.01
bj	14	28	0.00333
bj	14	30	0.0233
bj	14	30	0.01
bj	14	30	0.0333
bj	14	30	0.01
bj	14	30	0.0233
bj	14	30	0.0167
bj	14	30	0.0133
bj	14	30	0.03
bj	14	30	0.0233
bj	14	30	0.0167
bj	14	30	0.0233
bj	14	30	0.0233
bj	14	30	0.01
bj	14	30	0.0267
bj	14	30	0.0733
bj	13	30	0.0133
bj	14	30	0.0267
bj	14	30	0.02
bj	14	30	0.0167
bj	14	30	0.03
bj	14	30	0.01
bj	14	30	0.0167
bj	14	30	0.0133
bj	14	30	0.02
bj	14	30	0.0167
bj	14	30	0.01
bj	14	30	0.0167
bj	14	30	0.05
bj	14	30	0.01
bj	14	30	0.0167
bj	14	30	0.0133
bj	14	30	0.0133
bj	14	30	0.02
bj	14	30	0.00667
bj	14	30	0.0233
bj	14	30	0.0133
bj	14	30	0.0233
bj	14	30	0.02
bj	14	30	0.0233
bj	14	30	0.0233
bj	14	30	0.02
bj	14	30	0.01
bj	14	30	0.02
bj	14	30	0.02
bj	14	30	0.0167
bj	14	30	0.00667
bj	14	30	0.0333
bj	14	30	0.0233
bj	14	30	0.0133
bj	14	30	0.01
bj	14	32	0.0233
bj	14	32	0.02
bj	14	32	0.02
bj	14	32	0.0233
bj	14	32	0.02
bj	14	32	0.0767
bj	14	32	0.02
bj	14	32	0.0333
bj	14	32	0.03
bj	14	32	0.0367
bj	14	32	0.0267
bj	14	32	0.02
bj	14	32	0.0467
bj	14	32	0.0233
bj	14	32	0.0267
bj	14	32	0.01
bj	14	32	0.0167
bj	14	32	0.0433
bj	14	32	0.03
bj	14	32	0.02
bj	14	32	0.0267
bj	14	32	0.0333
bj	14	32	0.03
bj	14	32	0.0433
bj	14	32	0.0367
bj	14	32	0.0167
bj	14	32	0.0267
bj	14	32	0.0233
bj	14	32	0.0433
bj	13	32	0.04
bj	14	32	0.0167
bj	14	32	0.0367
bj	14	32	0.0567
bj	14	32	0.03
bj	14	32	0.0433
bj	14	32	0.04
bj	14	32	0.0367
bj	14	32	0.0133
bj	14	32	0.06
bj	14	32	0.0233
bj	14	32	0.03
bj	14	32	0.03
bj	14	32	0.0333
bj	14	32	0.0167
bj	14	32	0.02
bj	14	32	0.01
bj	14	32	0.0567
bj	14	32	0.0267
bj	14	32	0.0467
bj	14	32	0.0333
bj	14	34	0.0267
bj	14	34	0.0333
bj	14	34	0.0167
bj	14	34	0.0267
bj	14	34	0.03
bj	14	34	0.0233
bj	14	34	0.04
bj	14	34	0.0233
bj	14	34	0.0767
bj	14	34	0.103
bj	14	34	0.183
bj	14	34	0.03
bj	14	34	0.0267
bj	14	34	0.0833
bj	14	34	0.0433
bj	14	34	0.0367
bj	14	34	0.0367
bj	14	34	0.0333
bj	14	34	0.0367
bj	14	34	0.0333
bj	14	34	0.0533
bj	14	34	0.03
bj	14	34	0.04
bj	14	34	0.0467
bj	14	34	0.06
bj	14	34	0.0733
bj	14	34	0.0333
bj	14	34	0.0733
bj	14	34	0.0333
bj	14	34	0.0167
bj	14	34	0.0433
bj	14	34	0.0633
bj	14	34	0.0233
bj	14	34	0.0467
bj	14	34	0.03
bj	14	34	0.04
bj	14	34	0.0733
bj	14	34	0.0533
bj	14	34	0.05
bj	14	34	0.08
bj	14	34	0.03
bj	14	34	0.0233
bj	14	34	0.107
bj	14	34	0.0267
bj	14	34	0.07
bj	14	34	0.0733
bj	13	34	0.0633
bj	14	34	0.0567
bj	14	34	0.18
bj	14	34	0.0467
bj	14	36	0.04
bj	14	36	0.1
bj	14	36	0.03
bj	14	36	0.0967
bj	14	36	0.06
bj	14	36	0.04
bj	14	36	0.0467
bj	14	36	0.0733
bj	14	36	0.09
bj	14	36	0.0833
bj	14	36	0.09
bj	14	36	0.0967
bj	14	36	0.06
bj	14	36	0.0333
bj	14	36	0.05
bj	14	36	0.0467
bj	14	36	0.0933
bj	14	36	0.09
bj	14	36	0.07
bj	14	36	0.113
bj	14	36	0.103
bj	14	36	0.0567
bj	14	36	0.147
bj	14	36	0.08
bj	14	36	0.08
bj	14	36	0.0367
bj	14	36	0.03
bj	14	36	0.143
bj	14	36	0.147
bj	14	36	0.0767
bj	14	36	0.177
bj	14	36	0.0567
bj	14	36	0.103
bj	14	36	0.0567
bj	14	36	0.267
bj	14	36	0.0767
bj	14	36	0.06
bj	14	36	0.0533
bj	14	36	0.04
bj	14	36	0.0467
bj	14	36	0.05
bj	14	36	0.0567
bj	14	36	0.107
bj	14	36	0.0267
bj	14	36	0.03
bj	14	36	0.0933
bj	14	36	0.19
bj	14	36	0.193
bj	14	36	0.03
bj	14	36	0.0433
bj	14	38	0.203
bj	14	38	0.133
bj	14	38	0.117
bj	14	38	0.0567
bj	14	38	0.0967
bj	14	38	0.09
bj	14	38	0.12
bj	14	38	0.127
bj	14	38	0.0733
bj	14	38	0.0667
bj	14	38	0.307
bj	14	38	0.0267
bj	14	38	0.117
bj	14	38	0.0433
bj	14	38	0.13
bj	14	38	0.15
bj	14	38	0.103
bj	14	38	0.34
bj	14	38	0.167
bj	14	38	0.0867
bj	14	38	0.14
bj	14	38	0.0533
bj	14	38	0.0967
bj	14	38	0.0467
bj	14	38	0.143
bj	14	38	0.133
bj	14	38	0.0867
bj	14	38	0.107
bj	14	38	0.0733
bj	14	38	0.15
bj	14	38	0.1
bj	14	38	0.1
bj	14	38	0.12
bj	14	38	0.223
bj	14	38	0.0667
bj	14	38	0.127
bj	14	38	0.0933
bj	14	38	0.0633
bj	14	38	0.07
bj	14	38	0.137
bj	14	38	0.0533
bj	14	38	0.103
bj	14	38	0.127
bj	14	38	0.213
bj	14	38	0.09
bj	14	38	0.133
bj	14	38	0.167
bj	14	38	0.12
bj	14	38	0.0633
bj	14	38	0.1
bj	14	40	0.223
bj	14	40	0.957
bj	14	40	0.13
bj	14	40	0.1
bj	14	40	0.483
bj	14	40	0.38
bj	14	40	0.537
bj	14	40	0.293
bj	14	40	0.35
bj	14	40	0.347
bj	14	40	0.127
bj	14	40	0.1
bj	14	40	0.31
bj	14	40	0.237
bj	14	40	0.137
bj	14	40	0.293
bj	14	40	0.223
bj	14	40	0.123
bj	14	40	0.333
bj	14	40	0.623
bj	14	40	0.247
bj	14	40	0.213
bj	14	40	0.52
bj	14	40	0.517
bj	14	40	0.233
bj	14	40	0.0767
bj	14	40	1.16
bj	14	40	0.2
bj	14	40	0.357
bj	14	40	0.43
bj	14	40	0.237
bj	14	40	1.13
bj	14	40	0.203
bj	14	40	0.15
bj	14	40	0.297
bj	14	40	0.203
bj	14	40	0.163
bj	14	40	0.103
bj	14	40	0.327
bj	14	40	0.09
bj	14	40	0.1
bj	14	40	0.16
bj	14	40	0.147
bj	14	40	0.277
bj	14	40	0.663
bj	14	40	0.353
bj	14	40	0.697
bj	14	40	0.263
bj	14	40	0.04
bj	14	40	0.127
bj	14	42	0.273
bj	14	42	0.32
bj	14	42	0.253
bj	14	42	0.383
bj	14	42	0.533
bj	14	42	0.45
bj	14	42	0.297
bj	14	42	0.237
bj	14	42	0.233
bj	14	42	0.123
bj	14	42	0.143
bj	13	42	0.117
bj	14	42	0.397
bj	14	42	0.16
bj	14	42	0.227
bj	14	42	0.39
bj	14	42	0.363
bj	14	42	0.407
bj	14	42	0.343
bj	14	42	0.41
bj	14	42	0.293
bj	14	42	0.307
bj	14	42	0.167
bj	14	42	0.32
bj	14	42	0.623
bj	14	42	0.193
bj	14	42	0.53
bj	14	42	0.7
bj	14	42	0.51
bj	14	42	0.35
bj	14	42	0.177
bj	14	42	0.22
bj	14	42	0.713
bj	14	42	0.523
bj	14	42	0.397
bj	14	42	0.177
bj	14	42	0.217
bj	14	42	0.347
bj	14	42	0.353
bj	14	42	0.1
bj	14	42	0.323
bj	14	42	0.223
bj	14	42	0.557
bj	14	42	0.22
bj	14	42	0.393
bj	14	42	0.227
bj	14	42	0.0967
bj	14	42	0.4
bj	14	42	0.12
bj	14	42	0.127
bj	14	44	0.153
bj	14	44	0.17
bj	14	44	0.773
bj	14	44	0.297
bj	14	44	0.13
bj	14	44	0.28
bj	14	44	0.437
bj	14	44	0.433
bj	14	44	0.107
bj	14	44	0.833
bj	14	44	0.247
bj	14	44	0.743
bj	14	44	0.467
bj	14	44	0.227
bj	14	44	0.603
bj	14	44	0.3
bj	14	44	1.03
bj	14	44	0.56
bj	14	44	0.38
bj	14	44	0.507
bj	14	44	0.333
bj	14	44	0.377
bj	14	44	0.163
bj	14	44	0.513
bj	14	44	0.277
bj	14	44	0.4
bj	14	44	0.61
bj	14	44	0.357
bj	14	44	0.303
bj	14	44	1.92
bj	14	44	0.543
bj	14	44	0.287
bj	14	44	0.8
bj	14	44	0.767
bj	14	44	1.2
bj	14	44	0.593
bj	14	44	0.24
bj	14	44	0.28
bj	14	44	0.203
bj	14	44	0.313
bj	14	44	0.23
bj	14	44	0.47
bj	14	44	0.173
bj	14	44	1.23
bj	14	44	0.203
bj	14	44	0.21
bj	14	44	1.31
bj	14	44	0.413
bj	14	44	0.32
bj	14	44	0.197
bj	14	46	0.593
bj	14	46	1.02
bj	14	46	0.72
bj	14	46	0.65
bj	14	46	0.697
bj	14	46	1.79
bj	14	46	0.53
bj	14	46	1.19
bj	14	46	1.41
bj	14	46	0.483
bj	14	46	0.613
bj	14	46	0.437
bj	14	46	0.513
bj	14	46	0.653
bj	14	46	0.83
bj	14	46	1.02
bj	14	46	0.15
bj	14	46	0.2
bj	14	46	0.787
bj	14	46	1.28
bj	14	46	0.713
bj	14	46	0.537
bj	14	46	0.477
bj	14	46	0.37
bj	14	46	0.43
bj	14	46	1.03
bj	14	46	0.5
bj	14	46	1.08
bj	14	46	0.5
bj	14	46	0.393
bj	14	46	1.2
bj	14	46	2.15
bj	14	46	0.53
bj	14	46	0.6
bj	14	46	0.59
bj	14	46	1.8
bj	14	46	1.35
bj	14	46	1.25
bj	14	46	0.43
bj	14	46	2.27
bj	14	46	0.313
bj	14	46	0.617
bj	14	46	0.44
bj	14	46	1.7
bj	14	46	2.24
bj	14	46	0.58
bj	14	46	0.527
bj	14	46	0.707
bj	14	46	0.293
bj	14	46	0.613
bj	14	48	0.88
bj	14	48	1.59
bj	14	48	1.26
bj	14	48	1.2
bj	14	48	0.383
bj	14	48	1.67
bj	14	48	1.28
bj	14	48	0.827
bj	14	48	0.42
bj	14	48	1.06
bj	14	48	0.917
bj	14	48	1.79
bj	14	48	0.467
bj	14	48	0.35
bj	14	48	0.85
bj	14	48	2.55
bj	14	48	0.797
bj	14	48	1.12
bj	14	48	0.65
bj	14	48	1.99
bj	14	48	0.17
bj	14	48	0.893
bj	14	48	1.37
bj	14	48	0.6
bj	14	48	1.66
bj	14	48	2.34
bj	14	48	0.39
bj	14	48	3.11
bj	14	48	0.54
bj	14	48	1.1
bj	14	48	0.353
bj	14	48	0.183
bj	14	48	1.91
bj	14	48	1.49
bj	14	48	0.643
bj	14	48	0.52
bj	14	48	2.07
bj	14	48	0.207
bj	14	48	0.987
bj	14	48	0.723
bj	14	48	1.16
bj	14	48	1.64
bj	14	48	0.33
bj	14	48	0.553
bj	14	48	1.5
bj	14	48	1.19
bj	14	48	1.06
bj	14	48	0.883
bj	14	48	1.78
bj	14	48	1.08
bj	14	50	1.55
bj	14	50	2.46
bj	14	50	1.05
bj	14	50	1.7
bj	14	50	0.95
bj	14	50	0.61
bj	14	50	0.62
bj	14	50	0.86
bj	14	50	1.77
bj	14	50	1.49
bj	14	50	1.8
bj	14	50	1.83
bj	14	50	3.2
bj	14	50	1.24
bj	14	50	3.98
bj	14	50	0.913
bj	14	50	1.57
bj	14	50	0.71
bj	14	50	1.68
bj	14	50	0.48
bj	14	50	1.18
bj	14	50	2.32
bj	14	50	1
bj	14	50	2.28
bj	14	50	3.41
bj	14	50	0.773
bj	14	50	0.68
bj	14	50	1.11
bj	14	50	2.65
bj	14	50	3.28
bj	14	50	1.91
bj	14	50	0.737
bj	14	50	4.44
bj	14	50	2
bj	14	50	0.727
bj	14	50	0.42
bj	14	50	1.77
bj	14	50	0.81
bj	14	50	1.58
bj	14	50	0.353
bj	14	50	1.71
bj	14	50	3.25
bj	14	50	1.31
bj	14	50	1.43
bj	14	50	1.48
bj	14	50	1.25
bj	14	50	1.19
bj	14	50	0.963
bj	14	50	1.52
bj	14	50	1.97
bj	14	52	1.99
bj	14	52	5.67
bj	14	52	2.67
bj	14	52	1.5
bj	14	52	1.78
bj	14	52	3.92
bj	14	52	2.84
bj	14	52	2.21
bj	14	52	3.75
bj	14	52	2.04
bj	14	52	1.12
bj	14	52	1.41
bj	14	52	2.62
bj	14	52	7.26
bj	14	52	1.95
bj	14	52	0.827
bj	14	52	2.52
bj	14	52	0.84
bj	14	52	0.72
bj	14	52	2.83
bj	14	52	7.26
bj	14	52	1.34
bj	14	52	0.68
bj	14	52	2.34
bj	14	52	1.88
bj	14	52	4.24
bj	14	52	3.68
bj	14	52	2.22
bj	14	52	0.96
bj	14	52	3.77
bj	14	52	1.49
bj	14	52	1.14
bj	14	52	1.57
bj	14	52	0.65
bj	14	52	2.76
bj	14	52	1.78
bj	14	52	3.17
bj	14	52	0.74
bj	14	52	2.53
bj	14	52	0.677
bj	14	52	1.59
bj	14	52	0.777
bj	14	52	2.07
bj	14	52	5.23
bj	14	52	2.83
bj	14	52	1.3
bj	14	52	2.06
bj	14	52	1.2
bj	14	52	1.25
bj	14	52	4.35
bj	14	54	0.52
bj	14	54	2.39
bj	14	54	2.74
bj	14	54	3.58
bj	14	54	2.82
bj	14	54	1.63
bj	14	54	0.99
bj	14	54	1.72
bj	14	54	1.54
bj	14	54	3.87
bj	14	54	3.24
bj	14	54	4.39
bj	14	54	4.35
bj	14	54	3.99
bj	14	54	3.64
bj	14	54	2.4
bj	14	54	1.72
bj	14	54	2.56
bj	14	54	3.96
bj	14	54	5.1
bj	14	54	2.04
bj	14	54	1.98
bj	14	54	1.81
bj	14	54	3.29
bj	14	54	3.1
bj	14	54	2.69
bj	14	54	1.64
bj	14	54	5.79
bj	14	54	3.04
bj	14	54	1.72
bj	14	54	1.25
bj	14	54	1.43
bj	14	54	2.1
bj	14	54	1.98
bj	14	54	3.51
bj	14	54	9.46
bj	14	54	3.63
bj	14	54	2.45
bj	14	54	4.89
bj	14	54	1.9
bj	14	54	5.02
bj	14	54	36.5
bj	14	54	3.8
bj	14	54	7
bj	14	54	2.74
bj	14	54	1.72
bj	14	54	1.34
bj	14	54	6.08
bj	14	54	2.16
bj	14	54	0.653
bj	14	56	1.58
bj	14	56	4.11
bj	14	56	5.66
bj	14	56	5.6
bj	14	56	3.06
bj	14	56	3.87
bj	14	56	12.3
bj	14	56	1.35
bj	14	56	1.51
bj	14	56	3.75
bj	14	56	4.46
bj	14	56	5.54
bj	14	56	3.22
bj	14	56	2.76
bj	14	56	8.3
bj	14	56	2.56
bj	14	56	1.63
bj	14	56	5
bj	14	56	7.13
bj	14	56	7.25
bj	14	56	2.24
bj	14	56	2.19
bj	14	56	2.43
bj	14	56	4.71
bj	14	56	1.68
bj	14	56	12.1
bj	14	56	0.843
bj	14	56	4.11
bj	14	56	6.06
bj	14	56	3.66
bj	14	56	2.63
bj	14	56	7.67
bj	14	56	1.88
bj	14	56	17.3
bj	14	56	8.9
bj	14	56	1.07
bj	14	56	1.44
bj	14	56	2.2
bj	14	56	5.93
bj	14	56	4.5
bj	14	56	2.59
bj	14	56	6.02
bj	14	56	13
bj	14	56	2.85
bj	14	56	2.77
bj	14	56	20
bj	14	56	3.82
bj	14	56	1.31
bj	14	56	12.9
bj	14	56	4.08
bj	14	58	3.31
bj	14	58	3.3
bj	14	58	4.55
bj	14	58	2.84
bj	14	58	12
bj	14	58	7.3
bj	14	58	3.66
bj	14	58	3.26
bj	14	58	7.22
bj	14	58	21.4
bj	14	58	4.43
bj	14	58	8.45
bj	14	58	5.79
bj	14	58	2.84
bj	14	58	2.21
bj	14	58	5.59
bj	14	58	5.78
bj	14	58	4.17
bj	14	58	1.66
bj	14	58	11.9
bj	14	58	3.16
bj	14	58	4.57
bj	14	58	4.31
bj	14	58	4.77
bj	14	58	3.76
bj	14	58	6.14
bj	14	58	5.37
bj	14	58	18.5
bj	14	58	3.36
bj	14	58	9.6
bj	14	58	37.4
bj	14	58	11.3
bj	14	58	7.28
bj	14	58	24.1
bj	14	58	14.7
bj	14	58	8.33
bj	14	58	4.74
bj	14	58	5.82
bj	14	58	15.1
bj	14	58	3.02
bj	14	58	14.9
bj	14	58	3.98
bj	14	58	1.84
bj	14	58	7.38
bj	14	58	10.7
bj	14	58	2.92
bj	14	58	2.45
bj	14	58	7.54
bj	14	58	4.04
bj	14	58	11
bj	14	60	2.89
bj	14	60	2.63
bj	14	60	14.2
bj	14	60	10.4
bj	14	60	3.62
bj	14	60	2.5
bj	14	60	12.9
bj	14	60	6.59
bj	14	60	10.3
bj	14	60	3
bj	14	60	9.71
bj	14	60	34.6
bj	14	60	5.97
bj	14	60	1.93
bj	14	60	1.88
bj	14	60	8.49
bj	14	60	11.9
bj	14	60	7.86
bj	14	60	16
bj	14	60	6.88
bj	14	60	10.4
bj	14	60	3.31
bj	14	60	4.05
bj	14	60	7.73
bj	14	60	16.6
bj	14	60	17.9
bj	14	60	3.9
bj	14	60	6.1
bj	14	60	13.8
bj	14	60	12.2
bj	14	60	7.81
bj	14	60	17
bj	14	60	11.2
bj	14	60	8.22
bj	14	60	7.36
bj	14	60	9.21
bj	14	60	7.05
bj	14	60	13.8
bj	14	60	4.03
bj	14	60	12.9
bj	14	60	4.56
bj	14	60	4.3
bj	14	60	1.93
bj	14	60	23.8
bj	14	60	8.97
bj	14	60	5.56
bj	14	60	2.96
bj	14	60	7.16
bj	14	60	4.31
bj	14	60	24.7
bj	14	62	7.99
bj	14	62	25.6
bj	14	62	9.7
bj	14	62	29.4
bj	14	62	6.53
bj	14	62	37.9
bj	14	62	31.2
bj	14	62	32.8
bj	14	62	9.26
bj	14	62	14.6
bj	14	62	14.5
bj	14	62	6.44
bj	14	62	11.4
bj	14	62	13.5
bj	14	62	12.6
bj	14	62	11.1
bj	14	62	8.82
bj	14	62	20.7
bj	14	62	5.07
bj	14	62	5.36
bj	14	62	9.7
bj	14	62	13.7
bj	14	62	61.5
bj	14	62	3.29
bj	14	62	5.76
bj	14	62	8.3
bj	14	62	11.1
bj	14	62	13.7
bj	14	62	29.6
bj	14	62	8.34
bj	14	62	6.47
bj	14	62	3.62
bj	14	62	11.5
bj	14	62	15.1
bj	14	62	6.57
bj	14	62	5.57
bj	14	62	21.2
bj	14	62	19.4
bj	14	62	5.63
bj	14	62	7.94
bj	14	62	9.88
bj	14	62	4.96
bj	14	62	7.55
bj	14	62	6.64
bj	14	62	8.45
bj	14	62	20.4
bj	14	62	4.65
bj	14	62	3
bj	14	62	14.6
bj	14	62	14.6
bj	14	64	31.9
bj	14	64	37.5
bj	14	64	8.62
bj	14	64	33
bj	14	64	23.9
bj	14	64	21.2
bj	14	64	14.6
bj	14	64	24.9
bj	14	64	18.6
bj	14	64	3.79
bj	14	64	10.6
bj	14	64	25.2
bj	14	64	12.2
bj	14	64	6.62
bj	14	64	10.2
bj	14	64	19.5
bj	14	64	12.3
bj	14	64	9.25
bj	14	64	13.1
bj	14	64	18
bj	14	64	9.12
bj	14	64	16.7
bj	14	64	21.6
bj	14	64	6.46
bj	14	64	26.5
bj	14	64	36.3
bj	14	64	12.2
bj	14	64	12.5
bj	14	64	18.2
bj	14	64	18.5
bj	14	64	5.93
bj	14	64	22.3
bj	14	64	29.1
bj	14	64	15.4
bj	14	64	8.26
bj	14	64	10.5
bj	14	64	18.3
bj	14	64	11
bj	14	64	8.55
bj	14	64	13.5
bj	14	64	8.73
bj	14	64	7.01
bj	14	64	10.9
bj	14	64	54
bj	14	64	17.7
bj	14	64	11
bj	14	64	11.1
bj	14	64	24
bj	14	64	5.73
bj	14	64	12.4
bj	14	66	17.5
bj	14	66	55.2
bj	14	66	10.4
bj	14	66	33.3
bj	14	66	8.25
bj	14	66	31
bj	14	66	6.98
bj	14	66	21.7
bj	14	66	23.8
bj	14	66	8.11
bj	14	66	24.4
bj	14	66	31.3
bj	14	66	4.33
bj	14	66	6.4
bj	14	66	7.49
bj	14	66	9.24
bj	14	66	29.3
bj	14	66	25.1
bj	14	66	120
bj	14	66	11.2
bj	14	66	15.1
bj	14	66	20.3
bj	14	66	3.3
bj	14	66	16.4
bj	14	66	17.4
bj	14	66	6.51
bj	14	66	6.98
bj	14	66	6.78
bj	14	66	13.3
bj	14	66	17
bj	14	66	13.5
bj	14	66	5.89
bj	14	66	9
bj	14	66	17.7
bj	14	66	15.7
bj	14	66	20.5
bj	14	66	40.5
bj	14	66	11.9
bj	14	66	27.2
bj	14	66	15
bj	14	66	5.48
bj	14	66	16.1
bj	14	66	11.4
bj	14	66	10.5
bj	14	66	22.4
bj	14	66	4.46
bj	14	66	25
bj	14	66	3.78
bj	14	66	18
bj	14	66	31.5
bj	14	68	11
bj	14	68	22.4
bj	14	68	56.8
bj	14	68	22.1
bj	14	68	7.51
bj	14	68	29.7
bj	14	68	14.4
bj	14	68	29.5
bj	14	68	6.5
bj	14	68	22.6
bj	14	68	51.1
bj	14	68	17.3
bj	14	68	15.7
bj	14	68	19.3
bj	14	68	14.5
bj	14	68	35.3
bj	14	68	25.9
bj	14	68	14.2
bj	14	68	19.7
bj	14	68	23.2
bj	14	68	21.1
bj	14	68	14.3
bj	14	68	50
bj	14	68	29.1
bj	14	68	19.8
bj	14	68	16.8
bj	14	68	20.6
bj	14	68	36.8
bj	14	68	33.3
bj	14	68	17.2
bj	14	68	26.7
bj	14	68	20.3
bj	14	68	27.3
bj	14	68	18.5
bj	14	68	15.1
bj	14	68	12.2
bj	14	68	59.4
bj	14	68	8.96
bj	14	68	54.2
bj	14	68	52.2
bj	14	68	12
bj	14	68	82.9
bj	14	68	64.6
bj	14	68	33.5
bj	14	68	19.7
bj	14	68	106
bj	14	68	29.6
bj	14	68	77.4
bj	14	68	64
bj	14	68	55.8
bj	14	70	57.1
bj	14	70	27.6
bj	14	70	9.87
bj	14	70	95.8
bj	14	70	18.3
bj	14	70	13.3
bj	14	70	107
bj	14	70	66.2
bj	14	70	19.6
bj	14	70	22.3
bj	14	70	23.7
bj	14	70	18.5
bj	14	70	30.3
bj	14	70	15.6
bj	14	70	27.4
bj	14	70	16.4
bj	14	70	24
bj	14	70	18.9
bj	14	70	23.4
bj	14	70	55.9
bj	14	70	24.1
bj	14	70	33
bj	14	70	23.5
bj	14	70	33
bj	14	70	28.8
bj	14	70	26.9
bj	14	70	13.7
bj	14	70	39.8
bj	14	70	24.9
bj	14	70	48.1
bj	14	70	11.8
bj	14	70	45.6
bj	14	70	13.3
bj	14	70	36.3
bj	14	70	69.2
bj	14	70	98.6
bj	14	70	19.1
bj	14	70	28.3
bj	14	70	58.6
bj	14	70	23
bj	14	70	16.9
bj	14	70	70.6
bj	14	70	24
bj	14	70	30
bj	14	70	48.1
bj	14	70	29.8
bj	14	70	20.5
bj	14	70	21.1
bj	14	70	17.3
bj	14	70	22.6
bj	14	72	15.7
bj	14	72	69
bj	14	72	19.3
bj	14	72	17.5
bj	14	72	23.1
bj	14	72	64.3
bj	14	72	18.2
bj	14	72	9.82
bj	14	72	87.3
bj	14	72	22.6
bj	14	72	33.8
bj	14	72	120
bj	14	72	24.2
bj	14	72	14.6
bj	14	72	16.4
bj	14	72	33.6
bj	14	72	120
bj	14	72	20.3
bj	14	72	32.6
bj	14	72	17.4
bj	14	72	15.9
bj	14	72	22.4
bj	14	72	41
bj	14	72	13.5
bj	14	72	33.3
bj	14	72	22.1
bj	14	72	120
bj	14	72	18.7
bj	14	72	31.1
bj	14	72	18.7
bj	14	72	21.4
bj	14	72	20.2
bj	14	72	74.2
bj	14	72	25.9
bj	14	72	44.3
bj	14	72	13.5
bj	14	72	51.3
bj	14	72	11
bj	14	72	13.3
bj	14	72	57
bj	14	72	40.1
bj	14	72	20.3
bj	14	72	25.2
bj	14	72	31.1
bj	14	72	10.5
bj	14	72	18.2
bj	14	72	18.2
bj	14	72	43.2
bj	14	72	15.2
bj	14	72	73.3
bj	14	74	18.6
bj	14	74	32.4
bj	14	74	33.1
bj	14	74	13.9
bj	14	74	69.3
bj	14	74	120
bj	14	74	32.2
bj	14	74	28.8
bj	14	74	52.2
bj	14	74	36.7
bj	14	74	28.9
bj	14	74	29.3
bj	14	74	28.6
bj	14	74	24.4
bj	14	74	70.1
bj	14	74	29.2
bj	14	74	52.4
bj	14	74	33.7
bj	14	74	23.5
bj	14	74	38.7
bj	14	74	31.9
bj	14	74	23.1
bj	14	74	38.6
bj	14	74	12.6
bj	14	74	36.2
bj	14	74	41.6
bj	14	74	32.7
bj	14	74	37.6
bj	14	74	120
bj	14	74	33.7
bj	14	74	15.6
bj	14	74	10.9
bj	14	74	9.41
bj	14	74	33
bj	14	74	35.2
bj	14	74	120
bj	14	74	28.6
bj	14	74	54.3
bj	14	74	111
bj	14	74	17.3
bj	14	74	31.3
bj	14	74	27.2
bj	14	74	41.5
bj	14	74	23.3
bj	14	74	28.5
bj	14	74	30.4
bj	14	74	64.5
bj	14	74	68.1
bj	14	74	77.2
bj	14	74	38.9
bj	14	76	40.5
bj	14	76	25.6
bj	14	76	35.9
bj	14	76	120
bj	14	76	33.7
bj	14	76	61.2
bj	14	76	31.9
bj	14	76	29.4
bj	14	76	63.1
bj	14	76	29.4
bj	14	76	73.7
bj	14	76	28.7
bj	14	76	42.2
bj	14	76	27.6
bj	14	76	29.4
bj	14	76	24.1
bj	14	76	50.1
bj	14	76	120
bj	14	76	17
bj	14	76	25.2
bj	14	76	31.9
bj	14	76	41.6
bj	14	76	21.6
bj	14	76	29.5
bj	14	76	21.7
bj	14	76	33.1
bj	14	76	21.1
bj	14	76	26.3
bj	14	76	59.4
bj	14	76	63.8
bj	14	76	33
bj	14	76	38.5
bj	14	76	25
bj	14	76	30.1
bj	14	76	17
bj	14	76	18.9
bj	14	76	27
bj	14	76	34.6
bj	14	76	20.3
bj	14	76	31.2
bj	14	76	22.9
bj	14	76	23.9
bj	14	76	24.9
bj	14	76	59.4
bj	14	76	28.9
bj	14	76	15.2
bj	14	76	40.1
bj	14	76	69.1
bj	14	76	40.8
bj	14	76	52.3
bj	14	78	42.1
bj	14	78	41.7
bj	14	78	35.4
bj	14	78	46.6
bj	14	78	36.1
bj	14	78	111
bj	14	78	49.9
bj	14	78	120
bj	14	78	33.6
bj	14	78	23.3
bj	14	78	40.6
bj	14	78	23.4
bj	14	78	43.6
bj	14	78	37.2
bj	14	78	29.8
bj	14	78	38
bj	14	78	40
bj	14	78	52.1
bj	14	78	39
bj	14	78	21.3
bj	14	78	116
bj	14	78	37.8
bj	14	78	27.1
bj	14	78	52.4
bj	14	78	35.6
bj	14	78	120
bj	14	78	38.3
bj	14	78	18.8
bj	14	78	18.6
bj	14	78	43.6
bj	14	78	39.5
bj	14	78	22.9
bj	14	78	31.5
bj	14	78	31.4
bj	14	78	45
bj	14	78	43.9
bj	14	78	22.7
bj	14	78	44.4
bj	14	78	19.1
bj	14	78	44.2
bj	14	78	34.4
bj	14	78	62.4
bj	14	78	34.6
bj	14	78	71.5
bj	14	78	16.6
bj	14	78	40
bj	14	78	39.4
bj	14	78	60.4
bj	14	78	44.6
bj	14	78	36.7
bj	14	80	48.5
bj	14	80	37
bj	14	80	43.4
bj	14	80	37.9
bj	14	80	101
bj	14	80	46.9
bj	14	80	30.4
bj	14	80	37.3
bj	14	80	59.5
bj	14	80	51.6
bj	14	80	48.1
bj	14	80	63.9
bj	14	80	32.1
bj	14	80	44.5
bj	14	80	57.4
bj	14	80	67.7
bj	14	80	103
bj	14	80	42.5
bj	14	80	102
bj	14	80	71.9
bj	14	80	46.4
bj	14	80	48.3
bj	14	80	81.7
bj	14	80	90.6
bj	14	80	36
bj	14	80	49.6
bj	14	80	51.2
bj	14	80	120
bj	14	80	66.6
bj	14	80	20.2
bj	14	80	57.2
bj	14	80	38
bj	14	80	38.8
bj	14	80	19.2
bj	14	80	26.5
bj	14	80	66.3
bj	14	80	77.7
bj	14	80	27
bj	14	80	28.8
bj	14	80	49.6
bj	14	80	20.9
bj	14	80	30.3
bj	14	80	23.2
bj	14	80	86.4
bj	14	80	18.1
bj	14	80	22.9
bj	14	80	42.1
bj	14	80	50
bj	14	80	40.1
bj	14	80	47.5
bj	14	82	53.2
bj	14	82	27.6
bj	14	82	45.5
bj	14	82	58.4
bj	14	82	113
bj	14	82	47.7
bj	14	82	41.9
bj	14	82	39.8
bj	14	82	74.6
bj	14	82	76.5
bj	14	82	42.5
bj	14	82	53.4
bj	14	82	25.5
bj	14	82	120
bj	14	82	23.4
bj	14	82	45.6
bj	14	82	49.9
bj	14	82	54.7
bj	14	82	48
bj	14	82	44
bj	14	82	35
bj	14	82	28.2
bj	14	82	48
bj	14	82	38.8
bj	14	82	37.4
bj	14	82	41.8
bj	14	82	82.2
bj	14	82	120
bj	14	82	48
bj	14	82	43.6
bj	14	82	35.6
bj	14	82	42.4
bj	14	82	42.4
bj	14	82	74.3
bj	14	82	41.7
bj	14	82	23.9
bj	14	82	44.7
bj	14	82	95.8
bj	14	82	53.5
bj	14	82	42.6
bj	14	82	35.5
bj	14	82	43.8
bj	14	82	120
bj	14	82	46.5
bj	14	82	46.2
bj	14	82	120
bj	14	82	39
bj	14	82	36.4
bj	14	82	47.6
bj	14	82	46.7
bj	14	84	64.5
bj	14	84	48.5
bj	14	84	55.1
bj	14	84	57.7
bj	14	84	48
bj	14	84	58.5
bj	14	84	45.7
bj	14	84	55.6
bj	14	84	50.2
bj	14	84	63.6
bj	14	84	57
bj	14	84	44.2
bj	14	84	120
bj	14	84	51.4
bj	14	84	57.3
bj	14	84	50.3
bj	14	84	50.9
bj	14	84	120
bj	14	84	50.3
bj	14	84	59.4
bj	14	84	47.8
bj	14	84	42.9
bj	14	84	50.2
bj	14	84	92
bj	14	84	53.7
bj	14	84	48.8
bj	14	84	58.5
bj	14	84	51.4
bj	14	84	48.4
bj	14	84	57.2
bj	14	84	57.1
bj	14	84	47.5
bj	14	84	48.4
bj	14	84	60
bj	14	84	48.1
bj	14	84	32.1
bj	14	84	41.5
bj	14	84	45.3
bj	14	84	81.3
bj	14	84	45.3
bj	14	84	47.8
bj	14	84	48
bj	14	84	53.7
bj	14	84	57.6
bj	14	84	53.6
bj	14	84	60
bj	14	84	55.8
bj	14	84	58.8
bj	14	84	45.7
bj	14	84	43.3
bj	14	86	47.4
bj	14	86	54.1
bj	14	86	63.2
bj	14	86	57
bj	14	86	47.7
bj	14	86	55.7
bj	14	86	45.4
bj	14	86	41.9
bj	14	86	69
bj	14	86	47.1
bj	14	86	47.8
bj	14	86	68
bj	14	86	55.4
bj	14	86	61.1
bj	14	86	64.1
bj	14	86	48.2
bj	14	86	57.1
bj	14	86	63.9
bj	14	86	46
bj	14	86	106
bj	14	86	60.8
bj	14	86	43.1
bj	14	86	43.3
bj	14	86	59.1
bj	14	86	45.8
bj	14	86	61.4
bj	14	86	53.4
bj	14	86	53.8
bj	14	86	60.4
bj	14	86	58.8
bj	14	86	45.2
bj	14	86	55.7
bj	14	86	63.4
bj	14	86	47.7
bj	14	86	49.1
bj	14	86	62.4
bj	14	86	57.1
bj	14	86	58.4
bj	14	86	60.3
bj	14	86	50.7
bj	14	86	56.8
bj	14	86	57.5
bj	14	86	62.5
bj	14	86	48.8
bj	14	86	53.1
bj	14	86	51.6
bj	14	86	55.2
bj	14	86	57.1
bj	14	86	47.8
bj	14	86	120
bj	14	88	57.9
bj	14	88	63.4
bj	14	88	57.8
bj	14	88	60.4
bj	14	88	66.5
bj	14	88	62.1
bj	14	88	64.8
bj	14	88	56.2
bj	14	88	61.9
bj	14	88	49.7
bj	14	88	66.3
bj	14	88	63.2
bj	14	88	64.9
bj	14	88	55.8
bj	14	88	61.4
bj	14	88	55.8
bj	14	88	65.5
bj	14	88	62.8
bj	14	88	62.6
bj	14	88	64
bj	14	88	61.7
bj	14	88	55.7
bj	14	88	67
bj	14	88	65.3
bj	14	88	57
bj	14	88	66.6
bj	14	88	62
bj	14	88	68.5
bj	14	88	63.8
bj	14	88	69.2
bj	14	88	57.1
bj	14	88	61.2
bj	14	88	57.5
bj	14	88	73
bj	14	88	58.1
bj	14	88	56.4
bj	14	88	65.8
bj	14	88	60.8
bj	14	88	65.6
bj	14	88	56
bj	14	88	68.2
bj	14	88	58.3
bj	14	88	57.6
bj	14	88	56.8
bj	14	88	61.8
bj	14	88	66.1
bj	14	88	59.7
bj	14	88	63
bj	14	88	60.2
bj	14	88	83
bj	14	90	70.9
bj	14	90	70.9
bj	14	90	71.7
bj	14	90	71.5
bj	14	90	71.2
bj	14	90	72.6
bj	14	90	72.5
bj	14	90	71
bj	14	90	70.5
bj	14	90	73.2
bj	14	90	71.4
bj	14	90	70.6
bj	14	90	71.1
bj	14	90	71.5
bj	14	90	71.4
bj	14	90	71.5
bj	14	90	70.9
bj	14	90	71.4
bj	14	90	72.6
bj	14	90	72.4
bj	14	90	70.7
bj	14	90	71.5
bj	14	90	72.4
bj	14	90	71.5
bj	14	90	71.6
bj	14	90	71.8
bj	14	90	70.9
bj	14	90	71.2
bj	14	90	71.8
bj	14	90	71.5
bj	14	90	71.1
bj	14	90	70.8
bj	14	90	71.3
bj	14	90	71.8
bj	14	90	70.8
bj	14	90	70.7
bj	14	90	71
bj	14	90	71.5
bj	14	90	71.7
bj	14	90	71.5
bj	14	90	70.7
bj	14	90	71.4
bj	14	90	72.2
bj	14	90	71.1
bj	14	90	71.6
bj	14	90	71
bj	14	90	71.7
bj	14	90	70.7
bj	14	90	71
bj	14	90	70.3
bhkk	12	14	0.106666
bhkk	11	14	0.049999
bhkk	12	14	0.106666
bhkk	12	14	0.106666
bhkk	13	14	0.196666
bhkk	13	14	0.196666
bhkk	12	14	0.106666
bhkk	12	14	0.103333
bhkk	12	14	0.106666
bhkk	13	14	0.196666
bhkk	13	14	0.193333
bhkk	12	14	0.106666
bhkk	13	14	0.193333
bhkk	14	14	0.319999
bhkk	13	14	0.196666
bhkk	10	14	0.023333
bhkk	12	14	0.103333
bhkk	13	14	0.196666
bhkk	12	14	0.106666
bhkk	11	14	0.053333
bhkk	13	14	0.196666
bhkk	11	14	0.053333
bhkk	14	14	0.319999
bhkk	13	14	0.196666
bhkk	13	14	0.196666
bhkk	13	14	0.193333
bhkk	11	14	0.053333
bhkk	12	14	0.106666
bhkk	11	14	0.049999
bhkk	13	14	0.193333
bhkk	11	14	0.053333
bhkk	13	14	0.193333
bhkk	13	14	0.196666
bhkk	11	14	0.053333
bhkk	11	14	0.053333
bhkk	12	14	0.103333
bhkk	11	14	0.053333
bhkk	12	14	0.106666
bhkk	12	14	0.103333
bhkk	13	14	0.193333
bhkk	13	14	0.196666
bhkk	11	14	0.053333
bhkk	12	14	0.103333
bhkk	12	14	0.103333
bhkk	11	14	0.049999
bhkk	13	14	0.196666
bhkk	13	14	0.193333
bhkk	11	14	0.053333
bhkk	14	14	0.319999
bhkk	11	14	0.053333
bhkk	12	16	0.156666
bhkk	13	16	0.323333
bhkk	13	16	0.323333
bhkk	12	16	0.156666
bhkk	13	16	0.319999
bhkk	13	16	0.323333
bhkk	13	16	0.323333
bhkk	13	16	0.323333
bhkk	13	16	0.323333
bhkk	14	16	0.629999
bhkk	12	16	0.156666
bhkk	14	16	0.633333
bhkk	14	16	0.629999
bhkk	14	16	0.629999
bhkk	14	16	0.643333
bhkk	12	16	0.156666
bhkk	13	16	0.323333
bhkk	13	16	0.323333
bhkk	13	16	0.323333
bhkk	14	16	0.629999
bhkk	13	16	0.323333
bhkk	13	16	0.323333
bhkk	13	16	0.319999
bhkk	12	16	0.156666
bhkk	14	16	0.629999
bhkk	13	16	0.323333
bhkk	13	16	0.323333
bhkk	12	16	0.156666
bhkk	13	16	0.323333
bhkk	12	16	0.156666
bhkk	12	16	0.156666
bhkk	12	16	0.156666
bhkk	11	16	0.073333
bhkk	14	16	0.633333
bhkk	13	16	0.323333
bhkk	13	16	0.323333
bhkk	14	16	0.629999
bhkk	13	16	0.319999
bhkk	12	16	0.156666
bhkk	13	16	0.319999
bhkk	14	16	0.629999
bhkk	14	16	0.629999
bhkk	13	16	0.323333
bhkk	13	16	0.323333
bhkk	13	16	0.323333
bhkk	13	16	0.323333
bhkk	14	16	0.629999
bhkk	12	16	0.156666
bhkk	11	16	0.073333
bhkk	12	16	0.156666
bhkk	13	18	0.529999
bhkk	14	18	1.03333
bhkk	13	18	0.493333
bhkk	12	18	0.226666
bhkk	14	18	1.03333
bhkk	13	18	0.486666
bhkk	14	18	1.03333
bhkk	14	18	1.03333
bhkk	14	18	1.03333
bhkk	14	18	1.03333
bhkk	13	18	0.493333
bhkk	14	18	1.03333
bhkk	13	18	0.493333
bhkk	13	18	0.496666
bhkk	14	18	1.03333
bhkk	14	18	1.03333
bhkk	13	18	0.493333
bhkk	13	18	0.493333
bhkk	14	18	1.03333
bhkk	14	18	1.03333
bhkk	13	18	0.493333
bhkk	13	18	0.493333
bhkk	14	18	1.03333
bhkk	14	18	1.03333
bhkk	14	18	1.03333
bhkk	13	18	0.493333
bhkk	13	18	0.496666
bhkk	13	18	0.493333
bhkk	13	18	0.493333
bhkk	14	18	1.03333
bhkk	14	18	1.03333
bhkk	14	18	1.03333
bhkk	13	18	0.493333
bhkk	14	18	1.03333
bhkk	14	18	1.03333
bhkk	12	18	0.226666
bhkk	13	18	0.496666
bhkk	14	18	1.03333
bhkk	14	18	1.03
bhkk	14	18	1.03333
bhkk	13	18	0.493333
bhkk	12	18	0.226666
bhkk	13	18	0.493333
bhkk	12	18	0.226666
bhkk	11	18	0.103333
bhkk	14	18	1.03333
bhkk	13	18	0.493333
bhkk	13	18	0.493333
bhkk	13	18	0.493333
bhkk	14	18	1.03333
bhkk	13	20	0.573333
bhkk	14	20	1.25
bhkk	14	20	1.25
bhkk	13	20	0.576666
bhkk	14	20	1.25333
bhkk	14	20	1.25
bhkk	12	20	0.256666
bhkk	14	20	1.25333
bhkk	13	20	0.576666
bhkk	14	20	1.25333
bhkk	13	20	0.576666
bhkk	14	20	1.25
bhkk	14	20	1.25
bhkk	14	20	1.25333
bhkk	13	20	0.576666
bhkk	14	20	1.25333
bhkk	14	20	1.25333
bhkk	14	20	1.25333
bhkk	14	20	1.25
bhkk	14	20	1.25
bhkk	14	20	1.25333
bhkk	14	20	1.25
bhkk	14	20	1.24667
bhkk	14	20	1.25
bhkk	14	20	1.25333
bhkk	13	20	0.573333
bhkk	14	20	1.25
bhkk	13	20	0.573333
bhkk	14	20	1.25
bhkk	13	20	0.576666
bhkk	12	20	0.256666
bhkk	14	20	1.25
bhkk	13	20	0.576666
bhkk	14	20	1.25
bhkk	13	20	0.576666
bhkk	14	20	1.25333
bhkk	14	20	1.25
bhkk	14	20	1.25
bhkk	14	20	1.25333
bhkk	13	20	0.573333
bhkk	12	20	0.256666
bhkk	13	20	0.576666
bhkk	14	20	1.25
bhkk	14	20	1.25
bhkk	14	20	1.25333
bhkk	14	20	1.25
bhkk	14	20	1.25333
bhkk	14	20	1.24667
bhkk	14	20	1.25333
bhkk	13	20	0.576666
bhkk	14	22	1.6
bhkk	13	22	0.719999
bhkk	14	22	1.6
bhkk	13	22	0.719999
bhkk	14	22	1.6
bhkk	14	22	1.60333
bhkk	13	22	0.719999
bhkk	13	22	0.719999
bhkk	14	22	1.6
bhkk	14	22	1.60333
bhkk	14	22	1.59667
bhkk	14	22	1.6
bhkk	14	22	1.6
bhkk	14	22	1.60333
bhkk	13	22	0.716666
bhkk	13	22	0.716666
bhkk	14	22	1.60333
bhkk	13	22	0.719999
bhkk	14	22	1.6
bhkk	13	22	0.719999
bhkk	12	22	0.316666
bhkk	14	22	1.60333
bhkk	14	22	1.6
bhkk	13	22	0.719999
bhkk	13	22	0.719999
bhkk	14	22	1.6
bhkk	14	22	1.60333
bhkk	14	22	1.6
bhkk	13	22	0.716666
bhkk	14	22	1.60333
bhkk	14	22	1.60333
bhkk	14	22	1.6
bhkk	14	22	1.6
bhkk	14	22	1.6
bhkk	14	22	1.6
bhkk	14	22	1.6
bhkk	14	22	1.6
bhkk	12	22	0.316666
bhkk	14	22	1.6
bhkk	14	22	1.6
bhkk	14	22	1.6
bhkk	14	22	1.59667
bhkk	14	22	1.60333
bhkk	14	22	1.6
bhkk	14	22	1.60333
bhkk	14	22	1.6
bhkk	14	22	1.60333
bhkk	14	22	1.60333
bhkk	13	22	0.719999
bhkk	13	22	0.719999
bhkk	14	24	2.36333
bhkk	14	24	2.34333
bhkk	14	24	2.34
bhkk	14	24	2.34
bhkk	13	24	1.04
bhkk	14	24	2.34
bhkk	14	24	2.35
bhkk	14	24	2.34
bhkk	14	24	2.34
bhkk	14	24	2.34
bhkk	14	24	2.34333
bhkk	14	24	2.34
bhkk	13	24	1.03667
bhkk	14	24	2.34
bhkk	14	24	2.34
bhkk	14	24	2.34667
bhkk	14	24	2.34
bhkk	14	24	2.35
bhkk	14	24	2.34
bhkk	14	24	2.34333
bhkk	14	24	2.34
bhkk	14	24	2.34333
bhkk	13	24	1.04333
bhkk	14	24	2.33667
bhkk	14	24	2.34333
bhkk	13	24	1.03667
bhkk	14	24	2.33667
bhkk	14	24	2.34333
bhkk	14	24	2.34
bhkk	13	24	1.04
bhkk	14	24	2.34333
bhkk	14	24	2.34
bhkk	14	24	2.34
bhkk	14	24	2.34
bhkk	14	24	2.34
bhkk	13	24	1.03667
bhkk	13	24	1.04333
bhkk	14	24	2.34
bhkk	14	24	2.34333
bhkk	14	24	2.34333
bhkk	14	24	2.34
bhkk	14	24	2.34333
bhkk	14	24	2.34
bhkk	14	24	2.34333
bhkk	13	24	1.03667
bhkk	14	24	2.33333
bhkk	14	24	2.34
bhkk	14	24	2.34333
bhkk	14	24	2.34
bhkk	14	24	2.34333
bhkk	13	26	1.15
bhkk	14	26	2.56333
bhkk	14	26	2.56
bhkk	14	26	2.56333
bhkk	14	26	2.56333
bhkk	14	26	2.56
bhkk	14	26	2.56
bhkk	14	26	2.56333
bhkk	14	26	2.56333
bhkk	14	26	2.56
bhkk	14	26	2.55333
bhkk	14	26	2.56333
bhkk	14	26	2.56333
bhkk	14	26	2.56
bhkk	14	26	2.56333
bhkk	14	26	2.56333
bhkk	14	26	2.56333
bhkk	14	26	2.56
bhkk	14	26	2.56
bhkk	14	26	2.55667
bhkk	14	26	2.56333
bhkk	14	26	2.56333
bhkk	14	26	2.56333
bhkk	14	26	2.56
bhkk	12	26	0.483333
bhkk	14	26	2.56333
bhkk	14	26	2.56
bhkk	14	26	2.56333
bhkk	14	26	2.56333
bhkk	14	26	2.56333
bhkk	14	26	2.56333
bhkk	14	26	2.56
bhkk	14	26	2.56333
bhkk	14	26	2.56333
bhkk	14	26	2.56
bhkk	14	26	2.56
bhkk	14	26	2.56333
bhkk	14	26	2.56333
bhkk	14	26	2.56
bhkk	14	26	2.56
bhkk	14	26	2.56333
bhkk	13	26	1.12333
bhkk	14	26	2.56333
bhkk	14	26	2.56333
bhkk	14	26	2.56333
bhkk	14	26	2.56333
bhkk	14	26	2.56333
bhkk	14	26	2.56
bhkk	14	26	2.56333
bhkk	14	26	2.56
bhkk	14	28	3.12
bhkk	14	28	3.10333
bhkk	14	28	3.1
bhkk	14	28	3.1
bhkk	14	28	3.1
bhkk	14	28	3.1
bhkk	14	28	3.10333
bhkk	14	28	3.10333
bhkk	14	28	3.10333
bhkk	14	28	3.10333
bhkk	14	28	3.10667
bhkk	14	28	3.10333
bhkk	14	28	3.10333
bhkk	14	28	3.10333
bhkk	14	28	3.10667
bhkk	14	28	3.10333
bhkk	14	28	3.1
bhkk	14	28	3.10333
bhkk	14	28	3.1
bhkk	14	28	3.1
bhkk	14	28	3.1
bhkk	14	28	3.10333
bhkk	14	28	3.10333
bhkk	14	28	3.1
bhkk	14	28	3.10333
bhkk	14	28	3.10333
bhkk	14	28	3.1
bhkk	14	28	3.10333
bhkk	14	28	3.10333
bhkk	14	28	3.10333
bhkk	14	28	3.10333
bhkk	14	28	3.10333
bhkk	14	28	3.10333
bhkk	14	28	3.1
bhkk	14	28	3.10333
bhkk	14	28	3.10333
bhkk	14	28	3.10333
bhkk	14	28	3.10333
bhkk	14	28	3.10333
bhkk	14	28	3.10333
bhkk	14	28	3.1
bhkk	14	28	3.1
bhkk	14	28	3.10333
bhkk	14	28	3.1
bhkk	14	28	3.1
bhkk	14	28	3.10333
bhkk	14	28	3.10333
bhkk	14	28	3.10333
bhkk	14	28	3.1
bhkk	14	28	3.1
bhkk	14	30	2.78333
bhkk	14	30	2.78667
bhkk	14	30	2.78333
bhkk	14	30	2.78667
bhkk	14	30	2.78333
bhkk	14	30	2.78333
bhkk	14	30	2.78667
bhkk	14	30	2.78667
bhkk	14	30	2.78667
bhkk	14	30	2.78667
bhkk	14	30	2.78333
bhkk	14	30	2.78667
bhkk	14	30	2.78667
bhkk	14	30	2.78667
bhkk	14	30	2.78667
bhkk	13	30	1.2
bhkk	14	30	2.78333
bhkk	14	30	2.78667
bhkk	14	30	2.79
bhkk	14	30	2.78667
bhkk	14	30	2.78667
bhkk	14	30	2.78667
bhkk	14	30	2.78333
bhkk	14	30	2.78667
bhkk	14	30	2.78333
bhkk	14	30	2.78
bhkk	14	30	2.78667
bhkk	14	30	2.78667
bhkk	14	30	2.78667
bhkk	14	30	2.78
bhkk	14	30	2.78667
bhkk	14	30	2.78667
bhkk	14	30	2.78667
bhkk	14	30	2.78667
bhkk	14	30	2.79
bhkk	14	30	2.78667
bhkk	14	30	2.78667
bhkk	14	30	2.78667
bhkk	14	30	2.78667
bhkk	14	30	2.78667
bhkk	14	30	2.78333
bhkk	14	30	2.78333
bhkk	14	30	2.78667
bhkk	14	30	2.78333
bhkk	14	30	2.78333
bhkk	14	30	2.78667
bhkk	14	30	2.78667
bhkk	14	30	2.79
bhkk	14	30	2.78667
bhkk	14	30	2.78667
bhkk	14	32	3.09333
bhkk	14	32	3.09333
bhkk	14	32	3.09
bhkk	14	32	3.09
bhkk	14	32	3.09
bhkk	14	32	3.09
bhkk	14	32	3.09
bhkk	14	32	3.09
bhkk	14	32	3.09
bhkk	14	32	3.09333
bhkk	14	32	3.09
bhkk	14	32	3.09
bhkk	14	32	3.09333
bhkk	14	32	3.09
bhkk	14	32	3.09333
bhkk	14	32	3.09
bhkk	14	32	3.09
bhkk	14	32	3.09333
bhkk	14	32	3.09
bhkk	14	32	3.09
bhkk	14	32	3.09
bhkk	14	32	3.09
bhkk	14	32	3.09
bhkk	14	32	3.09
bhkk	14	32	3.09
bhkk	14	32	3.09
bhkk	14	32	3.09
bhkk	14	32	3.09333
bhkk	14	32	3.09
bhkk	13	32	1.32333
bhkk	14	32	3.09333
bhkk	14	32	3.08667
bhkk	14	32	3.09
bhkk	14	32	3.09
bhkk	14	32	3.09333
bhkk	14	32	3.09333
bhkk	14	32	3.10333
bhkk	14	32	3.09
bhkk	14	32	3.08667
bhkk	14	32	3.09
bhkk	14	32	3.09333
bhkk	14	32	3.09333
bhkk	14	32	3.09
bhkk	14	32	3.09
bhkk	14	32	3.09333
bhkk	14	32	3.1
bhkk	14	32	3.09
bhkk	14	32	3.09
bhkk	14	32	3.09333
bhkk	14	32	3.09333
bhkk	14	34	3.85333
bhkk	14	34	3.78333
bhkk	14	34	3.78333
bhkk	14	34	3.78333
bhkk	14	34	3.78333
bhkk	14	34	3.78333
bhkk	14	34	3.78
bhkk	14	34	3.78
bhkk	14	34	3.78333
bhkk	14	34	3.8
bhkk	14	34	3.78333
bhkk	14	34	3.78
bhkk	14	34	3.78333
bhkk	14	34	3.78667
bhkk	14	34	3.78333
bhkk	14	34	3.78333
bhkk	14	34	3.78
bhkk	14	34	3.78333
bhkk	14	34	3.78333
bhkk	14	34	3.78667
bhkk	14	34	3.78333
bhkk	14	34	3.78667
bhkk	14	34	3.78333
bhkk	14	34	3.78667
bhkk	14	34	3.78667
bhkk	14	34	3.78333
bhkk	14	34	3.78333
bhkk	14	34	3.78333
bhkk	14	34	3.78
bhkk	14	34	3.78
bhkk	14	34	3.78333
bhkk	14	34	3.78667
bhkk	14	34	3.78333
bhkk	14	34	3.78
bhkk	14	34	3.78
bhkk	14	34	3.78667
bhkk	14	34	3.78333
bhkk	14	34	3.78333
bhkk	14	34	3.78333
bhkk	14	34	3.78333
bhkk	14	34	3.78333
bhkk	14	34	3.78333
bhkk	14	34	3.78333
bhkk	14	34	3.78333
bhkk	14	34	3.78667
bhkk	14	34	3.78333
bhkk	13	34	1.62
bhkk	14	34	3.78333
bhkk	14	34	3.78333
bhkk	14	34	3.78333
bhkk	14	36	4.61667
bhkk	14	36	4.59667
bhkk	14	36	4.61
bhkk	14	36	4.6
bhkk	14	36	4.60333
bhkk	14	36	4.60667
bhkk	14	36	4.62667
bhkk	14	36	4.61
bhkk	14	36	4.6
bhkk	14	36	4.60333
bhkk	14	36	4.60333
bhkk	14	36	4.60333
bhkk	14	36	4.60333
bhkk	14	36	4.6
bhkk	14	36	4.60667
bhkk	14	36	4.6
bhkk	14	36	4.60333
bhkk	14	36	4.60667
bhkk	14	36	4.60667
bhkk	14	36	4.63
bhkk	14	36	4.61
bhkk	14	36	4.60333
bhkk	14	36	4.60667
bhkk	14	36	4.61667
bhkk	14	36	4.62667
bhkk	14	36	4.6
bhkk	14	36	4.60333
bhkk	14	36	4.60333
bhkk	14	36	4.62667
bhkk	14	36	4.60333
bhkk	14	36	4.60333
bhkk	14	36	4.6
bhkk	14	36	4.64333
bhkk	14	36	4.62667
bhkk	14	36	4.64333
bhkk	14	36	4.63
bhkk	14	36	4.6
bhkk	14	36	4.60333
bhkk	14	36	4.62667
bhkk	14	36	4.60333
bhkk	14	36	4.60333
bhkk	14	36	4.64333
bhkk	14	36	4.62
bhkk	14	36	4.62667
bhkk	14	36	4.61
bhkk	14	36	4.67
bhkk	14	36	4.63
bhkk	14	36	4.65667
bhkk	14	36	4.60667
bhkk	14	36	4.63333
bhkk	14	38	4.34
bhkk	14	38	4.34
bhkk	14	38	4.33667
bhkk	14	38	4.34
bhkk	14	38	4.34
bhkk	14	38	4.34
bhkk	14	38	4.34
bhkk	14	38	4.34
bhkk	14	38	4.34
bhkk	14	38	4.34
bhkk	14	38	4.34
bhkk	14	38	4.34
bhkk	14	38	4.34
bhkk	14	38	4.33667
bhkk	14	38	4.34
bhkk	14	38	4.34
bhkk	14	38	4.34
bhkk	14	38	4.33667
bhkk	14	38	4.33667
bhkk	14	38	4.34333
bhkk	14	38	4.34
bhkk	14	38	4.34
bhkk	14	38	4.33667
bhkk	14	38	4.34
bhkk	14	38	4.33667
bhkk	14	38	4.33667
bhkk	14	38	4.34
bhkk	14	38	4.34
bhkk	14	38	4.34
bhkk	14	38	4.34
bhkk	14	38	4.34
bhkk	14	38	4.34
bhkk	14	38	4.34333
bhkk	14	38	4.34
bhkk	14	38	4.34
bhkk	14	38	4.34
bhkk	14	38	4.34
bhkk	14	38	4.33667
bhkk	14	38	4.34
bhkk	14	38	4.33667
bhkk	14	38	4.34
bhkk	14	38	4.33667
bhkk	14	38	4.33667
bhkk	14	38	4.34
bhkk	14	38	4.33333
bhkk	14	38	4.33333
bhkk	14	38	4.34333
bhkk	14	38	4.33667
bhkk	14	38	4.34333
bhkk	14	38	4.34
bhkk	14	40	5.38
bhkk	14	40	5.35667
bhkk	14	40	5.35
bhkk	14	40	5.35667
bhkk	14	40	5.36667
bhkk	14	40	5.35667
bhkk	14	40	5.35667
bhkk	14	40	5.35
bhkk	14	40	5.35
bhkk	14	40	5.35333
bhkk	14	40	5.35
bhkk	14	40	5.34667
bhkk	14	40	5.35
bhkk	14	40	5.35
bhkk	14	40	5.35667
bhkk	14	40	5.35333
bhkk	14	40	5.37
bhkk	14	40	5.35
bhkk	14	40	5.36333
bhkk	14	40	5.35
bhkk	14	40	5.35667
bhkk	14	40	5.35667
bhkk	14	40	5.35333
bhkk	14	40	5.35667
bhkk	14	40	5.35333
bhkk	14	40	5.35667
bhkk	14	40	5.35
bhkk	14	40	5.35667
bhkk	14	40	5.35333
bhkk	14	40	5.35333
bhkk	14	40	5.35333
bhkk	14	40	5.35
bhkk	14	40	5.35
bhkk	14	40	5.35333
bhkk	14	40	5.35
bhkk	14	40	5.36
bhkk	14	40	5.35
bhkk	14	40	5.35
bhkk	14	40	5.36667
bhkk	14	40	5.36
bhkk	14	40	5.4
bhkk	14	40	5.35
bhkk	14	40	5.36
bhkk	14	40	5.38
bhkk	14	40	5.35667
bhkk	14	40	5.35333
bhkk	14	40	5.35667
bhkk	14	40	5.37333
bhkk	14	40	5.36
bhkk	14	40	5.35
bhkk	14	42	5.74333
bhkk	14	42	5.72333
bhkk	14	42	5.73
bhkk	14	42	5.72333
bhkk	14	42	5.72333
bhkk	14	42	5.72667
bhkk	14	42	5.72667
bhkk	14	42	5.71667
bhkk	14	42	5.74333
bhkk	14	42	5.73
bhkk	14	42	5.72667
bhkk	13	42	2.41667
bhkk	14	42	5.72333
bhkk	14	42	5.72
bhkk	14	42	5.72333
bhkk	14	42	5.72
bhkk	14	42	5.73
bhkk	14	42	5.73
bhkk	14	42	5.74
bhkk	14	42	5.72
bhkk	14	42	5.72333
bhkk	14	42	5.72
bhkk	14	42	5.72
bhkk	14	42	5.72
bhkk	14	42	5.72333
bhkk	14	42	5.72
bhkk	14	42	5.72
bhkk	14	42	5.72333
bhkk	14	42	5.72667
bhkk	14	42	5.72333
bhkk	14	42	5.74
bhkk	14	42	5.72333
bhkk	14	42	5.72
bhkk	14	42	5.73
bhkk	14	42	5.72
bhkk	14	42	5.72
bhkk	14	42	5.72667
bhkk	14	42	5.73
bhkk	14	42	5.72667
bhkk	14	42	5.71667
bhkk	14	42	5.72333
bhkk	14	42	5.72333
bhkk	14	42	5.72333
bhkk	14	42	5.72333
bhkk	14	42	5.72333
bhkk	14	42	5.74667
bhkk	14	42	5.72
bhkk	14	42	5.72333
bhkk	14	42	5.72333
bhkk	14	42	5.72333
bhkk	14	44	4.92
bhkk	14	44	4.91667
bhkk	14	44	4.91667
bhkk	14	44	4.92
bhkk	14	44	4.91667
bhkk	14	44	4.91333
bhkk	14	44	4.91667
bhkk	14	44	4.91667
bhkk	14	44	4.91667
bhkk	14	44	4.92
bhkk	14	44	4.91667
bhkk	14	44	4.91667
bhkk	14	44	4.92
bhkk	14	44	4.91333
bhkk	14	44	4.91667
bhkk	14	44	4.91667
bhkk	14	44	4.91667
bhkk	14	44	4.91667
bhkk	14	44	4.91333
bhkk	14	44	4.91333
bhkk	14	44	4.92
bhkk	14	44	4.91667
bhkk	14	44	4.91667
bhkk	14	44	4.91667
bhkk	14	44	4.91
bhkk	14	44	4.91667
bhkk	14	44	4.91667
bhkk	14	44	4.91667
bhkk	14	44	4.91667
bhkk	14	44	4.91667
bhkk	14	44	4.91667
bhkk	14	44	4.91333
bhkk	14	44	4.91667
bhkk	14	44	4.91667
bhkk	14	44	4.91667
bhkk	14	44	4.91333
bhkk	14	44	4.91667
bhkk	14	44	4.91667
bhkk	14	44	4.91667
bhkk	14	44	4.91333
bhkk	14	44	4.91667
bhkk	14	44	4.91667
bhkk	14	44	4.92
bhkk	14	44	4.91333
bhkk	14	44	4.92
bhkk	14	44	4.91667
bhkk	14	44	4.91667
bhkk	14	44	4.91667
bhkk	14	44	4.91667
bhkk	14	44	4.91333
bhkk	14	46	5.65667
bhkk	14	46	5.65333
bhkk	14	46	5.65667
bhkk	14	46	5.65
bhkk	14	46	5.65667
bhkk	14	46	5.66
bhkk	14	46	5.65333
bhkk	14	46	5.65667
bhkk	14	46	5.65333
bhkk	14	46	5.65667
bhkk	14	46	5.66
bhkk	14	46	5.65667
bhkk	14	46	5.66
bhkk	14	46	5.66
bhkk	14	46	5.65667
bhkk	14	46	5.65667
bhkk	14	46	5.65667
bhkk	14	46	5.65667
bhkk	14	46	5.65667
bhkk	14	46	5.66
bhkk	14	46	5.65667
bhkk	14	46	5.65333
bhkk	14	46	5.65
bhkk	14	46	5.65667
bhkk	14	46	5.65667
bhkk	14	46	5.65667
bhkk	14	46	5.66
bhkk	14	46	5.66
bhkk	14	46	5.65667
bhkk	14	46	5.65667
bhkk	14	46	5.65
bhkk	14	46	5.65333
bhkk	14	46	5.65333
bhkk	14	46	5.65
bhkk	14	46	5.65667
bhkk	14	46	5.65
bhkk	14	46	5.65
bhkk	14	46	5.65667
bhkk	14	46	5.65
bhkk	14	46	5.65667
bhkk	14	46	5.65667
bhkk	14	46	5.65667
bhkk	14	46	5.65667
bhkk	14	46	5.66
bhkk	14	46	5.65667
bhkk	14	46	5.65667
bhkk	14	46	5.65333
bhkk	14	46	5.65333
bhkk	14	46	5.65667
bhkk	14	46	5.65667
bhkk	14	48	12.8633
bhkk	14	48	12.8333
bhkk	14	48	12.84
bhkk	14	48	12.84
bhkk	14	48	12.8367
bhkk	14	48	12.84
bhkk	14	48	6.42333
bhkk	14	48	12.8367
bhkk	14	48	12.84
bhkk	14	48	12.8367
bhkk	14	48	12.8367
bhkk	14	48	12.8433
bhkk	14	48	12.83
bhkk	14	48	12.84
bhkk	14	48	12.8367
bhkk	14	48	12.8367
bhkk	14	48	12.84
bhkk	14	48	12.8367
bhkk	14	48	12.8233
bhkk	14	48	12.84
bhkk	14	48	6.42
bhkk	14	48	12.8433
bhkk	14	48	12.8367
bhkk	14	48	6.42
bhkk	14	48	12.83
bhkk	14	48	12.84
bhkk	14	48	12.8367
bhkk	14	48	12.84
bhkk	14	48	12.84
bhkk	14	48	12.8333
bhkk	14	48	12.8367
bhkk	14	48	12.8367
bhkk	14	48	12.8333
bhkk	14	48	12.84
bhkk	14	48	12.8367
bhkk	14	48	12.8333
bhkk	14	48	12.8367
bhkk	14	48	12.8367
bhkk	14	48	12.8433
bhkk	14	48	12.8367
bhkk	14	48	12.8267
bhkk	14	48	12.84
bhkk	14	48	6.42
bhkk	14	48	12.84
bhkk	14	48	12.8367
bhkk	14	48	12.8233
bhkk	14	48	12.8333
bhkk	14	48	12.84
bhkk	14	48	12.8367
bhkk	14	48	12.8467
bhkk	14	50	11.65
bhkk	14	50	11.66
bhkk	14	50	11.65
bhkk	14	50	11.6533
bhkk	14	50	11.6667
bhkk	14	50	11.65
bhkk	14	50	11.6433
bhkk	14	50	11.6433
bhkk	14	50	11.65
bhkk	14	50	11.6533
bhkk	14	50	11.6567
bhkk	14	50	11.6467
bhkk	14	50	11.65
bhkk	14	50	11.6533
bhkk	14	50	11.6533
bhkk	14	50	11.65
bhkk	14	50	11.6533
bhkk	14	50	11.6467
bhkk	14	50	11.6467
bhkk	14	50	11.6633
bhkk	14	50	11.6467
bhkk	14	50	11.65
bhkk	14	50	11.65
bhkk	14	50	11.65
bhkk	14	50	11.6733
bhkk	14	50	11.6433
bhkk	14	50	11.65
bhkk	14	50	11.6433
bhkk	14	50	11.66
bhkk	14	50	11.66
bhkk	14	50	11.65
bhkk	14	50	11.6533
bhkk	14	50	11.6467
bhkk	14	50	11.65
bhkk	14	50	11.6467
bhkk	14	50	11.6467
bhkk	14	50	11.65
bhkk	14	50	11.65
bhkk	14	50	11.6533
bhkk	14	50	11.64
bhkk	14	50	11.6467
bhkk	14	50	11.6433
bhkk	14	50	11.6433
bhkk	14	50	11.6533
bhkk	14	50	11.65
bhkk	14	50	11.65
bhkk	14	50	11.65
bhkk	14	50	11.65
bhkk	14	50	11.6533
bhkk	14	50	11.6533
bhkk	14	52	15.18
bhkk	14	52	15.1467
bhkk	14	52	15.1767
bhkk	14	52	15.1467
bhkk	14	52	15.1467
bhkk	14	52	15.1433
bhkk	14	52	15.1567
bhkk	14	52	15.1467
bhkk	14	52	15.15
bhkk	14	52	15.1467
bhkk	14	52	15.1533
bhkk	14	52	15.1467
bhkk	14	52	15.1467
bhkk	14	52	15.15
bhkk	14	52	15.1467
bhkk	14	52	15.1433
bhkk	14	52	15.15
bhkk	14	52	15.1467
bhkk	14	52	15.1467
bhkk	14	52	15.1433
bhkk	14	52	15.15
bhkk	14	52	15.1467
bhkk	14	52	15.1467
bhkk	14	52	15.15
bhkk	14	52	15.15
bhkk	14	52	15.1533
bhkk	14	52	15.1433
bhkk	14	52	15.1633
bhkk	14	52	15.1467
bhkk	14	52	15.1567
bhkk	14	52	15.1567
bhkk	14	52	15.17
bhkk	14	52	15.15
bhkk	14	52	15.1433
bhkk	14	52	15.1567
bhkk	14	52	15.1467
bhkk	14	52	15.1533
bhkk	14	52	15.1467
bhkk	14	52	15.1433
bhkk	14	52	15.14
bhkk	14	52	15.15
bhkk	14	52	15.15
bhkk	14	52	15.17
bhkk	14	52	15.1567
bhkk	14	52	15.1533
bhkk	14	52	15.15
bhkk	14	52	15.15
bhkk	14	52	15.15
bhkk	14	52	15.1433
bhkk	14	52	15.1533
bhkk	14	54	13.9367
bhkk	14	54	13.9467
bhkk	14	54	13.9433
bhkk	14	54	13.94
bhkk	14	54	13.9433
bhkk	14	54	13.94
bhkk	14	54	13.9433
bhkk	14	54	13.94
bhkk	14	54	13.94
bhkk	14	54	13.9467
bhkk	14	54	13.9333
bhkk	14	54	13.9367
bhkk	14	54	13.9433
bhkk	14	54	13.94
bhkk	14	54	13.94
bhkk	14	54	13.9333
bhkk	14	54	13.94
bhkk	14	54	13.9433
bhkk	14	54	13.9433
bhkk	14	54	13.9433
bhkk	14	54	13.9333
bhkk	14	54	13.94
bhkk	14	54	13.9433
bhkk	14	54	13.9433
bhkk	14	54	13.94
bhkk	14	54	13.94
bhkk	14	54	13.9433
bhkk	14	54	13.9367
bhkk	14	54	13.9433
bhkk	14	54	13.9467
bhkk	14	54	13.94
bhkk	14	54	13.94
bhkk	14	54	13.9433
bhkk	14	54	13.9433
bhkk	14	54	13.94
bhkk	14	54	13.9433
bhkk	14	54	13.94
bhkk	14	54	13.9367
bhkk	14	54	13.9467
bhkk	14	54	13.9367
bhkk	14	54	13.9533
bhkk	14	54	13.94
bhkk	14	54	13.9367
bhkk	14	54	13.9433
bhkk	14	54	13.9433
bhkk	14	54	13.95
bhkk	14	54	13.9433
bhkk	14	54	13.9367
bhkk	14	54	13.9433
bhkk	14	54	13.9367
bhkk	14	56	16.6867
bhkk	14	56	16.68
bhkk	14	56	16.6633
bhkk	14	56	16.68
bhkk	14	56	16.6967
bhkk	14	56	16.69
bhkk	14	56	16.74
bhkk	14	56	16.6867
bhkk	14	56	16.6767
bhkk	14	56	16.6767
bhkk	14	56	16.6867
bhkk	14	56	16.6767
bhkk	14	56	16.6733
bhkk	14	56	16.7333
bhkk	14	56	16.74
bhkk	14	56	16.6933
bhkk	14	56	16.7167
bhkk	14	56	16.7267
bhkk	14	56	16.7167
bhkk	14	56	16.72
bhkk	14	56	16.7467
bhkk	14	56	16.74
bhkk	14	56	16.7533
bhkk	14	56	16.71
bhkk	14	56	16.73
bhkk	14	56	16.64
bhkk	14	56	16.6533
bhkk	14	56	16.6833
bhkk	14	56	16.69
bhkk	14	56	16.6867
bhkk	14	56	16.72
bhkk	14	56	16.7
bhkk	14	56	16.7067
bhkk	14	56	16.69
bhkk	14	56	16.7067
bhkk	14	56	16.7067
bhkk	14	56	16.69
bhkk	14	56	16.7233
bhkk	14	56	16.65
bhkk	14	56	16.6633
bhkk	14	56	16.68
bhkk	14	56	16.69
bhkk	14	56	16.7067
bhkk	14	56	16.67
bhkk	14	56	16.7133
bhkk	14	56	16.7133
bhkk	14	56	16.74
bhkk	14	56	16.7667
bhkk	14	56	16.7267
bhkk	14	56	16.7667
bhkk	14	58	16.3433
bhkk	14	58	16.3267
bhkk	14	58	16.3267
bhkk	14	58	16.3233
bhkk	14	58	16.3233
bhkk	14	58	16.3267
bhkk	14	58	16.3233
bhkk	14	58	16.3267
bhkk	14	58	16.3267
bhkk	14	58	16.3233
bhkk	14	58	16.3267
bhkk	14	58	16.3267
bhkk	14	58	16.3267
bhkk	14	58	16.3267
bhkk	14	58	16.3233
bhkk	14	58	16.3267
bhkk	14	58	16.3233
bhkk	14	58	16.3267
bhkk	14	58	16.3267
bhkk	14	58	16.3267
bhkk	14	58	16.3267
bhkk	14	58	16.33
bhkk	14	58	16.3167
bhkk	14	58	16.3267
bhkk	14	58	16.32
bhkk	14	58	16.3233
bhkk	14	58	16.32
bhkk	14	58	16.3167
bhkk	14	58	16.3267
bhkk	14	58	16.3167
bhkk	14	58	16.3233
bhkk	14	58	16.3267
bhkk	14	58	16.3167
bhkk	14	58	16.3267
bhkk	14	58	16.3233
bhkk	14	58	16.3167
bhkk	14	58	16.3233
bhkk	14	58	16.3267
bhkk	14	58	16.3167
bhkk	14	58	16.32
bhkk	14	58	16.32
bhkk	14	58	16.3167
bhkk	14	58	16.32
bhkk	14	58	16.3267
bhkk	14	58	16.32
bhkk	14	58	16.3167
bhkk	14	58	16.32
bhkk	14	58	16.3133
bhkk	14	58	16.32
bhkk	14	58	16.32
bhkk	14	60	17.0633
bhkk	14	60	17.0233
bhkk	14	60	17.0233
bhkk	14	60	17.0167
bhkk	14	60	17.03
bhkk	14	60	17.0233
bhkk	14	60	17.0233
bhkk	14	60	17.02
bhkk	14	60	17.0233
bhkk	14	60	17.02
bhkk	14	60	17.0133
bhkk	14	60	17.02
bhkk	14	60	17.0233
bhkk	14	60	17.0167
bhkk	14	60	17.02
bhkk	14	60	17.02
bhkk	14	60	17.02
bhkk	14	60	17.02
bhkk	14	60	17.0233
bhkk	14	60	17.0167
bhkk	14	60	17.0167
bhkk	14	60	17.0167
bhkk	14	60	17.0233
bhkk	14	60	17.0267
bhkk	14	60	17.0233
bhkk	14	60	17.0233
bhkk	14	60	17.0233
bhkk	14	60	17.0167
bhkk	14	60	17.0233
bhkk	14	60	17.0267
bhkk	14	60	17.0233
bhkk	14	60	17.0167
bhkk	14	60	17.0233
bhkk	14	60	17.01
bhkk	14	60	17.0133
bhkk	14	60	17.0233
bhkk	14	60	17.0167
bhkk	14	60	17.0233
bhkk	14	60	17.01
bhkk	14	60	17.0233
bhkk	14	60	17.02
bhkk	14	60	17.0167
bhkk	14	60	17.02
bhkk	14	60	17.02
bhkk	14	60	17.02
bhkk	14	60	17.02
bhkk	14	60	17.0233
bhkk	14	60	17.0167
bhkk	14	60	17.0233
bhkk	14	60	17.0267
bhkk	14	62	17.7367
bhkk	14	62	17.7233
bhkk	14	62	17.72
bhkk	14	62	17.7167
bhkk	14	62	17.7133
bhkk	14	62	17.7167
bhkk	14	62	17.72
bhkk	14	62	17.7167
bhkk	14	62	17.7167
bhkk	14	62	17.72
bhkk	14	62	17.7167
bhkk	14	62	17.71
bhkk	14	62	17.7167
bhkk	14	62	17.72
bhkk	14	62	17.7167
bhkk	14	62	17.7167
bhkk	14	62	17.72
bhkk	14	62	17.7233
bhkk	14	62	17.7233
bhkk	14	62	17.7233
bhkk	14	62	17.7233
bhkk	14	62	17.7233
bhkk	14	62	17.7233
bhkk	14	62	17.72
bhkk	14	62	17.72
bhkk	14	62	17.72
bhkk	14	62	17.7167
bhkk	14	62	17.7133
bhkk	14	62	17.72
bhkk	14	62	17.7267
bhkk	14	62	17.72
bhkk	14	62	17.72
bhkk	14	62	17.72
bhkk	14	62	17.7167
bhkk	14	62	17.74
bhkk	14	62	17.7233
bhkk	14	62	17.72
bhkk	14	62	17.7167
bhkk	14	62	17.72
bhkk	14	62	17.72
bhkk	14	62	17.7167
bhkk	14	62	17.7167
bhkk	14	62	17.7133
bhkk	14	62	17.7167
bhkk	14	62	17.7267
bhkk	14	62	17.7233
bhkk	14	62	17.72
bhkk	14	62	17.72
bhkk	14	62	17.7067
bhkk	14	62	17.71
bhkk	14	64	18.4367
bhkk	14	64	18.4267
bhkk	14	64	18.4133
bhkk	14	64	18.42
bhkk	14	64	18.4167
bhkk	14	64	18.4233
bhkk	14	64	18.42
bhkk	14	64	18.42
bhkk	14	64	18.42
bhkk	14	64	18.42
bhkk	14	64	18.4167
bhkk	14	64	18.4167
bhkk	14	64	18.4
bhkk	14	64	18.4167
bhkk	14	64	18.4233
bhkk	14	64	18.4133
bhkk	14	64	18.4167
bhkk	14	64	18.4167
bhkk	14	64	18.42
bhkk	14	64	18.4167
bhkk	14	64	18.42
bhkk	14	64	18.4167
bhkk	14	64	18.4133
bhkk	14	64	18.4067
bhkk	14	64	18.42
bhkk	14	64	18.4167
bhkk	14	64	18.4167
bhkk	14	64	18.4333
bhkk	14	64	18.4067
bhkk	14	64	18.4167
bhkk	14	64	18.4167
bhkk	14	64	18.41
bhkk	14	64	18.4133
bhkk	14	64	18.4167
bhkk	14	64	18.3933
bhkk	14	64	18.4133
bhkk	14	64	18.42
bhkk	14	64	18.4167
bhkk	14	64	18.4133
bhkk	14	64	18.4167
bhkk	14	64	18.4133
bhkk	14	64	18.4133
bhkk	14	64	18.4233
bhkk	14	64	18.4133
bhkk	14	64	18.4167
bhkk	14	64	18.42
bhkk	14	64	18.42
bhkk	14	64	18.42
bhkk	14	64	18.42
bhkk	14	64	18.42
bhkk	14	66	16.5133
bhkk	14	66	16.5
bhkk	14	66	16.5133
bhkk	14	66	16.5067
bhkk	14	66	16.5067
bhkk	14	66	16.51
bhkk	14	66	16.5
bhkk	14	66	16.51
bhkk	14	66	16.5033
bhkk	14	66	16.5133
bhkk	14	66	16.5067
bhkk	14	66	16.51
bhkk	14	66	16.5133
bhkk	14	66	16.5033
bhkk	14	66	16.5067
bhkk	14	66	16.5067
bhkk	14	66	16.5067
bhkk	14	66	16.5033
bhkk	14	66	16.51
bhkk	14	66	16.51
bhkk	14	66	16.51
bhkk	14	66	16.51
bhkk	14	66	16.51
bhkk	14	66	16.5133
bhkk	14	66	16.5067
bhkk	14	66	16.5033
bhkk	14	66	16.5
bhkk	14	66	16.5067
bhkk	14	66	16.5067
bhkk	14	66	16.5067
bhkk	14	66	16.5067
bhkk	14	66	16.5067
bhkk	14	66	16.5067
bhkk	14	66	16.5067
bhkk	14	66	16.5033
bhkk	14	66	16.51
bhkk	14	66	16.5067
bhkk	14	66	16.5067
bhkk	14	66	16.51
bhkk	14	66	16.51
bhkk	14	66	16.5067
bhkk	14	66	16.51
bhkk	14	66	16.51
bhkk	14	66	16.51
bhkk	14	66	16.51
bhkk	14	66	16.5067
bhkk	14	66	16.51
bhkk	14	66	16.5133
bhkk	14	66	16.51
bhkk	14	66	16.51
bhkk	14	68	18.5433
bhkk	14	68	18.5533
bhkk	14	68	18.5533
bhkk	14	68	18.55
bhkk	14	68	18.5433
bhkk	14	68	18.5467
bhkk	14	68	18.55
bhkk	14	68	18.54
bhkk	14	68	18.55
bhkk	14	68	18.5467
bhkk	14	68	18.5467
bhkk	14	68	18.55
bhkk	14	68	18.5567
bhkk	14	68	18.5633
bhkk	14	68	18.55
bhkk	14	68	18.5467
bhkk	14	68	18.5467
bhkk	14	68	18.5433
bhkk	14	68	18.5533
bhkk	14	68	18.55
bhkk	14	68	18.5467
bhkk	14	68	18.55
bhkk	14	68	18.5433
bhkk	14	68	18.56
bhkk	14	68	18.5467
bhkk	14	68	18.55
bhkk	14	68	18.5433
bhkk	14	68	18.5533
bhkk	14	68	18.5467
bhkk	14	68	18.55
bhkk	14	68	18.55
bhkk	14	68	18.55
bhkk	14	68	18.54
bhkk	14	68	18.55
bhkk	14	68	18.5467
bhkk	14	68	18.55
bhkk	14	68	18.5467
bhkk	14	68	18.55
bhkk	14	68	18.5467
bhkk	14	68	18.5433
bhkk	14	68	18.5433
bhkk	14	68	18.5433
bhkk	14	68	18.55
bhkk	14	68	18.5467
bhkk	14	68	18.5567
bhkk	14	68	18.5433
bhkk	14	68	18.5433
bhkk	14	68	18.5467
bhkk	14	68	18.5467
bhkk	14	68	18.55
bhkk	14	70	19.2067
bhkk	14	70	19.2067
bhkk	14	70	19.21
bhkk	14	70	19.2067
bhkk	14	70	19.2067
bhkk	14	70	19.2033
bhkk	14	70	19.21
bhkk	14	70	19.21
bhkk	14	70	19.21
bhkk	14	70	19.2033
bhkk	14	70	19.21
bhkk	14	70	19.2067
bhkk	14	70	19.2033
bhkk	14	70	19.2033
bhkk	14	70	19.21
bhkk	14	70	19.21
bhkk	14	70	19.21
bhkk	14	70	19.2067
bhkk	14	70	19.2067
bhkk	14	70	19.2
bhkk	14	70	19.2133
bhkk	14	70	19.2133
bhkk	14	70	19.2133
bhkk	14	70	19.2167
bhkk	14	70	19.2067
bhkk	14	70	19.21
bhkk	14	70	19.2033
bhkk	14	70	19.2067
bhkk	14	70	19.2067
bhkk	14	70	19.21
bhkk	14	70	19.2033
bhkk	14	70	19.2067
bhkk	14	70	19.2
bhkk	14	70	19.2067
bhkk	14	70	19.2033
bhkk	14	70	19.21
bhkk	14	70	19.2067
bhkk	14	70	19.2133
bhkk	14	70	19.2033
bhkk	14	70	19.21
bhkk	14	70	19.21
bhkk	14	70	19.2067
bhkk	14	70	19.21
bhkk	14	70	19.2067
bhkk	14	70	19.2067
bhkk	14	70	19.21
bhkk	14	70	19.2133
bhkk	14	70	19.2
bhkk	14	70	19.2067
bhkk	14	70	19.2033
bhkk	14	72	18.4267
bhkk	14	72	18.3367
bhkk	14	72	18.3767
bhkk	14	72	18.42
bhkk	14	72	18.33
bhkk	14	72	18.3267
bhkk	14	72	18.4733
bhkk	14	72	18.3333
bhkk	14	72	18.3533
bhkk	14	72	18.3267
bhkk	14	72	18.3333
bhkk	14	72	18.3333
bhkk	14	72	18.4267
bhkk	14	72	18.3367
bhkk	14	72	18.4033
bhkk	14	72	18.3333
bhkk	14	72	18.3367
bhkk	14	72	18.3367
bhkk	14	72	18.3267
bhkk	14	72	18.3267
bhkk	14	72	18.33
bhkk	14	72	18.3367
bhkk	14	72	18.3267
bhkk	14	72	18.3367
bhkk	14	72	18.3367
bhkk	14	72	18.3333
bhkk	14	72	18.3333
bhkk	14	72	18.33
bhkk	14	72	18.33
bhkk	14	72	18.3367
bhkk	14	72	18.33
bhkk	14	72	18.3267
bhkk	14	72	18.3267
bhkk	14	72	18.3633
bhkk	14	72	18.54
bhkk	14	72	18.3333
bhkk	14	72	18.3867
bhkk	14	72	18.4333
bhkk	14	72	18.34
bhkk	14	72	18.3733
bhkk	14	72	18.3267
bhkk	14	72	18.3333
bhkk	14	72	18.33
bhkk	14	72	18.49
bhkk	14	72	18.82
bhkk	14	72	18.3333
bhkk	14	72	18.3267
bhkk	14	72	18.33
bhkk	14	72	18.68
bhkk	14	72	18.4933
bhkk	14	74	23.3367
bhkk	14	74	23.3233
bhkk	14	74	23.3233
bhkk	14	74	23.3033
bhkk	14	74	23.3067
bhkk	14	74	23.3567
bhkk	14	74	23.3167
bhkk	14	74	23.2967
bhkk	14	74	23.2967
bhkk	14	74	23.31
bhkk	14	74	23.3033
bhkk	14	74	23.3
bhkk	14	74	23.3133
bhkk	14	74	23.3
bhkk	14	74	23.3
bhkk	14	74	23.3
bhkk	14	74	23.35
bhkk	14	74	23.3
bhkk	14	74	23.3033
bhkk	14	74	23.3033
bhkk	14	74	23.31
bhkk	14	74	23.32
bhkk	14	74	23.3033
bhkk	14	74	23.3
bhkk	14	74	23.3067
bhkk	14	74	23.3133
bhkk	14	74	23.3067
bhkk	14	74	23.3067
bhkk	14	74	23.3
bhkk	14	74	23.3
bhkk	14	74	23.3
bhkk	14	74	23.3033
bhkk	14	74	23.31
bhkk	14	74	23.31
bhkk	14	74	23.31
bhkk	14	74	23.3133
bhkk	14	74	23.3067
bhkk	14	74	23.3
bhkk	14	74	23.3
bhkk	14	74	23.3
bhkk	14	74	23.3
bhkk	14	74	23.31
bhkk	14	74	23.31
bhkk	14	74	23.3
bhkk	14	74	23.2967
bhkk	14	74	23.2967
bhkk	14	74	23.3067
bhkk	14	74	23.31
bhkk	14	74	23.3133
bhkk	14	74	23.3067
bhkk	14	76	24.0733
bhkk	14	76	24.0467
bhkk	14	76	24.0367
bhkk	14	76	24.04
bhkk	14	76	24.04
bhkk	14	76	24.0367
bhkk	14	76	24.0367
bhkk	14	76	24.04
bhkk	14	76	24.0433
bhkk	14	76	24.0367
bhkk	14	76	24.0433
bhkk	14	76	24.0367
bhkk	14	76	24.0367
bhkk	14	76	24.0433
bhkk	14	76	24.0467
bhkk	14	76	24.0367
bhkk	14	76	24.04
bhkk	14	76	24.0433
bhkk	14	76	24.04
bhkk	14	76	24.0333
bhkk	14	76	24.0433
bhkk	14	76	24.05
bhkk	14	76	24.0367
bhkk	14	76	24.0367
bhkk	14	76	24.04
bhkk	14	76	24.06
bhkk	14	76	24.04
bhkk	14	76	24.04
bhkk	14	76	24.04
bhkk	14	76	24.04
bhkk	14	76	24.0433
bhkk	14	76	24.0367
bhkk	14	76	24.0433
bhkk	14	76	24.0433
bhkk	14	76	24.0367
bhkk	14	76	24.03
bhkk	14	76	24.04
bhkk	14	76	24.04
bhkk	14	76	24.0367
bhkk	14	76	24.0433
bhkk	14	76	24.0533
bhkk	14	76	24.0333
bhkk	14	76	24.0333
bhkk	14	76	24.04
bhkk	14	76	24.0267
bhkk	14	76	24.0367
bhkk	14	76	24.0367
bhkk	14	76	24.0367
bhkk	14	76	24.04
bhkk	14	76	24.0533
bhkk	14	78	20.6833
bhkk	14	78	20.6867
bhkk	14	78	20.68
bhkk	14	78	20.6833
bhkk	14	78	20.6867
bhkk	14	78	20.6867
bhkk	14	78	20.6867
bhkk	14	78	20.6867
bhkk	14	78	20.6833
bhkk	14	78	20.6833
bhkk	14	78	20.68
bhkk	14	78	20.6833
bhkk	14	78	20.68
bhkk	14	78	20.6867
bhkk	14	78	20.6767
bhkk	14	78	20.6867
bhkk	14	78	20.69
bhkk	14	78	20.6867
bhkk	14	78	20.68
bhkk	14	78	20.6867
bhkk	14	78	20.68
bhkk	14	78	20.68
bhkk	14	78	20.6833
bhkk	14	78	20.6833
bhkk	14	78	20.6833
bhkk	14	78	20.6833
bhkk	14	78	20.6867
bhkk	14	78	20.6867
bhkk	14	78	20.68
bhkk	14	78	20.68
bhkk	14	78	20.6833
bhkk	14	78	20.6833
bhkk	14	78	20.68
bhkk	14	78	20.6867
bhkk	14	78	20.69
bhkk	14	78	20.6833
bhkk	14	78	20.6867
bhkk	14	78	20.6767
bhkk	14	78	20.6933
bhkk	14	78	20.6833
bhkk	14	78	20.69
bhkk	14	78	20.6833
bhkk	14	78	20.69
bhkk	14	78	20.6867
bhkk	14	78	20.6867
bhkk	14	78	20.6833
bhkk	14	78	20.68
bhkk	14	78	20.6833
bhkk	14	78	20.6833
bhkk	14	78	20.6833
bhkk	14	80	25.53
bhkk	14	80	25.5533
bhkk	14	80	25.54
bhkk	14	80	25.5267
bhkk	14	80	25.52
bhkk	14	80	25.5233
bhkk	14	80	25.5267
bhkk	14	80	25.53
bhkk	14	80	25.5233
bhkk	14	80	25.52
bhkk	14	80	25.5333
bhkk	14	80	25.5067
bhkk	14	80	25.5233
bhkk	14	80	25.5267
bhkk	14	80	25.52
bhkk	14	80	25.5233
bhkk	14	80	25.5267
bhkk	14	80	25.5267
bhkk	14	80	25.52
bhkk	14	80	25.5267
bhkk	14	80	25.53
bhkk	14	80	25.52
bhkk	14	80	25.53
bhkk	14	80	25.5233
bhkk	14	80	25.5267
bhkk	14	80	25.5233
bhkk	14	80	25.5267
bhkk	14	80	25.5233
bhkk	14	80	25.52
bhkk	14	80	25.53
bhkk	14	80	25.5267
bhkk	14	80	25.5233
bhkk	14	80	25.5333
bhkk	14	80	25.52
bhkk	14	80	25.5233
bhkk	14	80	25.53
bhkk	14	80	25.5167
bhkk	14	80	25.5333
bhkk	14	80	25.5333
bhkk	14	80	25.5333
bhkk	14	80	25.53
bhkk	14	80	25.5367
bhkk	14	80	25.5267
bhkk	14	80	25.5267
bhkk	14	80	25.5267
bhkk	14	80	25.5267
bhkk	14	80	25.52
bhkk	14	80	25.5267
bhkk	14	80	25.5333
bhkk	14	80	25.52
bhkk	14	82	23.16
bhkk	14	82	23.1533
bhkk	14	82	23.15
bhkk	14	82	23.16
bhkk	14	82	23.1733
bhkk	14	82	23.16
bhkk	14	82	23.16
bhkk	14	82	23.1633
bhkk	14	82	23.1533
bhkk	14	82	23.1633
bhkk	14	82	23.1633
bhkk	14	82	23.17
bhkk	14	82	23.17
bhkk	14	82	23.1567
bhkk	14	82	23.16
bhkk	14	82	23.1567
bhkk	14	82	23.1633
bhkk	14	82	23.16
bhkk	14	82	23.16
bhkk	14	82	23.1567
bhkk	14	82	23.1667
bhkk	14	82	23.1567
bhkk	14	82	23.1533
bhkk	14	82	23.16
bhkk	14	82	23.1667
bhkk	14	82	23.1467
bhkk	14	82	23.1667
bhkk	14	82	23.16
bhkk	14	82	23.1733
bhkk	14	82	23.15
bhkk	14	82	23.16
bhkk	14	82	23.1633
bhkk	14	82	23.1567
bhkk	14	82	23.1567
bhkk	14	82	23.1567
bhkk	14	82	23.1633
bhkk	14	82	23.1667
bhkk	14	82	23.1633
bhkk	14	82	23.1633
bhkk	14	82	23.1667
bhkk	14	82	23.16
bhkk	14	82	23.1533
bhkk	14	82	23.1567
bhkk	14	82	23.16
bhkk	14	82	23.1533
bhkk	14	82	23.16
bhkk	14	82	23.1633
bhkk	14	82	23.1633
bhkk	14	82	23.16
bhkk	14	82	23.1533
bhkk	14	84	22.5567
bhkk	14	84	22.5533
bhkk	14	84	22.5633
bhkk	14	84	22.5567
bhkk	14	84	22.5567
bhkk	14	84	22.56
bhkk	14	84	22.56
bhkk	14	84	22.5567
bhkk	14	84	22.5533
bhkk	14	84	22.56
bhkk	14	84	22.5567
bhkk	14	84	22.5567
bhkk	14	84	22.5533
bhkk	14	84	22.5533
bhkk	14	84	22.55
bhkk	14	84	22.5567
bhkk	14	84	22.56
bhkk	14	84	22.5533
bhkk	14	84	22.56
bhkk	14	84	22.5567
bhkk	14	84	22.5567
bhkk	14	84	22.56
bhkk	14	84	22.5633
bhkk	14	84	22.56
bhkk	14	84	22.5633
bhkk	14	84	22.5633
bhkk	14	84	22.5567
bhkk	14	84	22.5567
bhkk	14	84	22.5567
bhkk	14	84	22.56
bhkk	14	84	22.56
bhkk	14	84	22.5567
bhkk	14	84	22.56
bhkk	14	84	22.5533
bhkk	14	84	22.5567
bhkk	14	84	22.55
bhkk	14	84	22.5567
bhkk	14	84	22.55
bhkk	14	84	22.5567
bhkk	14	84	22.56
bhkk	14	84	22.5567
bhkk	14	84	22.5533
bhkk	14	84	22.5567
bhkk	14	84	22.5533
bhkk	14	84	22.5533
bhkk	14	84	22.5533
bhkk	14	84	22.56
bhkk	14	84	22.5567
bhkk	14	84	22.5633
bhkk	14	84	22.5567
bhkk	14	86	27.7833
bhkk	14	86	27.7867
bhkk	14	86	27.77
bhkk	14	86	27.7667
bhkk	14	86	27.7667
bhkk	14	86	27.7567
bhkk	14	86	27.7633
bhkk	14	86	27.7633
bhkk	14	86	27.76
bhkk	14	86	27.7567
bhkk	14	86	27.76
bhkk	14	86	27.76
bhkk	14	86	27.7667
bhkk	14	86	27.7633
bhkk	14	86	27.77
bhkk	14	86	27.77
bhkk	14	86	27.77
bhkk	14	86	27.7567
bhkk	14	86	27.7633
bhkk	14	86	27.77
bhkk	14	86	27.7567
bhkk	14	86	27.7567
bhkk	14	86	27.77
bhkk	14	86	27.79
bhkk	14	86	27.7633
bhkk	14	86	27.7633
bhkk	14	86	27.76
bhkk	14	86	27.7633
bhkk	14	86	27.7567
bhkk	14	86	27.7667
bhkk	14	86	27.76
bhkk	14	86	27.7667
bhkk	14	86	27.77
bhkk	14	86	27.7633
bhkk	14	86	27.7667
bhkk	14	86	27.77
bhkk	14	86	27.8333
bhkk	14	86	27.7667
bhkk	14	86	27.77
bhkk	14	86	27.7733
bhkk	14	86	27.7633
bhkk	14	86	27.77
bhkk	14	86	27.77
bhkk	14	86	27.77
bhkk	14	86	27.7867
bhkk	14	86	27.7767
bhkk	14	86	27.77
bhkk	14	86	27.7733
bhkk	14	86	27.76
bhkk	14	86	27.7633
bhkk	14	88	26.8367
bhkk	14	88	26.8067
bhkk	14	88	26.8
bhkk	14	88	26.8067
bhkk	14	88	26.8033
bhkk	14	88	26.8
bhkk	14	88	26.7967
bhkk	14	88	26.8067
bhkk	14	88	26.8
bhkk	14	88	26.8
bhkk	14	88	26.81
bhkk	14	88	26.81
bhkk	14	88	26.8033
bhkk	14	88	26.81
bhkk	14	88	26.8067
bhkk	14	88	26.7967
bhkk	14	88	26.8067
bhkk	14	88	26.8033
bhkk	14	88	26.7967
bhkk	14	88	26.8067
bhkk	14	88	26.8133
bhkk	14	88	26.8033
bhkk	14	88	26.8067
bhkk	14	88	26.8
bhkk	14	88	26.81
bhkk	14	88	26.81
bhkk	14	88	26.81
bhkk	14	88	26.8067
bhkk	14	88	26.8067
bhkk	14	88	26.8067
bhkk	14	88	26.7733
bhkk	14	88	26.8033
bhkk	14	88	26.7933
bhkk	14	88	26.81
bhkk	14	88	26.8033
bhkk	14	88	26.8067
bhkk	14	88	26.8067
bhkk	14	88	26.8067
bhkk	14	88	26.8033
bhkk	14	88	26.8
bhkk	14	88	26.8067
bhkk	14	88	26.81
bhkk	14	88	26.8067
bhkk	14	88	26.8067
bhkk	14	88	26.8033
bhkk	14	88	26.8033
bhkk	14	88	26.81
bhkk	14	88	26.8167
bhkk	14	88	26.81
bhkk	14	88	26.8133
bhkk	14	90	27.55
bhkk	14	90	27.5067
bhkk	14	90	27.5133
bhkk	14	90	27.5067
bhkk	14	90	27.5033
bhkk	14	90	27.5033
bhkk	14	90	27.5033
bhkk	14	90	27.5067
bhkk	14	90	27.5067
bhkk	14	90	27.5033
bhkk	14	90	27.5033
bhkk	14	90	27.4933
bhkk	14	90	27.4933
bhkk	14	90	27.5067
bhkk	14	90	27.51
bhkk	14	90	27.5067
bhkk	14	90	27.5133
bhkk	14	90	27.5033
bhkk	14	90	27.5067
bhkk	14	90	27.5067
bhkk	14	90	27.5033
bhkk	14	90	27.5033
bhkk	14	90	27.5133
bhkk	14	90	27.5
bhkk	14	90	27.51
bhkk	14	90	27.5067
bhkk	14	90	27.51
bhkk	14	90	27.5067
bhkk	14	90	27.5
bhkk	14	90	27.4933
bhkk	14	90	27.5
bhkk	14	90	27.5067
bhkk	14	90	27.5
bhkk	14	90	27.5033
bhkk	14	90	27.5033
bhkk	14	90	27.5033
bhkk	14	90	27.5
bhkk	14	90	27.5067
bhkk	14	90	27.5067
bhkk	14	90	27.5033
bhkk	14	90	27.5067
bhkk	14	90	27.5033
bhkk	14	90	27.5
bhkk	14	90	27.51
bhkk	14	90	27.51
bhkk	14	90	27.5067
bhkk	14	90	27.5067
bhkk	14	90	27.51
bhkk	14	90	27.5067
bhkk	14	90	27.5033
