bhkk	14	36	4.61667
bhkk	14	36	4.59667
bhkk	14	36	4.61
bhkk	14	36	4.6
bhkk	14	36	4.60333
bhkk	14	36	4.60667
bhkk	14	36	4.62667
bhkk	14	36	4.61
bhkk	14	36	4.6
bhkk	14	36	4.60333
bhkk	14	36	4.60333
bhkk	14	36	4.60333
bhkk	14	36	4.60333
bhkk	14	36	4.6
bhkk	14	36	4.60667
bhkk	14	36	4.6
bhkk	14	36	4.60333
bhkk	14	36	4.60667
bhkk	14	36	4.60667
bhkk	14	36	4.63
bhkk	14	36	4.61
bhkk	14	36	4.60333
bhkk	14	36	4.60667
bhkk	14	36	4.61667
bhkk	14	36	4.62667
bhkk	14	36	4.6
bhkk	14	36	4.60333
bhkk	14	36	4.60333
bhkk	14	36	4.62667
bhkk	14	36	4.60333
bhkk	14	36	4.60333
bhkk	14	36	4.6
bhkk	14	36	4.64333
bhkk	14	36	4.62667
bhkk	14	36	4.64333
bhkk	14	36	4.63
bhkk	14	36	4.6
bhkk	14	36	4.60333
bhkk	14	36	4.62667
bhkk	14	36	4.60333
bhkk	14	36	4.60333
bhkk	14	36	4.64333
bhkk	14	36	4.62
bhkk	14	36	4.62667
bhkk	14	36	4.61
bhkk	14	36	4.67
bhkk	14	36	4.63
bhkk	14	36	4.65667
bhkk	14	36	4.60667
bhkk	14	36	4.63333
