hpr	14	84	6.61
hpr	14	84	4.58
hpr	14	84	6.19
hpr	14	84	5.24
hpr	14	84	6.65
hpr	14	84	6.1
hpr	14	84	3.78
hpr	14	84	6.48
hpr	14	84	5.89
hpr	14	84	7.18
hpr	14	84	2.84
hpr	14	84	6.16
hpr	14	84	5.21
hpr	14	84	5.65
hpr	14	84	6.66
hpr	14	84	4.74
hpr	14	84	7.43
hpr	14	84	4.59
hpr	14	84	6.82
hpr	14	84	5.21
hpr	14	84	5.52
hpr	14	84	7.08
hpr	14	84	5.42
hpr	14	84	5.09
hpr	14	84	4.9
hpr	14	84	5.26
hpr	14	84	5.04
hpr	14	84	5.49
hpr	14	84	5.96
hpr	14	84	4.44
hpr	14	84	7.18
hpr	14	84	4.15
hpr	14	84	5.15
hpr	14	84	4.71
hpr	14	84	6.37
hpr	14	84	2.23
hpr	14	84	5.84
hpr	14	84	5.88
hpr	14	84	5.11
hpr	14	84	7.99
hpr	14	84	5.91
hpr	14	84	5.83
hpr	14	84	4.92
hpr	14	84	6.81
hpr	14	84	6.09
hpr	14	84	3.29
hpr	14	84	5.34
hpr	14	84	7.03
hpr	14	84	3.48
hpr	14	84	6.07
