bhkk	14	44	4.92
bhkk	14	44	4.91667
bhkk	14	44	4.91667
bhkk	14	44	4.92
bhkk	14	44	4.91667
bhkk	14	44	4.91333
bhkk	14	44	4.91667
bhkk	14	44	4.91667
bhkk	14	44	4.91667
bhkk	14	44	4.92
bhkk	14	44	4.91667
bhkk	14	44	4.91667
bhkk	14	44	4.92
bhkk	14	44	4.91333
bhkk	14	44	4.91667
bhkk	14	44	4.91667
bhkk	14	44	4.91667
bhkk	14	44	4.91667
bhkk	14	44	4.91333
bhkk	14	44	4.91333
bhkk	14	44	4.92
bhkk	14	44	4.91667
bhkk	14	44	4.91667
bhkk	14	44	4.91667
bhkk	14	44	4.91
bhkk	14	44	4.91667
bhkk	14	44	4.91667
bhkk	14	44	4.91667
bhkk	14	44	4.91667
bhkk	14	44	4.91667
bhkk	14	44	4.91667
bhkk	14	44	4.91333
bhkk	14	44	4.91667
bhkk	14	44	4.91667
bhkk	14	44	4.91667
bhkk	14	44	4.91333
bhkk	14	44	4.91667
bhkk	14	44	4.91667
bhkk	14	44	4.91667
bhkk	14	44	4.91333
bhkk	14	44	4.91667
bhkk	14	44	4.91667
bhkk	14	44	4.92
bhkk	14	44	4.91333
bhkk	14	44	4.92
bhkk	14	44	4.91667
bhkk	14	44	4.91667
bhkk	14	44	4.91667
bhkk	14	44	4.91667
bhkk	14	44	4.91333
