bhkk	14	76	24.0733
bhkk	14	76	24.0467
bhkk	14	76	24.0367
bhkk	14	76	24.04
bhkk	14	76	24.04
bhkk	14	76	24.0367
bhkk	14	76	24.0367
bhkk	14	76	24.04
bhkk	14	76	24.0433
bhkk	14	76	24.0367
bhkk	14	76	24.0433
bhkk	14	76	24.0367
bhkk	14	76	24.0367
bhkk	14	76	24.0433
bhkk	14	76	24.0467
bhkk	14	76	24.0367
bhkk	14	76	24.04
bhkk	14	76	24.0433
bhkk	14	76	24.04
bhkk	14	76	24.0333
bhkk	14	76	24.0433
bhkk	14	76	24.05
bhkk	14	76	24.0367
bhkk	14	76	24.0367
bhkk	14	76	24.04
bhkk	14	76	24.06
bhkk	14	76	24.04
bhkk	14	76	24.04
bhkk	14	76	24.04
bhkk	14	76	24.04
bhkk	14	76	24.0433
bhkk	14	76	24.0367
bhkk	14	76	24.0433
bhkk	14	76	24.0433
bhkk	14	76	24.0367
bhkk	14	76	24.03
bhkk	14	76	24.04
bhkk	14	76	24.04
bhkk	14	76	24.0367
bhkk	14	76	24.0433
bhkk	14	76	24.0533
bhkk	14	76	24.0333
bhkk	14	76	24.0333
bhkk	14	76	24.04
bhkk	14	76	24.0267
bhkk	14	76	24.0367
bhkk	14	76	24.0367
bhkk	14	76	24.0367
bhkk	14	76	24.04
bhkk	14	76	24.0533
