hpr	14	40	0.79
hpr	14	40	0.703
hpr	14	40	0.413
hpr	14	40	0.683
hpr	14	40	0.657
hpr	14	40	0.88
hpr	14	40	0.797
hpr	14	40	0.61
hpr	14	40	0.707
hpr	14	40	0.697
hpr	14	40	0.403
hpr	14	40	0.657
hpr	14	40	0.267
hpr	14	40	0.577
hpr	14	40	0.357
hpr	14	40	0.837
hpr	14	40	0.66
hpr	14	40	0.863
hpr	14	40	0.62
hpr	14	40	0.573
hpr	14	40	0.523
hpr	14	40	0.35
hpr	14	40	0.623
hpr	14	40	0.897
hpr	14	40	0.68
hpr	14	40	0.6
hpr	14	40	0.36
hpr	14	40	0.567
hpr	14	40	0.7
hpr	14	40	0.78
hpr	14	40	0.653
hpr	14	40	0.593
hpr	14	40	0.497
hpr	14	40	0.227
hpr	14	40	0.527
hpr	14	40	0.597
hpr	14	40	0.677
hpr	14	40	0.38
hpr	14	40	0.607
hpr	14	40	0.257
hpr	14	40	0.583
hpr	14	40	0.42
hpr	14	40	0.49
hpr	14	40	0.55
hpr	14	40	0.65
hpr	14	40	1.01
hpr	14	40	0.767
hpr	14	40	0.683
hpr	14	40	0.4
hpr	14	40	0.437
