bj	14	66	17.5
bj	14	66	55.2
bj	14	66	10.4
bj	14	66	33.3
bj	14	66	8.25
bj	14	66	31
bj	14	66	6.98
bj	14	66	21.7
bj	14	66	23.8
bj	14	66	8.11
bj	14	66	24.4
bj	14	66	31.3
bj	14	66	4.33
bj	14	66	6.4
bj	14	66	7.49
bj	14	66	9.24
bj	14	66	29.3
bj	14	66	25.1
bj	14	66	timeout
bj	14	66	11.2
bj	14	66	15.1
bj	14	66	20.3
bj	14	66	3.3
bj	14	66	16.4
bj	14	66	17.4
bj	14	66	6.51
bj	14	66	6.98
bj	14	66	6.78
bj	14	66	13.3
bj	14	66	17
bj	14	66	13.5
bj	14	66	5.89
bj	14	66	9
bj	14	66	17.7
bj	14	66	15.7
bj	14	66	20.5
bj	14	66	40.5
bj	14	66	11.9
bj	14	66	27.2
bj	14	66	15
bj	14	66	5.48
bj	14	66	16.1
bj	14	66	11.4
bj	14	66	10.5
bj	14	66	22.4
bj	14	66	4.46
bj	14	66	25
bj	14	66	3.78
bj	14	66	18
bj	14	66	31.5
