hpr	14	32	0.15
hpr	14	32	0.12
hpr	14	32	0.0667
hpr	14	32	0.06
hpr	14	32	0.0233
hpr	14	32	0.117
hpr	14	32	0.0833
hpr	14	32	0.0567
hpr	14	32	0.11
hpr	14	32	0.137
hpr	14	32	0.0867
hpr	14	32	0.0867
hpr	14	32	0.18
hpr	14	32	0.0567
hpr	14	32	0.08
hpr	14	32	0.0667
hpr	14	32	0.0333
hpr	14	32	0.25
hpr	14	32	0.15
hpr	14	32	0.0967
hpr	14	32	0.107
hpr	14	32	0.0667
hpr	14	32	0.103
hpr	14	32	0.07
hpr	14	32	0.117
hpr	14	32	0.103
hpr	14	32	0.0733
hpr	14	32	0.123
hpr	14	32	0.0367
hpr	13	32	0.12
hpr	14	32	0.1
hpr	14	32	0.157
hpr	14	32	0.0533
hpr	14	32	0.03
hpr	14	32	0.0833
hpr	14	32	0.167
hpr	14	32	0.06
hpr	14	32	0.0367
hpr	14	32	0.1
hpr	14	32	0.0333
hpr	14	32	0.1
hpr	14	32	0.1
hpr	14	32	0.0833
hpr	14	32	0.0833
hpr	14	32	0.08
hpr	14	32	0.03
hpr	14	32	0.11
hpr	14	32	0.0367
hpr	14	32	0.12
hpr	14	32	0.0867
