hpr	14	28	0.03
hpr	14	28	0.0333
hpr	14	28	0.0167
hpr	14	28	0.0167
hpr	14	28	0.0233
hpr	14	28	0.01
hpr	14	28	0.0367
hpr	14	28	0.0267
hpr	14	28	0.00667
hpr	14	28	0.04
hpr	14	28	0.0133
hpr	14	28	0.0267
hpr	14	28	0.0433
hpr	14	28	0.0133
hpr	14	28	0.0133
hpr	14	28	0.0333
hpr	14	28	0.02
hpr	14	28	0.03
hpr	14	28	0.00667
hpr	14	28	0.04
hpr	14	28	0.0133
hpr	14	28	0.0367
hpr	14	28	0.02
hpr	14	28	0.0367
hpr	14	28	0.0267
hpr	14	28	0.0533
hpr	14	28	0.0133
hpr	14	28	0.0533
hpr	14	28	0.0233
hpr	14	28	0.0233
hpr	14	28	0.0367
hpr	14	28	0.04
hpr	14	28	0.0167
hpr	14	28	0.0133
hpr	14	28	0.0433
hpr	14	28	0.02
hpr	14	28	0.0267
hpr	14	28	0.03
hpr	14	28	0.0133
hpr	14	28	0.0233
hpr	14	28	0.0267
hpr	14	28	0.00667
hpr	14	28	0.0267
hpr	14	28	0.0333
hpr	14	28	0.00667
hpr	14	28	0.01
hpr	14	28	0.01
hpr	14	28	0.0167
hpr	14	28	0.0133
hpr	14	28	0.0133
