bhkk	14	72	18.4267
bhkk	14	72	18.3367
bhkk	14	72	18.3767
bhkk	14	72	18.42
bhkk	14	72	18.33
bhkk	14	72	18.3267
bhkk	14	72	18.4733
bhkk	14	72	18.3333
bhkk	14	72	18.3533
bhkk	14	72	18.3267
bhkk	14	72	18.3333
bhkk	14	72	18.3333
bhkk	14	72	18.4267
bhkk	14	72	18.3367
bhkk	14	72	18.4033
bhkk	14	72	18.3333
bhkk	14	72	18.3367
bhkk	14	72	18.3367
bhkk	14	72	18.3267
bhkk	14	72	18.3267
bhkk	14	72	18.33
bhkk	14	72	18.3367
bhkk	14	72	18.3267
bhkk	14	72	18.3367
bhkk	14	72	18.3367
bhkk	14	72	18.3333
bhkk	14	72	18.3333
bhkk	14	72	18.33
bhkk	14	72	18.33
bhkk	14	72	18.3367
bhkk	14	72	18.33
bhkk	14	72	18.3267
bhkk	14	72	18.3267
bhkk	14	72	18.3633
bhkk	14	72	18.54
bhkk	14	72	18.3333
bhkk	14	72	18.3867
bhkk	14	72	18.4333
bhkk	14	72	18.34
bhkk	14	72	18.3733
bhkk	14	72	18.3267
bhkk	14	72	18.3333
bhkk	14	72	18.33
bhkk	14	72	18.49
bhkk	14	72	18.82
bhkk	14	72	18.3333
bhkk	14	72	18.3267
bhkk	14	72	18.33
bhkk	14	72	18.68
bhkk	14	72	18.4933
