bhkk	14	22	1.6
bhkk	13	22	0.719999
bhkk	14	22	1.6
bhkk	13	22	0.719999
bhkk	14	22	1.6
bhkk	14	22	1.60333
bhkk	13	22	0.719999
bhkk	13	22	0.719999
bhkk	14	22	1.6
bhkk	14	22	1.60333
bhkk	14	22	1.59667
bhkk	14	22	1.6
bhkk	14	22	1.6
bhkk	14	22	1.60333
bhkk	13	22	0.716666
bhkk	13	22	0.716666
bhkk	14	22	1.60333
bhkk	13	22	0.719999
bhkk	14	22	1.6
bhkk	13	22	0.719999
bhkk	12	22	0.316666
bhkk	14	22	1.60333
bhkk	14	22	1.6
bhkk	13	22	0.719999
bhkk	13	22	0.719999
bhkk	14	22	1.6
bhkk	14	22	1.60333
bhkk	14	22	1.6
bhkk	13	22	0.716666
bhkk	14	22	1.60333
bhkk	14	22	1.60333
bhkk	14	22	1.6
bhkk	14	22	1.6
bhkk	14	22	1.6
bhkk	14	22	1.6
bhkk	14	22	1.6
bhkk	14	22	1.6
bhkk	12	22	0.316666
bhkk	14	22	1.6
bhkk	14	22	1.6
bhkk	14	22	1.6
bhkk	14	22	1.59667
bhkk	14	22	1.60333
bhkk	14	22	1.6
bhkk	14	22	1.60333
bhkk	14	22	1.6
bhkk	14	22	1.60333
bhkk	14	22	1.60333
bhkk	13	22	0.719999
bhkk	13	22	0.719999
