hpr	14	34	0.157
hpr	14	34	0.107
hpr	14	34	0.163
hpr	14	34	0.05
hpr	14	34	0.0867
hpr	14	34	0.07
hpr	14	34	0.147
hpr	14	34	0.123
hpr	14	34	0.18
hpr	14	34	0.22
hpr	14	34	0.213
hpr	14	34	0.147
hpr	14	34	0.107
hpr	14	34	0.15
hpr	14	34	0.15
hpr	14	34	0.123
hpr	14	34	0.19
hpr	14	34	0.12
hpr	14	34	0.103
hpr	14	34	0.21
hpr	14	34	0.163
hpr	14	34	0.12
hpr	14	34	0.0867
hpr	14	34	0.147
hpr	14	34	0.253
hpr	14	34	0.0967
hpr	14	34	0.16
hpr	14	34	0.1
hpr	14	34	0.0867
hpr	14	34	0.0467
hpr	14	34	0.107
hpr	14	34	0.24
hpr	14	34	0.18
hpr	14	34	0.237
hpr	14	34	0.11
hpr	14	34	0.103
hpr	14	34	0.1
hpr	14	34	0.187
hpr	14	34	0.157
hpr	14	34	0.217
hpr	14	34	0.127
hpr	14	34	0.0367
hpr	14	34	0.153
hpr	14	34	0.187
hpr	14	34	0.17
hpr	14	34	0.17
hpr	13	34	0.153
hpr	14	34	0.21
hpr	14	34	0.23
hpr	14	34	0.107
