bj	14	32	0.0233
bj	14	32	0.02
bj	14	32	0.02
bj	14	32	0.0233
bj	14	32	0.02
bj	14	32	0.0767
bj	14	32	0.02
bj	14	32	0.0333
bj	14	32	0.03
bj	14	32	0.0367
bj	14	32	0.0267
bj	14	32	0.02
bj	14	32	0.0467
bj	14	32	0.0233
bj	14	32	0.0267
bj	14	32	0.01
bj	14	32	0.0167
bj	14	32	0.0433
bj	14	32	0.03
bj	14	32	0.02
bj	14	32	0.0267
bj	14	32	0.0333
bj	14	32	0.03
bj	14	32	0.0433
bj	14	32	0.0367
bj	14	32	0.0167
bj	14	32	0.0267
bj	14	32	0.0233
bj	14	32	0.0433
bj	13	32	0.04
bj	14	32	0.0167
bj	14	32	0.0367
bj	14	32	0.0567
bj	14	32	0.03
bj	14	32	0.0433
bj	14	32	0.04
bj	14	32	0.0367
bj	14	32	0.0133
bj	14	32	0.06
bj	14	32	0.0233
bj	14	32	0.03
bj	14	32	0.03
bj	14	32	0.0333
bj	14	32	0.0167
bj	14	32	0.02
bj	14	32	0.01
bj	14	32	0.0567
bj	14	32	0.0267
bj	14	32	0.0467
bj	14	32	0.0333
