hpr	13	26	0.01
hpr	14	26	0.00667
hpr	14	26	0.0133
hpr	14	26	0.0133
hpr	14	26	0.01
hpr	14	26	0.01
hpr	14	26	0.02
hpr	14	26	0.0133
hpr	14	26	0.00667
hpr	14	26	0.00667
hpr	14	26	0.01
hpr	14	26	0.0133
hpr	14	26	0.0167
hpr	14	26	0.00333
hpr	14	26	0.0167
hpr	14	26	0.02
hpr	14	26	0.00667
hpr	14	26	0.0133
hpr	14	26	0.01
hpr	14	26	0.01
hpr	14	26	0.0233
hpr	14	26	0.01
hpr	14	26	0.0133
hpr	14	26	0.01
hpr	12	26	0.0233
hpr	14	26	0.0233
hpr	14	26	0.00667
hpr	14	26	0.00667
hpr	14	26	0.0167
hpr	14	26	0.02
hpr	14	26	0.00667
hpr	14	26	0.0133
hpr	14	26	0.00667
hpr	14	26	0.01
hpr	14	26	0.0133
hpr	14	26	0.0233
hpr	14	26	0.0133
hpr	14	26	0.00667
hpr	14	26	0.00667
hpr	14	26	0.00333
hpr	14	26	0.0133
hpr	13	26	0.0267
hpr	14	26	0.00333
hpr	14	26	0.00333
hpr	14	26	0.0133
hpr	14	26	0.0133
hpr	14	26	0.01
hpr	14	26	0.00333
hpr	14	26	0.01
hpr	14	26	0.0133
