bj	14	68	11
bj	14	68	22.4
bj	14	68	56.8
bj	14	68	22.1
bj	14	68	7.51
bj	14	68	29.7
bj	14	68	14.4
bj	14	68	29.5
bj	14	68	6.5
bj	14	68	22.6
bj	14	68	51.1
bj	14	68	17.3
bj	14	68	15.7
bj	14	68	19.3
bj	14	68	14.5
bj	14	68	35.3
bj	14	68	25.9
bj	14	68	14.2
bj	14	68	19.7
bj	14	68	23.2
bj	14	68	21.1
bj	14	68	14.3
bj	14	68	50
bj	14	68	29.1
bj	14	68	19.8
bj	14	68	16.8
bj	14	68	20.6
bj	14	68	36.8
bj	14	68	33.3
bj	14	68	17.2
bj	14	68	26.7
bj	14	68	20.3
bj	14	68	27.3
bj	14	68	18.5
bj	14	68	15.1
bj	14	68	12.2
bj	14	68	59.4
bj	14	68	8.96
bj	14	68	54.2
bj	14	68	52.2
bj	14	68	12
bj	14	68	82.9
bj	14	68	64.6
bj	14	68	33.5
bj	14	68	19.7
bj	14	68	106
bj	14	68	29.6
bj	14	68	77.4
bj	14	68	64
bj	14	68	55.8
