hpr	14	64	9.27
hpr	14	64	9.31
hpr	14	64	7.1
hpr	14	64	10.2
hpr	14	64	9.3
hpr	14	64	8.02
hpr	14	64	8.9
hpr	14	64	7.93
hpr	14	64	8.54
hpr	14	64	8.63
hpr	14	64	10.8
hpr	14	64	7.33
hpr	14	64	8.9
hpr	14	64	9.97
hpr	14	64	7.76
hpr	14	64	7.64
hpr	14	64	6.2
hpr	14	64	9.55
hpr	14	64	9.69
hpr	14	64	8.41
hpr	14	64	10.7
hpr	14	64	7.55
hpr	14	64	8.26
hpr	14	64	3.64
hpr	14	64	6.15
hpr	14	64	7.92
hpr	14	64	9.76
hpr	14	64	7.88
hpr	14	64	8.08
hpr	14	64	7.81
hpr	14	64	10.3
hpr	14	64	9.71
hpr	14	64	6.9
hpr	14	64	9.36
hpr	14	64	8.17
hpr	14	64	7.6
hpr	14	64	8.46
hpr	14	64	10.9
hpr	14	64	9.58
hpr	14	64	10.1
hpr	14	64	5.63
hpr	14	64	7.55
hpr	14	64	8.1
hpr	14	64	10.8
hpr	14	64	10.5
hpr	14	64	9.31
hpr	14	64	8.4
hpr	14	64	6.33
hpr	14	64	8.61
hpr	14	64	11.3
