bj	14	72	15.7
bj	14	72	69
bj	14	72	19.3
bj	14	72	17.5
bj	14	72	23.1
bj	14	72	64.3
bj	14	72	18.2
bj	14	72	9.82
bj	14	72	87.3
bj	14	72	22.6
bj	14	72	33.8
bj	14	72	timeout
bj	14	72	24.2
bj	14	72	14.6
bj	14	72	16.4
bj	14	72	33.6
bj	14	72	timeout
bj	14	72	20.3
bj	14	72	32.6
bj	14	72	17.4
bj	14	72	15.9
bj	14	72	22.4
bj	14	72	41
bj	14	72	13.5
bj	14	72	33.3
bj	14	72	22.1
bj	14	72	timeout
bj	14	72	18.7
bj	14	72	31.1
bj	14	72	18.7
bj	14	72	21.4
bj	14	72	20.2
bj	14	72	74.2
bj	14	72	25.9
bj	14	72	44.3
bj	14	72	13.5
bj	14	72	51.3
bj	14	72	11
bj	14	72	13.3
bj	14	72	57
bj	14	72	40.1
bj	14	72	20.3
bj	14	72	25.2
bj	14	72	31.1
bj	14	72	10.5
bj	14	72	18.2
bj	14	72	18.2
bj	14	72	43.2
bj	14	72	15.2
bj	14	72	73.3
