bhkk	14	52	15.18
bhkk	14	52	15.1467
bhkk	14	52	15.1767
bhkk	14	52	15.1467
bhkk	14	52	15.1467
bhkk	14	52	15.1433
bhkk	14	52	15.1567
bhkk	14	52	15.1467
bhkk	14	52	15.15
bhkk	14	52	15.1467
bhkk	14	52	15.1533
bhkk	14	52	15.1467
bhkk	14	52	15.1467
bhkk	14	52	15.15
bhkk	14	52	15.1467
bhkk	14	52	15.1433
bhkk	14	52	15.15
bhkk	14	52	15.1467
bhkk	14	52	15.1467
bhkk	14	52	15.1433
bhkk	14	52	15.15
bhkk	14	52	15.1467
bhkk	14	52	15.1467
bhkk	14	52	15.15
bhkk	14	52	15.15
bhkk	14	52	15.1533
bhkk	14	52	15.1433
bhkk	14	52	15.1633
bhkk	14	52	15.1467
bhkk	14	52	15.1567
bhkk	14	52	15.1567
bhkk	14	52	15.17
bhkk	14	52	15.15
bhkk	14	52	15.1433
bhkk	14	52	15.1567
bhkk	14	52	15.1467
bhkk	14	52	15.1533
bhkk	14	52	15.1467
bhkk	14	52	15.1433
bhkk	14	52	15.14
bhkk	14	52	15.15
bhkk	14	52	15.15
bhkk	14	52	15.17
bhkk	14	52	15.1567
bhkk	14	52	15.1533
bhkk	14	52	15.15
bhkk	14	52	15.15
bhkk	14	52	15.15
bhkk	14	52	15.1433
bhkk	14	52	15.1533
