bj	14	40	0.223
bj	14	40	0.957
bj	14	40	0.13
bj	14	40	0.1
bj	14	40	0.483
bj	14	40	0.38
bj	14	40	0.537
bj	14	40	0.293
bj	14	40	0.35
bj	14	40	0.347
bj	14	40	0.127
bj	14	40	0.1
bj	14	40	0.31
bj	14	40	0.237
bj	14	40	0.137
bj	14	40	0.293
bj	14	40	0.223
bj	14	40	0.123
bj	14	40	0.333
bj	14	40	0.623
bj	14	40	0.247
bj	14	40	0.213
bj	14	40	0.52
bj	14	40	0.517
bj	14	40	0.233
bj	14	40	0.0767
bj	14	40	1.16
bj	14	40	0.2
bj	14	40	0.357
bj	14	40	0.43
bj	14	40	0.237
bj	14	40	1.13
bj	14	40	0.203
bj	14	40	0.15
bj	14	40	0.297
bj	14	40	0.203
bj	14	40	0.163
bj	14	40	0.103
bj	14	40	0.327
bj	14	40	0.09
bj	14	40	0.1
bj	14	40	0.16
bj	14	40	0.147
bj	14	40	0.277
bj	14	40	0.663
bj	14	40	0.353
bj	14	40	0.697
bj	14	40	0.263
bj	14	40	0.04
bj	14	40	0.127
