hpr	14	22	0.00333
hpr	13	22	0.00667
hpr	14	22	0
hpr	13	22	0.00333
hpr	14	22	0
hpr	14	22	0.00333
hpr	13	22	0.00333
hpr	13	22	0
hpr	14	22	0
hpr	14	22	0.00333
hpr	14	22	0.00333
hpr	14	22	0
hpr	14	22	0.00333
hpr	14	22	0.00667
hpr	13	22	0
hpr	13	22	0.00333
hpr	14	22	0
hpr	13	22	0.00333
hpr	14	22	0
hpr	13	22	0
hpr	12	22	0.00333
hpr	14	22	0.00333
hpr	14	22	0
hpr	13	22	0.00333
hpr	13	22	0.00333
hpr	14	22	0
hpr	14	22	0
hpr	14	22	0
hpr	13	22	0.00333
hpr	14	22	0
hpr	14	22	0.00667
hpr	14	22	0
hpr	14	22	0.00333
hpr	14	22	0.00333
hpr	14	22	0.00333
hpr	14	22	0
hpr	14	22	0
hpr	12	22	0.00333
hpr	14	22	0.00333
hpr	14	22	0.00333
hpr	14	22	0.00667
hpr	14	22	0
hpr	14	22	0
hpr	14	22	0.00333
hpr	14	22	0
hpr	14	22	0.00333
hpr	14	22	0.00333
hpr	14	22	0
hpr	13	22	0.00333
hpr	13	22	0.00667
