bhkk	14	82	23.16
bhkk	14	82	23.1533
bhkk	14	82	23.15
bhkk	14	82	23.16
bhkk	14	82	23.1733
bhkk	14	82	23.16
bhkk	14	82	23.16
bhkk	14	82	23.1633
bhkk	14	82	23.1533
bhkk	14	82	23.1633
bhkk	14	82	23.1633
bhkk	14	82	23.17
bhkk	14	82	23.17
bhkk	14	82	23.1567
bhkk	14	82	23.16
bhkk	14	82	23.1567
bhkk	14	82	23.1633
bhkk	14	82	23.16
bhkk	14	82	23.16
bhkk	14	82	23.1567
bhkk	14	82	23.1667
bhkk	14	82	23.1567
bhkk	14	82	23.1533
bhkk	14	82	23.16
bhkk	14	82	23.1667
bhkk	14	82	23.1467
bhkk	14	82	23.1667
bhkk	14	82	23.16
bhkk	14	82	23.1733
bhkk	14	82	23.15
bhkk	14	82	23.16
bhkk	14	82	23.1633
bhkk	14	82	23.1567
bhkk	14	82	23.1567
bhkk	14	82	23.1567
bhkk	14	82	23.1633
bhkk	14	82	23.1667
bhkk	14	82	23.1633
bhkk	14	82	23.1633
bhkk	14	82	23.1667
bhkk	14	82	23.16
bhkk	14	82	23.1533
bhkk	14	82	23.1567
bhkk	14	82	23.16
bhkk	14	82	23.1533
bhkk	14	82	23.16
bhkk	14	82	23.1633
bhkk	14	82	23.1633
bhkk	14	82	23.16
bhkk	14	82	23.1533
