bhkk	14	42	5.74333
bhkk	14	42	5.72333
bhkk	14	42	5.73
bhkk	14	42	5.72333
bhkk	14	42	5.72333
bhkk	14	42	5.72667
bhkk	14	42	5.72667
bhkk	14	42	5.71667
bhkk	14	42	5.74333
bhkk	14	42	5.73
bhkk	14	42	5.72667
bhkk	13	42	2.41667
bhkk	14	42	5.72333
bhkk	14	42	5.72
bhkk	14	42	5.72333
bhkk	14	42	5.72
bhkk	14	42	5.73
bhkk	14	42	5.73
bhkk	14	42	5.74
bhkk	14	42	5.72
bhkk	14	42	5.72333
bhkk	14	42	5.72
bhkk	14	42	5.72
bhkk	14	42	5.72
bhkk	14	42	5.72333
bhkk	14	42	5.72
bhkk	14	42	5.72
bhkk	14	42	5.72333
bhkk	14	42	5.72667
bhkk	14	42	5.72333
bhkk	14	42	5.74
bhkk	14	42	5.72333
bhkk	14	42	5.72
bhkk	14	42	5.73
bhkk	14	42	5.72
bhkk	14	42	5.72
bhkk	14	42	5.72667
bhkk	14	42	5.73
bhkk	14	42	5.72667
bhkk	14	42	5.71667
bhkk	14	42	5.72333
bhkk	14	42	5.72333
bhkk	14	42	5.72333
bhkk	14	42	5.72333
bhkk	14	42	5.72333
bhkk	14	42	5.74667
bhkk	14	42	5.72
bhkk	14	42	5.72333
bhkk	14	42	5.72333
bhkk	14	42	5.72333
