bhkk	14	78	20.6833
bhkk	14	78	20.6867
bhkk	14	78	20.68
bhkk	14	78	20.6833
bhkk	14	78	20.6867
bhkk	14	78	20.6867
bhkk	14	78	20.6867
bhkk	14	78	20.6867
bhkk	14	78	20.6833
bhkk	14	78	20.6833
bhkk	14	78	20.68
bhkk	14	78	20.6833
bhkk	14	78	20.68
bhkk	14	78	20.6867
bhkk	14	78	20.6767
bhkk	14	78	20.6867
bhkk	14	78	20.69
bhkk	14	78	20.6867
bhkk	14	78	20.68
bhkk	14	78	20.6867
bhkk	14	78	20.68
bhkk	14	78	20.68
bhkk	14	78	20.6833
bhkk	14	78	20.6833
bhkk	14	78	20.6833
bhkk	14	78	20.6833
bhkk	14	78	20.6867
bhkk	14	78	20.6867
bhkk	14	78	20.68
bhkk	14	78	20.68
bhkk	14	78	20.6833
bhkk	14	78	20.6833
bhkk	14	78	20.68
bhkk	14	78	20.6867
bhkk	14	78	20.69
bhkk	14	78	20.6833
bhkk	14	78	20.6867
bhkk	14	78	20.6767
bhkk	14	78	20.6933
bhkk	14	78	20.6833
bhkk	14	78	20.69
bhkk	14	78	20.6833
bhkk	14	78	20.69
bhkk	14	78	20.6867
bhkk	14	78	20.6867
bhkk	14	78	20.6833
bhkk	14	78	20.68
bhkk	14	78	20.6833
bhkk	14	78	20.6833
bhkk	14	78	20.6833
