bhkk	14	90	27.55
bhkk	14	90	27.5067
bhkk	14	90	27.5133
bhkk	14	90	27.5067
bhkk	14	90	27.5033
bhkk	14	90	27.5033
bhkk	14	90	27.5033
bhkk	14	90	27.5067
bhkk	14	90	27.5067
bhkk	14	90	27.5033
bhkk	14	90	27.5033
bhkk	14	90	27.4933
bhkk	14	90	27.4933
bhkk	14	90	27.5067
bhkk	14	90	27.51
bhkk	14	90	27.5067
bhkk	14	90	27.5133
bhkk	14	90	27.5033
bhkk	14	90	27.5067
bhkk	14	90	27.5067
bhkk	14	90	27.5033
bhkk	14	90	27.5033
bhkk	14	90	27.5133
bhkk	14	90	27.5
bhkk	14	90	27.51
bhkk	14	90	27.5067
bhkk	14	90	27.51
bhkk	14	90	27.5067
bhkk	14	90	27.5
bhkk	14	90	27.4933
bhkk	14	90	27.5
bhkk	14	90	27.5067
bhkk	14	90	27.5
bhkk	14	90	27.5033
bhkk	14	90	27.5033
bhkk	14	90	27.5033
bhkk	14	90	27.5
bhkk	14	90	27.5067
bhkk	14	90	27.5067
bhkk	14	90	27.5033
bhkk	14	90	27.5067
bhkk	14	90	27.5033
bhkk	14	90	27.5
bhkk	14	90	27.51
bhkk	14	90	27.51
bhkk	14	90	27.5067
bhkk	14	90	27.5067
bhkk	14	90	27.51
bhkk	14	90	27.5067
bhkk	14	90	27.5033
