bj	14	58	3.31
bj	14	58	3.3
bj	14	58	4.55
bj	14	58	2.84
bj	14	58	12
bj	14	58	7.3
bj	14	58	3.66
bj	14	58	3.26
bj	14	58	7.22
bj	14	58	21.4
bj	14	58	4.43
bj	14	58	8.45
bj	14	58	5.79
bj	14	58	2.84
bj	14	58	2.21
bj	14	58	5.59
bj	14	58	5.78
bj	14	58	4.17
bj	14	58	1.66
bj	14	58	11.9
bj	14	58	3.16
bj	14	58	4.57
bj	14	58	4.31
bj	14	58	4.77
bj	14	58	3.76
bj	14	58	6.14
bj	14	58	5.37
bj	14	58	18.5
bj	14	58	3.36
bj	14	58	9.6
bj	14	58	37.4
bj	14	58	11.3
bj	14	58	7.28
bj	14	58	24.1
bj	14	58	14.7
bj	14	58	8.33
bj	14	58	4.74
bj	14	58	5.82
bj	14	58	15.1
bj	14	58	3.02
bj	14	58	14.9
bj	14	58	3.98
bj	14	58	1.84
bj	14	58	7.38
bj	14	58	10.7
bj	14	58	2.92
bj	14	58	2.45
bj	14	58	7.54
bj	14	58	4.04
bj	14	58	11
