bj	14	80	48.5
bj	14	80	37
bj	14	80	43.4
bj	14	80	37.9
bj	14	80	101
bj	14	80	46.9
bj	14	80	30.4
bj	14	80	37.3
bj	14	80	59.5
bj	14	80	51.6
bj	14	80	48.1
bj	14	80	63.9
bj	14	80	32.1
bj	14	80	44.5
bj	14	80	57.4
bj	14	80	67.7
bj	14	80	103
bj	14	80	42.5
bj	14	80	102
bj	14	80	71.9
bj	14	80	46.4
bj	14	80	48.3
bj	14	80	81.7
bj	14	80	90.6
bj	14	80	36
bj	14	80	49.6
bj	14	80	51.2
bj	14	80	timeout
bj	14	80	66.6
bj	14	80	20.2
bj	14	80	57.2
bj	14	80	38
bj	14	80	38.8
bj	14	80	19.2
bj	14	80	26.5
bj	14	80	66.3
bj	14	80	77.7
bj	14	80	27
bj	14	80	28.8
bj	14	80	49.6
bj	14	80	20.9
bj	14	80	30.3
bj	14	80	23.2
bj	14	80	86.4
bj	14	80	18.1
bj	14	80	22.9
bj	14	80	42.1
bj	14	80	50
bj	14	80	40.1
bj	14	80	47.5
