bhkk	14	60	17.0633
bhkk	14	60	17.0233
bhkk	14	60	17.0233
bhkk	14	60	17.0167
bhkk	14	60	17.03
bhkk	14	60	17.0233
bhkk	14	60	17.0233
bhkk	14	60	17.02
bhkk	14	60	17.0233
bhkk	14	60	17.02
bhkk	14	60	17.0133
bhkk	14	60	17.02
bhkk	14	60	17.0233
bhkk	14	60	17.0167
bhkk	14	60	17.02
bhkk	14	60	17.02
bhkk	14	60	17.02
bhkk	14	60	17.02
bhkk	14	60	17.0233
bhkk	14	60	17.0167
bhkk	14	60	17.0167
bhkk	14	60	17.0167
bhkk	14	60	17.0233
bhkk	14	60	17.0267
bhkk	14	60	17.0233
bhkk	14	60	17.0233
bhkk	14	60	17.0233
bhkk	14	60	17.0167
bhkk	14	60	17.0233
bhkk	14	60	17.0267
bhkk	14	60	17.0233
bhkk	14	60	17.0167
bhkk	14	60	17.0233
bhkk	14	60	17.01
bhkk	14	60	17.0133
bhkk	14	60	17.0233
bhkk	14	60	17.0167
bhkk	14	60	17.0233
bhkk	14	60	17.01
bhkk	14	60	17.0233
bhkk	14	60	17.02
bhkk	14	60	17.0167
bhkk	14	60	17.02
bhkk	14	60	17.02
bhkk	14	60	17.02
bhkk	14	60	17.02
bhkk	14	60	17.0233
bhkk	14	60	17.0167
bhkk	14	60	17.0233
bhkk	14	60	17.0267
