hpr	14	66	7.21
hpr	14	66	10.8
hpr	14	66	9.33
hpr	14	66	8.49
hpr	14	66	5.01
hpr	14	66	10.7
hpr	14	66	8.53
hpr	14	66	8.44
hpr	14	66	9.99
hpr	14	66	5.99
hpr	14	66	10.7
hpr	14	66	13.1
hpr	14	66	5.82
hpr	14	66	11.2
hpr	14	66	10.4
hpr	14	66	7.63
hpr	14	66	7.89
hpr	14	66	11.7
hpr	14	66	12.6
hpr	14	66	10
hpr	14	66	8.04
hpr	14	66	9.67
hpr	14	66	9.5
hpr	14	66	7.83
hpr	14	66	10.6
hpr	14	66	10.5
hpr	14	66	12.2
hpr	14	66	10.8
hpr	14	66	9.72
hpr	14	66	7.27
hpr	14	66	7.39
hpr	14	66	8.22
hpr	14	66	10.8
hpr	14	66	9.8
hpr	14	66	8.72
hpr	14	66	8.98
hpr	14	66	8.5
hpr	14	66	8.36
hpr	14	66	8.05
hpr	14	66	10.8
hpr	14	66	10.4
hpr	14	66	10.9
hpr	14	66	10.2
hpr	14	66	10.7
hpr	14	66	9.11
hpr	14	66	11.9
hpr	14	66	11.6
hpr	14	66	8.03
hpr	14	66	8.11
hpr	14	66	10.9
