bj	14	70	57.1
bj	14	70	27.6
bj	14	70	9.87
bj	14	70	95.8
bj	14	70	18.3
bj	14	70	13.3
bj	14	70	107
bj	14	70	66.2
bj	14	70	19.6
bj	14	70	22.3
bj	14	70	23.7
bj	14	70	18.5
bj	14	70	30.3
bj	14	70	15.6
bj	14	70	27.4
bj	14	70	16.4
bj	14	70	24
bj	14	70	18.9
bj	14	70	23.4
bj	14	70	55.9
bj	14	70	24.1
bj	14	70	33
bj	14	70	23.5
bj	14	70	33
bj	14	70	28.8
bj	14	70	26.9
bj	14	70	13.7
bj	14	70	39.8
bj	14	70	24.9
bj	14	70	48.1
bj	14	70	11.8
bj	14	70	45.6
bj	14	70	13.3
bj	14	70	36.3
bj	14	70	69.2
bj	14	70	98.6
bj	14	70	19.1
bj	14	70	28.3
bj	14	70	58.6
bj	14	70	23
bj	14	70	16.9
bj	14	70	70.6
bj	14	70	24
bj	14	70	30
bj	14	70	48.1
bj	14	70	29.8
bj	14	70	20.5
bj	14	70	21.1
bj	14	70	17.3
bj	14	70	22.6
