bhkk	14	24	2.36333
bhkk	14	24	2.34333
bhkk	14	24	2.34
bhkk	14	24	2.34
bhkk	13	24	1.04
bhkk	14	24	2.34
bhkk	14	24	2.35
bhkk	14	24	2.34
bhkk	14	24	2.34
bhkk	14	24	2.34
bhkk	14	24	2.34333
bhkk	14	24	2.34
bhkk	13	24	1.03667
bhkk	14	24	2.34
bhkk	14	24	2.34
bhkk	14	24	2.34667
bhkk	14	24	2.34
bhkk	14	24	2.35
bhkk	14	24	2.34
bhkk	14	24	2.34333
bhkk	14	24	2.34
bhkk	14	24	2.34333
bhkk	13	24	1.04333
bhkk	14	24	2.33667
bhkk	14	24	2.34333
bhkk	13	24	1.03667
bhkk	14	24	2.33667
bhkk	14	24	2.34333
bhkk	14	24	2.34
bhkk	13	24	1.04
bhkk	14	24	2.34333
bhkk	14	24	2.34
bhkk	14	24	2.34
bhkk	14	24	2.34
bhkk	14	24	2.34
bhkk	13	24	1.03667
bhkk	13	24	1.04333
bhkk	14	24	2.34
bhkk	14	24	2.34333
bhkk	14	24	2.34333
bhkk	14	24	2.34
bhkk	14	24	2.34333
bhkk	14	24	2.34
bhkk	14	24	2.34333
bhkk	13	24	1.03667
bhkk	14	24	2.33333
bhkk	14	24	2.34
bhkk	14	24	2.34333
bhkk	14	24	2.34
bhkk	14	24	2.34333
