hpr	14	68	9.62
hpr	14	68	12.3
hpr	14	68	10.9
hpr	14	68	7.5
hpr	14	68	10.5
hpr	14	68	10.2
hpr	14	68	9.56
hpr	14	68	8.57
hpr	14	68	9.43
hpr	14	68	10.1
hpr	14	68	8.93
hpr	14	68	12.2
hpr	14	68	10.8
hpr	14	68	10.4
hpr	14	68	9.66
hpr	14	68	10.3
hpr	14	68	8.96
hpr	14	68	9.01
hpr	14	68	12.6
hpr	14	68	6.46
hpr	14	68	10.8
hpr	14	68	7.03
hpr	14	68	11
hpr	14	68	6.57
hpr	14	68	10.4
hpr	14	68	9.52
hpr	14	68	8.96
hpr	14	68	11
hpr	14	68	11.5
hpr	14	68	11.9
hpr	14	68	8.94
hpr	14	68	11.4
hpr	14	68	9.74
hpr	14	68	7.42
hpr	14	68	9.43
hpr	14	68	10.3
hpr	14	68	10.3
hpr	14	68	5.44
hpr	14	68	12.4
hpr	14	68	11.1
hpr	14	68	13.4
hpr	14	68	11.1
hpr	14	68	10.7
hpr	14	68	12.5
hpr	14	68	11.1
hpr	14	68	10.9
hpr	14	68	8.92
hpr	14	68	7.99
hpr	14	68	10.6
hpr	14	68	8.91
