bhkk	14	38	4.34
bhkk	14	38	4.34
bhkk	14	38	4.33667
bhkk	14	38	4.34
bhkk	14	38	4.34
bhkk	14	38	4.34
bhkk	14	38	4.34
bhkk	14	38	4.34
bhkk	14	38	4.34
bhkk	14	38	4.34
bhkk	14	38	4.34
bhkk	14	38	4.34
bhkk	14	38	4.34
bhkk	14	38	4.33667
bhkk	14	38	4.34
bhkk	14	38	4.34
bhkk	14	38	4.34
bhkk	14	38	4.33667
bhkk	14	38	4.33667
bhkk	14	38	4.34333
bhkk	14	38	4.34
bhkk	14	38	4.34
bhkk	14	38	4.33667
bhkk	14	38	4.34
bhkk	14	38	4.33667
bhkk	14	38	4.33667
bhkk	14	38	4.34
bhkk	14	38	4.34
bhkk	14	38	4.34
bhkk	14	38	4.34
bhkk	14	38	4.34
bhkk	14	38	4.34
bhkk	14	38	4.34333
bhkk	14	38	4.34
bhkk	14	38	4.34
bhkk	14	38	4.34
bhkk	14	38	4.34
bhkk	14	38	4.33667
bhkk	14	38	4.34
bhkk	14	38	4.33667
bhkk	14	38	4.34
bhkk	14	38	4.33667
bhkk	14	38	4.33667
bhkk	14	38	4.34
bhkk	14	38	4.33333
bhkk	14	38	4.33333
bhkk	14	38	4.34333
bhkk	14	38	4.33667
bhkk	14	38	4.34333
bhkk	14	38	4.34
