bhkk	14	70	19.2067
bhkk	14	70	19.2067
bhkk	14	70	19.21
bhkk	14	70	19.2067
bhkk	14	70	19.2067
bhkk	14	70	19.2033
bhkk	14	70	19.21
bhkk	14	70	19.21
bhkk	14	70	19.21
bhkk	14	70	19.2033
bhkk	14	70	19.21
bhkk	14	70	19.2067
bhkk	14	70	19.2033
bhkk	14	70	19.2033
bhkk	14	70	19.21
bhkk	14	70	19.21
bhkk	14	70	19.21
bhkk	14	70	19.2067
bhkk	14	70	19.2067
bhkk	14	70	19.2
bhkk	14	70	19.2133
bhkk	14	70	19.2133
bhkk	14	70	19.2133
bhkk	14	70	19.2167
bhkk	14	70	19.2067
bhkk	14	70	19.21
bhkk	14	70	19.2033
bhkk	14	70	19.2067
bhkk	14	70	19.2067
bhkk	14	70	19.21
bhkk	14	70	19.2033
bhkk	14	70	19.2067
bhkk	14	70	19.2
bhkk	14	70	19.2067
bhkk	14	70	19.2033
bhkk	14	70	19.21
bhkk	14	70	19.2067
bhkk	14	70	19.2133
bhkk	14	70	19.2033
bhkk	14	70	19.21
bhkk	14	70	19.21
bhkk	14	70	19.2067
bhkk	14	70	19.21
bhkk	14	70	19.2067
bhkk	14	70	19.2067
bhkk	14	70	19.21
bhkk	14	70	19.2133
bhkk	14	70	19.2
bhkk	14	70	19.2067
bhkk	14	70	19.2033
