bj	14	42	0.273
bj	14	42	0.32
bj	14	42	0.253
bj	14	42	0.383
bj	14	42	0.533
bj	14	42	0.45
bj	14	42	0.297
bj	14	42	0.237
bj	14	42	0.233
bj	14	42	0.123
bj	14	42	0.143
bj	13	42	0.117
bj	14	42	0.397
bj	14	42	0.16
bj	14	42	0.227
bj	14	42	0.39
bj	14	42	0.363
bj	14	42	0.407
bj	14	42	0.343
bj	14	42	0.41
bj	14	42	0.293
bj	14	42	0.307
bj	14	42	0.167
bj	14	42	0.32
bj	14	42	0.623
bj	14	42	0.193
bj	14	42	0.53
bj	14	42	0.7
bj	14	42	0.51
bj	14	42	0.35
bj	14	42	0.177
bj	14	42	0.22
bj	14	42	0.713
bj	14	42	0.523
bj	14	42	0.397
bj	14	42	0.177
bj	14	42	0.217
bj	14	42	0.347
bj	14	42	0.353
bj	14	42	0.1
bj	14	42	0.323
bj	14	42	0.223
bj	14	42	0.557
bj	14	42	0.22
bj	14	42	0.393
bj	14	42	0.227
bj	14	42	0.0967
bj	14	42	0.4
bj	14	42	0.12
bj	14	42	0.127
