bhkk	14	74	23.3367
bhkk	14	74	23.3233
bhkk	14	74	23.3233
bhkk	14	74	23.3033
bhkk	14	74	23.3067
bhkk	14	74	23.3567
bhkk	14	74	23.3167
bhkk	14	74	23.2967
bhkk	14	74	23.2967
bhkk	14	74	23.31
bhkk	14	74	23.3033
bhkk	14	74	23.3
bhkk	14	74	23.3133
bhkk	14	74	23.3
bhkk	14	74	23.3
bhkk	14	74	23.3
bhkk	14	74	23.35
bhkk	14	74	23.3
bhkk	14	74	23.3033
bhkk	14	74	23.3033
bhkk	14	74	23.31
bhkk	14	74	23.32
bhkk	14	74	23.3033
bhkk	14	74	23.3
bhkk	14	74	23.3067
bhkk	14	74	23.3133
bhkk	14	74	23.3067
bhkk	14	74	23.3067
bhkk	14	74	23.3
bhkk	14	74	23.3
bhkk	14	74	23.3
bhkk	14	74	23.3033
bhkk	14	74	23.31
bhkk	14	74	23.31
bhkk	14	74	23.31
bhkk	14	74	23.3133
bhkk	14	74	23.3067
bhkk	14	74	23.3
bhkk	14	74	23.3
bhkk	14	74	23.3
bhkk	14	74	23.3
bhkk	14	74	23.31
bhkk	14	74	23.31
bhkk	14	74	23.3
bhkk	14	74	23.2967
bhkk	14	74	23.2967
bhkk	14	74	23.3067
bhkk	14	74	23.31
bhkk	14	74	23.3133
bhkk	14	74	23.3067
