bj	14	50	1.55
bj	14	50	2.46
bj	14	50	1.05
bj	14	50	1.7
bj	14	50	0.95
bj	14	50	0.61
bj	14	50	0.62
bj	14	50	0.86
bj	14	50	1.77
bj	14	50	1.49
bj	14	50	1.8
bj	14	50	1.83
bj	14	50	3.2
bj	14	50	1.24
bj	14	50	3.98
bj	14	50	0.913
bj	14	50	1.57
bj	14	50	0.71
bj	14	50	1.68
bj	14	50	0.48
bj	14	50	1.18
bj	14	50	2.32
bj	14	50	1
bj	14	50	2.28
bj	14	50	3.41
bj	14	50	0.773
bj	14	50	0.68
bj	14	50	1.11
bj	14	50	2.65
bj	14	50	3.28
bj	14	50	1.91
bj	14	50	0.737
bj	14	50	4.44
bj	14	50	2
bj	14	50	0.727
bj	14	50	0.42
bj	14	50	1.77
bj	14	50	0.81
bj	14	50	1.58
bj	14	50	0.353
bj	14	50	1.71
bj	14	50	3.25
bj	14	50	1.31
bj	14	50	1.43
bj	14	50	1.48
bj	14	50	1.25
bj	14	50	1.19
bj	14	50	0.963
bj	14	50	1.52
bj	14	50	1.97
