hpr	14	80	12.4
hpr	14	80	13.5
hpr	14	80	8.38
hpr	14	80	9.61
hpr	14	80	10.3
hpr	14	80	7.32
hpr	14	80	8.59
hpr	14	80	9.26
hpr	14	80	6.13
hpr	14	80	13.4
hpr	14	80	6.96
hpr	14	80	10.6
hpr	14	80	9.78
hpr	14	80	8.34
hpr	14	80	10.6
hpr	14	80	9.42
hpr	14	80	11.4
hpr	14	80	9.64
hpr	14	80	10.2
hpr	14	80	7.4
hpr	14	80	14.9
hpr	14	80	12.6
hpr	14	80	9.65
hpr	14	80	10.3
hpr	14	80	5.73
hpr	14	80	9.95
hpr	14	80	5.15
hpr	14	80	4.69
hpr	14	80	8.76
hpr	14	80	5.38
hpr	14	80	9.26
hpr	14	80	9.65
hpr	14	80	7.35
hpr	14	80	8.28
hpr	14	80	7.82
hpr	14	80	12.3
hpr	14	80	9.11
hpr	14	80	6.3
hpr	14	80	13.6
hpr	14	80	5.1
hpr	14	80	9.24
hpr	14	80	7.37
hpr	14	80	12.4
hpr	14	80	8.93
hpr	14	80	4.04
hpr	14	80	7.08
hpr	14	80	12.6
hpr	14	80	7.64
hpr	14	80	9.65
hpr	14	80	10.9
