bj	12	14	0
bj	11	14	0
bj	12	14	0
bj	12	14	0
bj	13	14	0
bj	13	14	0
bj	12	14	0
bj	12	14	0
bj	12	14	0
bj	13	14	0
bj	13	14	0
bj	12	14	0
bj	13	14	0
bj	14	14	0
bj	13	14	0
bj	10	14	0
bj	12	14	0
bj	13	14	0
bj	12	14	0
bj	11	14	0
bj	13	14	0
bj	11	14	0
bj	14	14	0
bj	13	14	0
bj	13	14	0
bj	13	14	0
bj	11	14	0
bj	12	14	0
bj	11	14	0
bj	13	14	0
bj	11	14	0
bj	13	14	0
bj	13	14	0
bj	11	14	0
bj	11	14	0
bj	12	14	0
bj	11	14	0
bj	12	14	0
bj	12	14	0
bj	13	14	0
bj	13	14	0
bj	11	14	0
bj	12	14	0
bj	12	14	0
bj	11	14	0
bj	13	14	0
bj	13	14	0
bj	11	14	0
bj	14	14	0
bj	11	14	0
