hpr	14	56	4.81
hpr	14	56	3.85
hpr	14	56	4.39
hpr	14	56	5.13
hpr	14	56	5.52
hpr	14	56	5.86
hpr	14	56	5.21
hpr	14	56	2.8
hpr	14	56	4.31
hpr	14	56	4.98
hpr	14	56	5.63
hpr	14	56	5.14
hpr	14	56	5.84
hpr	14	56	4.94
hpr	14	56	3.48
hpr	14	56	4.35
hpr	14	56	4.64
hpr	14	56	4.92
hpr	14	56	5.42
hpr	14	56	5.21
hpr	14	56	4.64
hpr	14	56	4.56
hpr	14	56	4.69
hpr	14	56	4.96
hpr	14	56	5.81
hpr	14	56	6.4
hpr	14	56	4.39
hpr	14	56	5.92
hpr	14	56	3.77
hpr	14	56	4.83
hpr	14	56	4.75
hpr	14	56	5.48
hpr	14	56	3.01
hpr	14	56	5.39
hpr	14	56	5.56
hpr	14	56	5.52
hpr	14	56	6.33
hpr	14	56	6.27
hpr	14	56	2.25
hpr	14	56	4.36
hpr	14	56	5.79
hpr	14	56	4.89
hpr	14	56	4.62
hpr	14	56	4
hpr	14	56	3.62
hpr	14	56	5.93
hpr	14	56	2.69
hpr	14	56	3.72
hpr	14	56	3.62
hpr	14	56	5.69
