bj	14	34	0.0267
bj	14	34	0.0333
bj	14	34	0.0167
bj	14	34	0.0267
bj	14	34	0.03
bj	14	34	0.0233
bj	14	34	0.04
bj	14	34	0.0233
bj	14	34	0.0767
bj	14	34	0.103
bj	14	34	0.183
bj	14	34	0.03
bj	14	34	0.0267
bj	14	34	0.0833
bj	14	34	0.0433
bj	14	34	0.0367
bj	14	34	0.0367
bj	14	34	0.0333
bj	14	34	0.0367
bj	14	34	0.0333
bj	14	34	0.0533
bj	14	34	0.03
bj	14	34	0.04
bj	14	34	0.0467
bj	14	34	0.06
bj	14	34	0.0733
bj	14	34	0.0333
bj	14	34	0.0733
bj	14	34	0.0333
bj	14	34	0.0167
bj	14	34	0.0433
bj	14	34	0.0633
bj	14	34	0.0233
bj	14	34	0.0467
bj	14	34	0.03
bj	14	34	0.04
bj	14	34	0.0733
bj	14	34	0.0533
bj	14	34	0.05
bj	14	34	0.08
bj	14	34	0.03
bj	14	34	0.0233
bj	14	34	0.107
bj	14	34	0.0267
bj	14	34	0.07
bj	14	34	0.0733
bj	13	34	0.0633
bj	14	34	0.0567
bj	14	34	0.18
bj	14	34	0.0467
