bhkk	14	50	11.65
bhkk	14	50	11.66
bhkk	14	50	11.65
bhkk	14	50	11.6533
bhkk	14	50	11.6667
bhkk	14	50	11.65
bhkk	14	50	11.6433
bhkk	14	50	11.6433
bhkk	14	50	11.65
bhkk	14	50	11.6533
bhkk	14	50	11.6567
bhkk	14	50	11.6467
bhkk	14	50	11.65
bhkk	14	50	11.6533
bhkk	14	50	11.6533
bhkk	14	50	11.65
bhkk	14	50	11.6533
bhkk	14	50	11.6467
bhkk	14	50	11.6467
bhkk	14	50	11.6633
bhkk	14	50	11.6467
bhkk	14	50	11.65
bhkk	14	50	11.65
bhkk	14	50	11.65
bhkk	14	50	11.6733
bhkk	14	50	11.6433
bhkk	14	50	11.65
bhkk	14	50	11.6433
bhkk	14	50	11.66
bhkk	14	50	11.66
bhkk	14	50	11.65
bhkk	14	50	11.6533
bhkk	14	50	11.6467
bhkk	14	50	11.65
bhkk	14	50	11.6467
bhkk	14	50	11.6467
bhkk	14	50	11.65
bhkk	14	50	11.65
bhkk	14	50	11.6533
bhkk	14	50	11.64
bhkk	14	50	11.6467
bhkk	14	50	11.6433
bhkk	14	50	11.6433
bhkk	14	50	11.6533
bhkk	14	50	11.65
bhkk	14	50	11.65
bhkk	14	50	11.65
bhkk	14	50	11.65
bhkk	14	50	11.6533
bhkk	14	50	11.6533
