bj	14	62	7.99
bj	14	62	25.6
bj	14	62	9.7
bj	14	62	29.4
bj	14	62	6.53
bj	14	62	37.9
bj	14	62	31.2
bj	14	62	32.8
bj	14	62	9.26
bj	14	62	14.6
bj	14	62	14.5
bj	14	62	6.44
bj	14	62	11.4
bj	14	62	13.5
bj	14	62	12.6
bj	14	62	11.1
bj	14	62	8.82
bj	14	62	20.7
bj	14	62	5.07
bj	14	62	5.36
bj	14	62	9.7
bj	14	62	13.7
bj	14	62	61.5
bj	14	62	3.29
bj	14	62	5.76
bj	14	62	8.3
bj	14	62	11.1
bj	14	62	13.7
bj	14	62	29.6
bj	14	62	8.34
bj	14	62	6.47
bj	14	62	3.62
bj	14	62	11.5
bj	14	62	15.1
bj	14	62	6.57
bj	14	62	5.57
bj	14	62	21.2
bj	14	62	19.4
bj	14	62	5.63
bj	14	62	7.94
bj	14	62	9.88
bj	14	62	4.96
bj	14	62	7.55
bj	14	62	6.64
bj	14	62	8.45
bj	14	62	20.4
bj	14	62	4.65
bj	14	62	3
bj	14	62	14.6
bj	14	62	14.6
