bhkk	14	64	18.4367
bhkk	14	64	18.4267
bhkk	14	64	18.4133
bhkk	14	64	18.42
bhkk	14	64	18.4167
bhkk	14	64	18.4233
bhkk	14	64	18.42
bhkk	14	64	18.42
bhkk	14	64	18.42
bhkk	14	64	18.42
bhkk	14	64	18.4167
bhkk	14	64	18.4167
bhkk	14	64	18.4
bhkk	14	64	18.4167
bhkk	14	64	18.4233
bhkk	14	64	18.4133
bhkk	14	64	18.4167
bhkk	14	64	18.4167
bhkk	14	64	18.42
bhkk	14	64	18.4167
bhkk	14	64	18.42
bhkk	14	64	18.4167
bhkk	14	64	18.4133
bhkk	14	64	18.4067
bhkk	14	64	18.42
bhkk	14	64	18.4167
bhkk	14	64	18.4167
bhkk	14	64	18.4333
bhkk	14	64	18.4067
bhkk	14	64	18.4167
bhkk	14	64	18.4167
bhkk	14	64	18.41
bhkk	14	64	18.4133
bhkk	14	64	18.4167
bhkk	14	64	18.3933
bhkk	14	64	18.4133
bhkk	14	64	18.42
bhkk	14	64	18.4167
bhkk	14	64	18.4133
bhkk	14	64	18.4167
bhkk	14	64	18.4133
bhkk	14	64	18.4133
bhkk	14	64	18.4233
bhkk	14	64	18.4133
bhkk	14	64	18.4167
bhkk	14	64	18.42
bhkk	14	64	18.42
bhkk	14	64	18.42
bhkk	14	64	18.42
bhkk	14	64	18.42
