bj	14	60	2.89
bj	14	60	2.63
bj	14	60	14.2
bj	14	60	10.4
bj	14	60	3.62
bj	14	60	2.5
bj	14	60	12.9
bj	14	60	6.59
bj	14	60	10.3
bj	14	60	3
bj	14	60	9.71
bj	14	60	34.6
bj	14	60	5.97
bj	14	60	1.93
bj	14	60	1.88
bj	14	60	8.49
bj	14	60	11.9
bj	14	60	7.86
bj	14	60	16
bj	14	60	6.88
bj	14	60	10.4
bj	14	60	3.31
bj	14	60	4.05
bj	14	60	7.73
bj	14	60	16.6
bj	14	60	17.9
bj	14	60	3.9
bj	14	60	6.1
bj	14	60	13.8
bj	14	60	12.2
bj	14	60	7.81
bj	14	60	17
bj	14	60	11.2
bj	14	60	8.22
bj	14	60	7.36
bj	14	60	9.21
bj	14	60	7.05
bj	14	60	13.8
bj	14	60	4.03
bj	14	60	12.9
bj	14	60	4.56
bj	14	60	4.3
bj	14	60	1.93
bj	14	60	23.8
bj	14	60	8.97
bj	14	60	5.56
bj	14	60	2.96
bj	14	60	7.16
bj	14	60	4.31
bj	14	60	24.7
