hpr	14	90	2.1
hpr	14	90	2.14
hpr	14	90	2.11
hpr	14	90	2.02
hpr	14	90	2.55
hpr	14	90	2.33
hpr	14	90	2.47
hpr	14	90	2.2
hpr	14	90	2.28
hpr	14	90	2.1
hpr	14	90	1.7
hpr	14	90	2.47
hpr	14	90	2.15
hpr	14	90	2.42
hpr	14	90	2.01
hpr	14	90	2.32
hpr	14	90	2.45
hpr	14	90	2.11
hpr	14	90	2.3
hpr	14	90	2.46
hpr	14	90	2.6
hpr	14	90	2.47
hpr	14	90	2.07
hpr	14	90	2.12
hpr	14	90	2.08
hpr	14	90	2.34
hpr	14	90	2.28
hpr	14	90	2.15
hpr	14	90	1.8
hpr	14	90	2.1
hpr	14	90	2.35
hpr	14	90	1.92
hpr	14	90	1.72
hpr	14	90	2.4
hpr	14	90	2.28
hpr	14	90	2.5
hpr	14	90	2.11
hpr	14	90	2.48
hpr	14	90	2.52
hpr	14	90	1.88
hpr	14	90	1.88
hpr	14	90	1.74
hpr	14	90	2.52
hpr	14	90	2.5
hpr	14	90	1.97
hpr	14	90	1.98
hpr	14	90	1.96
hpr	14	90	2.52
hpr	14	90	1.9
hpr	14	90	1.37
