hpr	14	44	0.833
hpr	14	44	0.87
hpr	14	44	0.73
hpr	14	44	0.893
hpr	14	44	0.633
hpr	14	44	1.02
hpr	14	44	1.24
hpr	14	44	0.867
hpr	14	44	0.667
hpr	14	44	1.38
hpr	14	44	1.31
hpr	14	44	1.59
hpr	14	44	0.787
hpr	14	44	1.2
hpr	14	44	0.84
hpr	14	44	1.22
hpr	14	44	1.19
hpr	14	44	0.377
hpr	14	44	1.41
hpr	14	44	1.02
hpr	14	44	1.2
hpr	14	44	1
hpr	14	44	0.697
hpr	14	44	0.793
hpr	14	44	1.02
hpr	14	44	1.01
hpr	14	44	0.98
hpr	14	44	1.13
hpr	14	44	0.973
hpr	14	44	1.48
hpr	14	44	0.817
hpr	14	44	0.837
hpr	14	44	0.607
hpr	14	44	1.16
hpr	14	44	1.76
hpr	14	44	1.56
hpr	14	44	0.767
hpr	14	44	0.873
hpr	14	44	0.737
hpr	14	44	1.11
hpr	14	44	1.52
hpr	14	44	0.533
hpr	14	44	0.817
hpr	14	44	1.49
hpr	14	44	0.55
hpr	14	44	0.807
hpr	14	44	1.6
hpr	14	44	1.23
hpr	14	44	1.47
hpr	14	44	1.03
