bhkk	14	56	16.6867
bhkk	14	56	16.68
bhkk	14	56	16.6633
bhkk	14	56	16.68
bhkk	14	56	16.6967
bhkk	14	56	16.69
bhkk	14	56	16.74
bhkk	14	56	16.6867
bhkk	14	56	16.6767
bhkk	14	56	16.6767
bhkk	14	56	16.6867
bhkk	14	56	16.6767
bhkk	14	56	16.6733
bhkk	14	56	16.7333
bhkk	14	56	16.74
bhkk	14	56	16.6933
bhkk	14	56	16.7167
bhkk	14	56	16.7267
bhkk	14	56	16.7167
bhkk	14	56	16.72
bhkk	14	56	16.7467
bhkk	14	56	16.74
bhkk	14	56	16.7533
bhkk	14	56	16.71
bhkk	14	56	16.73
bhkk	14	56	16.64
bhkk	14	56	16.6533
bhkk	14	56	16.6833
bhkk	14	56	16.69
bhkk	14	56	16.6867
bhkk	14	56	16.72
bhkk	14	56	16.7
bhkk	14	56	16.7067
bhkk	14	56	16.69
bhkk	14	56	16.7067
bhkk	14	56	16.7067
bhkk	14	56	16.69
bhkk	14	56	16.7233
bhkk	14	56	16.65
bhkk	14	56	16.6633
bhkk	14	56	16.68
bhkk	14	56	16.69
bhkk	14	56	16.7067
bhkk	14	56	16.67
bhkk	14	56	16.7133
bhkk	14	56	16.7133
bhkk	14	56	16.74
bhkk	14	56	16.7667
bhkk	14	56	16.7267
bhkk	14	56	16.7667
