hpr	14	62	6.1
hpr	14	62	6.84
hpr	14	62	5.75
hpr	14	62	8.25
hpr	14	62	7.36
hpr	14	62	8.91
hpr	14	62	6.05
hpr	14	62	8.68
hpr	14	62	6.42
hpr	14	62	7.99
hpr	14	62	8.06
hpr	14	62	5.68
hpr	14	62	8.06
hpr	14	62	5.99
hpr	14	62	7
hpr	14	62	6.71
hpr	14	62	8.49
hpr	14	62	5.01
hpr	14	62	8.4
hpr	14	62	7.54
hpr	14	62	6.12
hpr	14	62	7.99
hpr	14	62	8.77
hpr	14	62	7.16
hpr	14	62	6.37
hpr	14	62	8.38
hpr	14	62	4.52
hpr	14	62	7.01
hpr	14	62	9.3
hpr	14	62	8.31
hpr	14	62	8.24
hpr	14	62	2.92
hpr	14	62	6.79
hpr	14	62	5.37
hpr	14	62	6.15
hpr	14	62	3.51
hpr	14	62	5.04
hpr	14	62	4.9
hpr	14	62	8.34
hpr	14	62	8.76
hpr	14	62	8.09
hpr	14	62	6.41
hpr	14	62	6.4
hpr	14	62	6.03
hpr	14	62	8.52
hpr	14	62	9
hpr	14	62	6.87
hpr	14	62	7.63
hpr	14	62	8.51
hpr	14	62	6.77
