hpr	14	46	1.72
hpr	14	46	1.58
hpr	14	46	1.61
hpr	14	46	1.59
hpr	14	46	1.21
hpr	14	46	1.17
hpr	14	46	1.36
hpr	14	46	2.11
hpr	14	46	0.953
hpr	14	46	1.29
hpr	14	46	1.92
hpr	14	46	1.53
hpr	14	46	1.31
hpr	14	46	2.04
hpr	14	46	1.07
hpr	14	46	1.45
hpr	14	46	1.27
hpr	14	46	1.28
hpr	14	46	1.51
hpr	14	46	2.06
hpr	14	46	1.09
hpr	14	46	1.29
hpr	14	46	1.67
hpr	14	46	2.17
hpr	14	46	1.58
hpr	14	46	1.67
hpr	14	46	1.53
hpr	14	46	0.62
hpr	14	46	0.893
hpr	14	46	1.78
hpr	14	46	1.72
hpr	14	46	1.51
hpr	14	46	1.36
hpr	14	46	1.71
hpr	14	46	1.77
hpr	14	46	1.58
hpr	14	46	1.94
hpr	14	46	1.31
hpr	14	46	0.953
hpr	14	46	2.42
hpr	14	46	1.26
hpr	14	46	0.95
hpr	14	46	1.45
hpr	14	46	1.16
hpr	14	46	1.35
hpr	14	46	1.41
hpr	14	46	1.7
hpr	14	46	2.08
hpr	14	46	0.56
hpr	14	46	1.15
