hpr	14	48	1.83
hpr	14	48	1.89
hpr	14	48	2.12
hpr	14	48	2.71
hpr	14	48	1.71
hpr	14	48	2.18
hpr	14	48	1.25
hpr	14	48	1.21
hpr	14	48	1.61
hpr	14	48	2.43
hpr	14	48	2.6
hpr	14	48	2.42
hpr	14	48	1.3
hpr	14	48	1.82
hpr	14	48	1.31
hpr	14	48	2.04
hpr	14	48	1.72
hpr	14	48	1.04
hpr	14	48	2.02
hpr	14	48	2.56
hpr	14	48	1.4
hpr	14	48	1.85
hpr	14	48	2.07
hpr	14	48	1.25
hpr	14	48	1.94
hpr	14	48	2.18
hpr	14	48	1.27
hpr	14	48	2.01
hpr	14	48	1.52
hpr	14	48	1.74
hpr	14	48	1.79
hpr	14	48	1.86
hpr	14	48	1.17
hpr	14	48	2.98
hpr	14	48	1.49
hpr	14	48	2.15
hpr	14	48	2.22
hpr	14	48	2.18
hpr	14	48	2.12
hpr	14	48	1.29
hpr	14	48	1.78
hpr	14	48	1.77
hpr	14	48	1.41
hpr	14	48	1.49
hpr	14	48	2.02
hpr	14	48	2.28
hpr	14	48	1.99
hpr	14	48	1.92
hpr	14	48	2.03
hpr	14	48	1.94
