bj	14	44	0.153
bj	14	44	0.17
bj	14	44	0.773
bj	14	44	0.297
bj	14	44	0.13
bj	14	44	0.28
bj	14	44	0.437
bj	14	44	0.433
bj	14	44	0.107
bj	14	44	0.833
bj	14	44	0.247
bj	14	44	0.743
bj	14	44	0.467
bj	14	44	0.227
bj	14	44	0.603
bj	14	44	0.3
bj	14	44	1.03
bj	14	44	0.56
bj	14	44	0.38
bj	14	44	0.507
bj	14	44	0.333
bj	14	44	0.377
bj	14	44	0.163
bj	14	44	0.513
bj	14	44	0.277
bj	14	44	0.4
bj	14	44	0.61
bj	14	44	0.357
bj	14	44	0.303
bj	14	44	1.92
bj	14	44	0.543
bj	14	44	0.287
bj	14	44	0.8
bj	14	44	0.767
bj	14	44	1.2
bj	14	44	0.593
bj	14	44	0.24
bj	14	44	0.28
bj	14	44	0.203
bj	14	44	0.313
bj	14	44	0.23
bj	14	44	0.47
bj	14	44	0.173
bj	14	44	1.23
bj	14	44	0.203
bj	14	44	0.21
bj	14	44	1.31
bj	14	44	0.413
bj	14	44	0.32
bj	14	44	0.197
