bhkk	12	14	0.106666
bhkk	11	14	0.049999
bhkk	12	14	0.106666
bhkk	12	14	0.106666
bhkk	13	14	0.196666
bhkk	13	14	0.196666
bhkk	12	14	0.106666
bhkk	12	14	0.103333
bhkk	12	14	0.106666
bhkk	13	14	0.196666
bhkk	13	14	0.193333
bhkk	12	14	0.106666
bhkk	13	14	0.193333
bhkk	14	14	0.319999
bhkk	13	14	0.196666
bhkk	10	14	0.023333
bhkk	12	14	0.103333
bhkk	13	14	0.196666
bhkk	12	14	0.106666
bhkk	11	14	0.053333
bhkk	13	14	0.196666
bhkk	11	14	0.053333
bhkk	14	14	0.319999
bhkk	13	14	0.196666
bhkk	13	14	0.196666
bhkk	13	14	0.193333
bhkk	11	14	0.053333
bhkk	12	14	0.106666
bhkk	11	14	0.049999
bhkk	13	14	0.193333
bhkk	11	14	0.053333
bhkk	13	14	0.193333
bhkk	13	14	0.196666
bhkk	11	14	0.053333
bhkk	11	14	0.053333
bhkk	12	14	0.103333
bhkk	11	14	0.053333
bhkk	12	14	0.106666
bhkk	12	14	0.103333
bhkk	13	14	0.193333
bhkk	13	14	0.196666
bhkk	11	14	0.053333
bhkk	12	14	0.103333
bhkk	12	14	0.103333
bhkk	11	14	0.049999
bhkk	13	14	0.196666
bhkk	13	14	0.193333
bhkk	11	14	0.053333
bhkk	14	14	0.319999
bhkk	11	14	0.053333
