bhkk	13	26	1.15
bhkk	14	26	2.56333
bhkk	14	26	2.56
bhkk	14	26	2.56333
bhkk	14	26	2.56333
bhkk	14	26	2.56
bhkk	14	26	2.56
bhkk	14	26	2.56333
bhkk	14	26	2.56333
bhkk	14	26	2.56
bhkk	14	26	2.55333
bhkk	14	26	2.56333
bhkk	14	26	2.56333
bhkk	14	26	2.56
bhkk	14	26	2.56333
bhkk	14	26	2.56333
bhkk	14	26	2.56333
bhkk	14	26	2.56
bhkk	14	26	2.56
bhkk	14	26	2.55667
bhkk	14	26	2.56333
bhkk	14	26	2.56333
bhkk	14	26	2.56333
bhkk	14	26	2.56
bhkk	12	26	0.483333
bhkk	14	26	2.56333
bhkk	14	26	2.56
bhkk	14	26	2.56333
bhkk	14	26	2.56333
bhkk	14	26	2.56333
bhkk	14	26	2.56333
bhkk	14	26	2.56
bhkk	14	26	2.56333
bhkk	14	26	2.56333
bhkk	14	26	2.56
bhkk	14	26	2.56
bhkk	14	26	2.56333
bhkk	14	26	2.56333
bhkk	14	26	2.56
bhkk	14	26	2.56
bhkk	14	26	2.56333
bhkk	13	26	1.12333
bhkk	14	26	2.56333
bhkk	14	26	2.56333
bhkk	14	26	2.56333
bhkk	14	26	2.56333
bhkk	14	26	2.56333
bhkk	14	26	2.56
bhkk	14	26	2.56333
bhkk	14	26	2.56
