hpr	14	52	3.45
hpr	14	52	3.54
hpr	14	52	4.05
hpr	14	52	3.72
hpr	14	52	4.24
hpr	14	52	4.2
hpr	14	52	3.84
hpr	14	52	3.02
hpr	14	52	3.55
hpr	14	52	3.38
hpr	14	52	2.87
hpr	14	52	3.35
hpr	14	52	2.72
hpr	14	52	2.79
hpr	14	52	2.66
hpr	14	52	1.92
hpr	14	52	3.37
hpr	14	52	2.51
hpr	14	52	2.5
hpr	14	52	2.28
hpr	14	52	2.97
hpr	14	52	3.73
hpr	14	52	2.67
hpr	14	52	4.02
hpr	14	52	4.23
hpr	14	52	3.9
hpr	14	52	2.8
hpr	14	52	3.95
hpr	14	52	2.57
hpr	14	52	2.85
hpr	14	52	3.14
hpr	14	52	2.96
hpr	14	52	2.71
hpr	14	52	2.44
hpr	14	52	4.01
hpr	14	52	4.05
hpr	14	52	3.81
hpr	14	52	3.23
hpr	14	52	3.8
hpr	14	52	3.09
hpr	14	52	2.85
hpr	14	52	4.87
hpr	14	52	4.71
hpr	14	52	2.82
hpr	14	52	2.04
hpr	14	52	3.16
hpr	14	52	3.18
hpr	14	52	3.31
hpr	14	52	1.8
hpr	14	52	3.63
