bhkk	13	20	0.573333
bhkk	14	20	1.25
bhkk	14	20	1.25
bhkk	13	20	0.576666
bhkk	14	20	1.25333
bhkk	14	20	1.25
bhkk	12	20	0.256666
bhkk	14	20	1.25333
bhkk	13	20	0.576666
bhkk	14	20	1.25333
bhkk	13	20	0.576666
bhkk	14	20	1.25
bhkk	14	20	1.25
bhkk	14	20	1.25333
bhkk	13	20	0.576666
bhkk	14	20	1.25333
bhkk	14	20	1.25333
bhkk	14	20	1.25333
bhkk	14	20	1.25
bhkk	14	20	1.25
bhkk	14	20	1.25333
bhkk	14	20	1.25
bhkk	14	20	1.24667
bhkk	14	20	1.25
bhkk	14	20	1.25333
bhkk	13	20	0.573333
bhkk	14	20	1.25
bhkk	13	20	0.573333
bhkk	14	20	1.25
bhkk	13	20	0.576666
bhkk	12	20	0.256666
bhkk	14	20	1.25
bhkk	13	20	0.576666
bhkk	14	20	1.25
bhkk	13	20	0.576666
bhkk	14	20	1.25333
bhkk	14	20	1.25
bhkk	14	20	1.25
bhkk	14	20	1.25333
bhkk	13	20	0.573333
bhkk	12	20	0.256666
bhkk	13	20	0.576666
bhkk	14	20	1.25
bhkk	14	20	1.25
bhkk	14	20	1.25333
bhkk	14	20	1.25
bhkk	14	20	1.25333
bhkk	14	20	1.24667
bhkk	14	20	1.25333
bhkk	13	20	0.576666
