bj	14	88	57.9
bj	14	88	63.4
bj	14	88	57.8
bj	14	88	60.4
bj	14	88	66.5
bj	14	88	62.1
bj	14	88	64.8
bj	14	88	56.2
bj	14	88	61.9
bj	14	88	49.7
bj	14	88	66.3
bj	14	88	63.2
bj	14	88	64.9
bj	14	88	55.8
bj	14	88	61.4
bj	14	88	55.8
bj	14	88	65.5
bj	14	88	62.8
bj	14	88	62.6
bj	14	88	64
bj	14	88	61.7
bj	14	88	55.7
bj	14	88	67
bj	14	88	65.3
bj	14	88	57
bj	14	88	66.6
bj	14	88	62
bj	14	88	68.5
bj	14	88	63.8
bj	14	88	69.2
bj	14	88	57.1
bj	14	88	61.2
bj	14	88	57.5
bj	14	88	73
bj	14	88	58.1
bj	14	88	56.4
bj	14	88	65.8
bj	14	88	60.8
bj	14	88	65.6
bj	14	88	56
bj	14	88	68.2
bj	14	88	58.3
bj	14	88	57.6
bj	14	88	56.8
bj	14	88	61.8
bj	14	88	66.1
bj	14	88	59.7
bj	14	88	63
bj	14	88	60.2
bj	14	88	83
