hpr	14	42	0.597
hpr	14	42	0.707
hpr	14	42	0.747
hpr	14	42	0.95
hpr	14	42	0.763
hpr	14	42	1.24
hpr	14	42	0.7
hpr	14	42	0.613
hpr	14	42	1.07
hpr	14	42	0.29
hpr	14	42	0.76
hpr	13	42	0.283
hpr	14	42	0.567
hpr	14	42	0.387
hpr	14	42	0.72
hpr	14	42	0.597
hpr	14	42	0.737
hpr	14	42	0.843
hpr	14	42	1.1
hpr	14	42	0.3
hpr	14	42	0.86
hpr	14	42	0.34
hpr	14	42	0.437
hpr	14	42	0.997
hpr	14	42	0.557
hpr	14	42	0.837
hpr	14	42	1.16
hpr	14	42	1.06
hpr	14	42	0.693
hpr	14	42	0.703
hpr	14	42	0.55
hpr	14	42	0.73
hpr	14	42	0.753
hpr	14	42	1.15
hpr	14	42	0.717
hpr	14	42	0.74
hpr	14	42	0.843
hpr	14	42	0.607
hpr	14	42	0.817
hpr	14	42	0.513
hpr	14	42	0.923
hpr	14	42	0.813
hpr	14	42	0.783
hpr	14	42	1.07
hpr	14	42	0.977
hpr	14	42	0.957
hpr	14	42	0.4
hpr	14	42	0.837
hpr	14	42	0.72
hpr	14	42	0.967
