bhkk	13	18	0.529999
bhkk	14	18	1.03333
bhkk	13	18	0.493333
bhkk	12	18	0.226666
bhkk	14	18	1.03333
bhkk	13	18	0.486666
bhkk	14	18	1.03333
bhkk	14	18	1.03333
bhkk	14	18	1.03333
bhkk	14	18	1.03333
bhkk	13	18	0.493333
bhkk	14	18	1.03333
bhkk	13	18	0.493333
bhkk	13	18	0.496666
bhkk	14	18	1.03333
bhkk	14	18	1.03333
bhkk	13	18	0.493333
bhkk	13	18	0.493333
bhkk	14	18	1.03333
bhkk	14	18	1.03333
bhkk	13	18	0.493333
bhkk	13	18	0.493333
bhkk	14	18	1.03333
bhkk	14	18	1.03333
bhkk	14	18	1.03333
bhkk	13	18	0.493333
bhkk	13	18	0.496666
bhkk	13	18	0.493333
bhkk	13	18	0.493333
bhkk	14	18	1.03333
bhkk	14	18	1.03333
bhkk	14	18	1.03333
bhkk	13	18	0.493333
bhkk	14	18	1.03333
bhkk	14	18	1.03333
bhkk	12	18	0.226666
bhkk	13	18	0.496666
bhkk	14	18	1.03333
bhkk	14	18	1.03
bhkk	14	18	1.03333
bhkk	13	18	0.493333
bhkk	12	18	0.226666
bhkk	13	18	0.493333
bhkk	12	18	0.226666
bhkk	11	18	0.103333
bhkk	14	18	1.03333
bhkk	13	18	0.493333
bhkk	13	18	0.493333
bhkk	13	18	0.493333
bhkk	14	18	1.03333
