bhkk	14	28	3.12
bhkk	14	28	3.10333
bhkk	14	28	3.1
bhkk	14	28	3.1
bhkk	14	28	3.1
bhkk	14	28	3.1
bhkk	14	28	3.10333
bhkk	14	28	3.10333
bhkk	14	28	3.10333
bhkk	14	28	3.10333
bhkk	14	28	3.10667
bhkk	14	28	3.10333
bhkk	14	28	3.10333
bhkk	14	28	3.10333
bhkk	14	28	3.10667
bhkk	14	28	3.10333
bhkk	14	28	3.1
bhkk	14	28	3.10333
bhkk	14	28	3.1
bhkk	14	28	3.1
bhkk	14	28	3.1
bhkk	14	28	3.10333
bhkk	14	28	3.10333
bhkk	14	28	3.1
bhkk	14	28	3.10333
bhkk	14	28	3.10333
bhkk	14	28	3.1
bhkk	14	28	3.10333
bhkk	14	28	3.10333
bhkk	14	28	3.10333
bhkk	14	28	3.10333
bhkk	14	28	3.10333
bhkk	14	28	3.10333
bhkk	14	28	3.1
bhkk	14	28	3.10333
bhkk	14	28	3.10333
bhkk	14	28	3.10333
bhkk	14	28	3.10333
bhkk	14	28	3.10333
bhkk	14	28	3.10333
bhkk	14	28	3.1
bhkk	14	28	3.1
bhkk	14	28	3.10333
bhkk	14	28	3.1
bhkk	14	28	3.1
bhkk	14	28	3.10333
bhkk	14	28	3.10333
bhkk	14	28	3.10333
bhkk	14	28	3.1
bhkk	14	28	3.1
