bhkk	14	86	27.7833
bhkk	14	86	27.7867
bhkk	14	86	27.77
bhkk	14	86	27.7667
bhkk	14	86	27.7667
bhkk	14	86	27.7567
bhkk	14	86	27.7633
bhkk	14	86	27.7633
bhkk	14	86	27.76
bhkk	14	86	27.7567
bhkk	14	86	27.76
bhkk	14	86	27.76
bhkk	14	86	27.7667
bhkk	14	86	27.7633
bhkk	14	86	27.77
bhkk	14	86	27.77
bhkk	14	86	27.77
bhkk	14	86	27.7567
bhkk	14	86	27.7633
bhkk	14	86	27.77
bhkk	14	86	27.7567
bhkk	14	86	27.7567
bhkk	14	86	27.77
bhkk	14	86	27.79
bhkk	14	86	27.7633
bhkk	14	86	27.7633
bhkk	14	86	27.76
bhkk	14	86	27.7633
bhkk	14	86	27.7567
bhkk	14	86	27.7667
bhkk	14	86	27.76
bhkk	14	86	27.7667
bhkk	14	86	27.77
bhkk	14	86	27.7633
bhkk	14	86	27.7667
bhkk	14	86	27.77
bhkk	14	86	27.8333
bhkk	14	86	27.7667
bhkk	14	86	27.77
bhkk	14	86	27.7733
bhkk	14	86	27.7633
bhkk	14	86	27.77
bhkk	14	86	27.77
bhkk	14	86	27.77
bhkk	14	86	27.7867
bhkk	14	86	27.7767
bhkk	14	86	27.77
bhkk	14	86	27.7733
bhkk	14	86	27.76
bhkk	14	86	27.7633
