bj	14	36	0.04
bj	14	36	0.1
bj	14	36	0.03
bj	14	36	0.0967
bj	14	36	0.06
bj	14	36	0.04
bj	14	36	0.0467
bj	14	36	0.0733
bj	14	36	0.09
bj	14	36	0.0833
bj	14	36	0.09
bj	14	36	0.0967
bj	14	36	0.06
bj	14	36	0.0333
bj	14	36	0.05
bj	14	36	0.0467
bj	14	36	0.0933
bj	14	36	0.09
bj	14	36	0.07
bj	14	36	0.113
bj	14	36	0.103
bj	14	36	0.0567
bj	14	36	0.147
bj	14	36	0.08
bj	14	36	0.08
bj	14	36	0.0367
bj	14	36	0.03
bj	14	36	0.143
bj	14	36	0.147
bj	14	36	0.0767
bj	14	36	0.177
bj	14	36	0.0567
bj	14	36	0.103
bj	14	36	0.0567
bj	14	36	0.267
bj	14	36	0.0767
bj	14	36	0.06
bj	14	36	0.0533
bj	14	36	0.04
bj	14	36	0.0467
bj	14	36	0.05
bj	14	36	0.0567
bj	14	36	0.107
bj	14	36	0.0267
bj	14	36	0.03
bj	14	36	0.0933
bj	14	36	0.19
bj	14	36	0.193
bj	14	36	0.03
bj	14	36	0.0433
