bj	14	90	70.9
bj	14	90	70.9
bj	14	90	71.7
bj	14	90	71.5
bj	14	90	71.2
bj	14	90	72.6
bj	14	90	72.5
bj	14	90	71
bj	14	90	70.5
bj	14	90	73.2
bj	14	90	71.4
bj	14	90	70.6
bj	14	90	71.1
bj	14	90	71.5
bj	14	90	71.4
bj	14	90	71.5
bj	14	90	70.9
bj	14	90	71.4
bj	14	90	72.6
bj	14	90	72.4
bj	14	90	70.7
bj	14	90	71.5
bj	14	90	72.4
bj	14	90	71.5
bj	14	90	71.6
bj	14	90	71.8
bj	14	90	70.9
bj	14	90	71.2
bj	14	90	71.8
bj	14	90	71.5
bj	14	90	71.1
bj	14	90	70.8
bj	14	90	71.3
bj	14	90	71.8
bj	14	90	70.8
bj	14	90	70.7
bj	14	90	71
bj	14	90	71.5
bj	14	90	71.7
bj	14	90	71.5
bj	14	90	70.7
bj	14	90	71.4
bj	14	90	72.2
bj	14	90	71.1
bj	14	90	71.6
bj	14	90	71
bj	14	90	71.7
bj	14	90	70.7
bj	14	90	71
bj	14	90	70.3
