hpr	14	72	10.6
hpr	14	72	10.4
hpr	14	72	9.96
hpr	14	72	5.85
hpr	14	72	9.51
hpr	14	72	14.5
hpr	14	72	11.5
hpr	14	72	10.4
hpr	14	72	12.4
hpr	14	72	9.84
hpr	14	72	9.84
hpr	14	72	9.57
hpr	14	72	13.2
hpr	14	72	10.2
hpr	14	72	11.6
hpr	14	72	13.2
hpr	14	72	13.1
hpr	14	72	13.5
hpr	14	72	10.5
hpr	14	72	8.24
hpr	14	72	12.3
hpr	14	72	8.98
hpr	14	72	10.7
hpr	14	72	8.3
hpr	14	72	11.3
hpr	14	72	11.3
hpr	14	72	11.4
hpr	14	72	10.1
hpr	14	72	9.61
hpr	14	72	10.6
hpr	14	72	11.5
hpr	14	72	9.25
hpr	14	72	12.3
hpr	14	72	9.1
hpr	14	72	11.7
hpr	14	72	11
hpr	14	72	13.1
hpr	14	72	6.37
hpr	14	72	12.4
hpr	14	72	10.6
hpr	14	72	10.9
hpr	14	72	9.53
hpr	14	72	7.02
hpr	14	72	9.72
hpr	14	72	8.45
hpr	14	72	11.3
hpr	14	72	14
hpr	14	72	6.54
hpr	14	72	10
hpr	14	72	14.1
