bj	14	84	64.5
bj	14	84	48.5
bj	14	84	55.1
bj	14	84	57.7
bj	14	84	48
bj	14	84	58.5
bj	14	84	45.7
bj	14	84	55.6
bj	14	84	50.2
bj	14	84	63.6
bj	14	84	57
bj	14	84	44.2
bj	14	84	timeout
bj	14	84	51.4
bj	14	84	57.3
bj	14	84	50.3
bj	14	84	50.9
bj	14	84	timeout
bj	14	84	50.3
bj	14	84	59.4
bj	14	84	47.8
bj	14	84	42.9
bj	14	84	50.2
bj	14	84	92
bj	14	84	53.7
bj	14	84	48.8
bj	14	84	58.5
bj	14	84	51.4
bj	14	84	48.4
bj	14	84	57.2
bj	14	84	57.1
bj	14	84	47.5
bj	14	84	48.4
bj	14	84	60
bj	14	84	48.1
bj	14	84	32.1
bj	14	84	41.5
bj	14	84	45.3
bj	14	84	81.3
bj	14	84	45.3
bj	14	84	47.8
bj	14	84	48
bj	14	84	53.7
bj	14	84	57.6
bj	14	84	53.6
bj	14	84	60
bj	14	84	55.8
bj	14	84	58.8
bj	14	84	45.7
bj	14	84	43.3
