hpr	14	58	3.84
hpr	14	58	4.82
hpr	14	58	5.52
hpr	14	58	4.95
hpr	14	58	5.08
hpr	14	58	5.64
hpr	14	58	5.83
hpr	14	58	4.62
hpr	14	58	7.41
hpr	14	58	7.43
hpr	14	58	7.05
hpr	14	58	7.12
hpr	14	58	6.55
hpr	14	58	6.73
hpr	14	58	6.45
hpr	14	58	6.03
hpr	14	58	7.3
hpr	14	58	5.17
hpr	14	58	4.11
hpr	14	58	6.77
hpr	14	58	5.03
hpr	14	58	6.41
hpr	14	58	5.75
hpr	14	58	6.33
hpr	14	58	3.35
hpr	14	58	6.67
hpr	14	58	5.47
hpr	14	58	5.33
hpr	14	58	4.94
hpr	14	58	4.8
hpr	14	58	4.3
hpr	14	58	6.3
hpr	14	58	6.33
hpr	14	58	6.18
hpr	14	58	4.98
hpr	14	58	6.44
hpr	14	58	6.52
hpr	14	58	5.92
hpr	14	58	6.32
hpr	14	58	6.42
hpr	14	58	5.74
hpr	14	58	6.53
hpr	14	58	4.19
hpr	14	58	3.9
hpr	14	58	5.02
hpr	14	58	5.2
hpr	14	58	6.63
hpr	14	58	5.87
hpr	14	58	7.27
hpr	14	58	5.72
