hpr	14	76	7.64
hpr	14	76	16
hpr	14	76	10.2
hpr	14	76	5.44
hpr	14	76	9.69
hpr	14	76	8.01
hpr	14	76	12.6
hpr	14	76	9.18
hpr	14	76	11.6
hpr	14	76	11.8
hpr	14	76	14.1
hpr	14	76	13.3
hpr	14	76	10.8
hpr	14	76	10.8
hpr	14	76	10.9
hpr	14	76	10.9
hpr	14	76	9.27
hpr	14	76	14.3
hpr	14	76	14.9
hpr	14	76	8.19
hpr	14	76	13.7
hpr	14	76	11.4
hpr	14	76	14
hpr	14	76	10.1
hpr	14	76	11.3
hpr	14	76	12.4
hpr	14	76	11.5
hpr	14	76	8.52
hpr	14	76	13.4
hpr	14	76	11.7
hpr	14	76	10.7
hpr	14	76	8.54
hpr	14	76	12.4
hpr	14	76	14.3
hpr	14	76	11.8
hpr	14	76	10.2
hpr	14	76	11.2
hpr	14	76	12.8
hpr	14	76	9.87
hpr	14	76	8.43
hpr	14	76	12
hpr	14	76	8.36
hpr	14	76	13
hpr	14	76	13.8
hpr	14	76	10.6
hpr	14	76	10.4
hpr	14	76	6.91
hpr	14	76	11.1
hpr	14	76	9.67
hpr	14	76	7.6
