bj	14	74	18.6
bj	14	74	32.4
bj	14	74	33.1
bj	14	74	13.9
bj	14	74	69.3
bj	14	74	timeout
bj	14	74	32.2
bj	14	74	28.8
bj	14	74	52.2
bj	14	74	36.7
bj	14	74	28.9
bj	14	74	29.3
bj	14	74	28.6
bj	14	74	24.4
bj	14	74	70.1
bj	14	74	29.2
bj	14	74	52.4
bj	14	74	33.7
bj	14	74	23.5
bj	14	74	38.7
bj	14	74	31.9
bj	14	74	23.1
bj	14	74	38.6
bj	14	74	12.6
bj	14	74	36.2
bj	14	74	41.6
bj	14	74	32.7
bj	14	74	37.6
bj	14	74	timeout
bj	14	74	33.7
bj	14	74	15.6
bj	14	74	10.9
bj	14	74	9.41
bj	14	74	33
bj	14	74	35.2
bj	14	74	timeout
bj	14	74	28.6
bj	14	74	54.3
bj	14	74	111
bj	14	74	17.3
bj	14	74	31.3
bj	14	74	27.2
bj	14	74	41.5
bj	14	74	23.3
bj	14	74	28.5
bj	14	74	30.4
bj	14	74	64.5
bj	14	74	68.1
bj	14	74	77.2
bj	14	74	38.9
