hpr	14	24	0.00667
hpr	14	24	0.01
hpr	14	24	0.01
hpr	14	24	0.01
hpr	13	24	0.01
hpr	14	24	0.01
hpr	14	24	0.00667
hpr	14	24	0.00667
hpr	14	24	0.00333
hpr	14	24	0.00333
hpr	14	24	0.00667
hpr	14	24	0.01
hpr	13	24	0.00333
hpr	14	24	0.00667
hpr	14	24	0.00667
hpr	14	24	0.00667
hpr	14	24	0.00333
hpr	14	24	0.00667
hpr	14	24	0
hpr	14	24	0.0167
hpr	14	24	0.00667
hpr	14	24	0.0133
hpr	13	24	0
hpr	14	24	0.00333
hpr	14	24	0.00667
hpr	13	24	0.00333
hpr	14	24	0.00667
hpr	14	24	0.01
hpr	14	24	0.00333
hpr	13	24	0.01
hpr	14	24	0.01
hpr	14	24	0
hpr	14	24	0.00667
hpr	14	24	0.00667
hpr	14	24	0.01
hpr	13	24	0
hpr	13	24	0.01
hpr	14	24	0.00667
hpr	14	24	0.00333
hpr	14	24	0.01
hpr	14	24	0.0133
hpr	14	24	0.00667
hpr	14	24	0.00333
hpr	14	24	0.00333
hpr	13	24	0
hpr	14	24	0
hpr	14	24	0.00333
hpr	14	24	0.01
hpr	14	24	0.00667
hpr	14	24	0.00333
