bj	14	54	0.52
bj	14	54	2.39
bj	14	54	2.74
bj	14	54	3.58
bj	14	54	2.82
bj	14	54	1.63
bj	14	54	0.99
bj	14	54	1.72
bj	14	54	1.54
bj	14	54	3.87
bj	14	54	3.24
bj	14	54	4.39
bj	14	54	4.35
bj	14	54	3.99
bj	14	54	3.64
bj	14	54	2.4
bj	14	54	1.72
bj	14	54	2.56
bj	14	54	3.96
bj	14	54	5.1
bj	14	54	2.04
bj	14	54	1.98
bj	14	54	1.81
bj	14	54	3.29
bj	14	54	3.1
bj	14	54	2.69
bj	14	54	1.64
bj	14	54	5.79
bj	14	54	3.04
bj	14	54	1.72
bj	14	54	1.25
bj	14	54	1.43
bj	14	54	2.1
bj	14	54	1.98
bj	14	54	3.51
bj	14	54	9.46
bj	14	54	3.63
bj	14	54	2.45
bj	14	54	4.89
bj	14	54	1.9
bj	14	54	5.02
bj	14	54	36.5
bj	14	54	3.8
bj	14	54	7
bj	14	54	2.74
bj	14	54	1.72
bj	14	54	1.34
bj	14	54	6.08
bj	14	54	2.16
bj	14	54	0.653
