bj	14	48	0.88
bj	14	48	1.59
bj	14	48	1.26
bj	14	48	1.2
bj	14	48	0.383
bj	14	48	1.67
bj	14	48	1.28
bj	14	48	0.827
bj	14	48	0.42
bj	14	48	1.06
bj	14	48	0.917
bj	14	48	1.79
bj	14	48	0.467
bj	14	48	0.35
bj	14	48	0.85
bj	14	48	2.55
bj	14	48	0.797
bj	14	48	1.12
bj	14	48	0.65
bj	14	48	1.99
bj	14	48	0.17
bj	14	48	0.893
bj	14	48	1.37
bj	14	48	0.6
bj	14	48	1.66
bj	14	48	2.34
bj	14	48	0.39
bj	14	48	3.11
bj	14	48	0.54
bj	14	48	1.1
bj	14	48	0.353
bj	14	48	0.183
bj	14	48	1.91
bj	14	48	1.49
bj	14	48	0.643
bj	14	48	0.52
bj	14	48	2.07
bj	14	48	0.207
bj	14	48	0.987
bj	14	48	0.723
bj	14	48	1.16
bj	14	48	1.64
bj	14	48	0.33
bj	14	48	0.553
bj	14	48	1.5
bj	14	48	1.19
bj	14	48	1.06
bj	14	48	0.883
bj	14	48	1.78
bj	14	48	1.08
