bhkk	14	34	3.85333
bhkk	14	34	3.78333
bhkk	14	34	3.78333
bhkk	14	34	3.78333
bhkk	14	34	3.78333
bhkk	14	34	3.78333
bhkk	14	34	3.78
bhkk	14	34	3.78
bhkk	14	34	3.78333
bhkk	14	34	3.8
bhkk	14	34	3.78333
bhkk	14	34	3.78
bhkk	14	34	3.78333
bhkk	14	34	3.78667
bhkk	14	34	3.78333
bhkk	14	34	3.78333
bhkk	14	34	3.78
bhkk	14	34	3.78333
bhkk	14	34	3.78333
bhkk	14	34	3.78667
bhkk	14	34	3.78333
bhkk	14	34	3.78667
bhkk	14	34	3.78333
bhkk	14	34	3.78667
bhkk	14	34	3.78667
bhkk	14	34	3.78333
bhkk	14	34	3.78333
bhkk	14	34	3.78333
bhkk	14	34	3.78
bhkk	14	34	3.78
bhkk	14	34	3.78333
bhkk	14	34	3.78667
bhkk	14	34	3.78333
bhkk	14	34	3.78
bhkk	14	34	3.78
bhkk	14	34	3.78667
bhkk	14	34	3.78333
bhkk	14	34	3.78333
bhkk	14	34	3.78333
bhkk	14	34	3.78333
bhkk	14	34	3.78333
bhkk	14	34	3.78333
bhkk	14	34	3.78333
bhkk	14	34	3.78333
bhkk	14	34	3.78667
bhkk	14	34	3.78333
bhkk	13	34	1.62
bhkk	14	34	3.78333
bhkk	14	34	3.78333
bhkk	14	34	3.78333
