bhkk	14	46	5.65667
bhkk	14	46	5.65333
bhkk	14	46	5.65667
bhkk	14	46	5.65
bhkk	14	46	5.65667
bhkk	14	46	5.66
bhkk	14	46	5.65333
bhkk	14	46	5.65667
bhkk	14	46	5.65333
bhkk	14	46	5.65667
bhkk	14	46	5.66
bhkk	14	46	5.65667
bhkk	14	46	5.66
bhkk	14	46	5.66
bhkk	14	46	5.65667
bhkk	14	46	5.65667
bhkk	14	46	5.65667
bhkk	14	46	5.65667
bhkk	14	46	5.65667
bhkk	14	46	5.66
bhkk	14	46	5.65667
bhkk	14	46	5.65333
bhkk	14	46	5.65
bhkk	14	46	5.65667
bhkk	14	46	5.65667
bhkk	14	46	5.65667
bhkk	14	46	5.66
bhkk	14	46	5.66
bhkk	14	46	5.65667
bhkk	14	46	5.65667
bhkk	14	46	5.65
bhkk	14	46	5.65333
bhkk	14	46	5.65333
bhkk	14	46	5.65
bhkk	14	46	5.65667
bhkk	14	46	5.65
bhkk	14	46	5.65
bhkk	14	46	5.65667
bhkk	14	46	5.65
bhkk	14	46	5.65667
bhkk	14	46	5.65667
bhkk	14	46	5.65667
bhkk	14	46	5.65667
bhkk	14	46	5.66
bhkk	14	46	5.65667
bhkk	14	46	5.65667
bhkk	14	46	5.65333
bhkk	14	46	5.65333
bhkk	14	46	5.65667
bhkk	14	46	5.65667
