hpr	14	50	3.2
hpr	14	50	2.95
hpr	14	50	2.67
hpr	14	50	2.97
hpr	14	50	2.91
hpr	14	50	2.35
hpr	14	50	2.32
hpr	14	50	1.95
hpr	14	50	2.19
hpr	14	50	3.53
hpr	14	50	2.12
hpr	14	50	3.18
hpr	14	50	2.3
hpr	14	50	3.84
hpr	14	50	3.37
hpr	14	50	2.92
hpr	14	50	2.25
hpr	14	50	2.74
hpr	14	50	2.96
hpr	14	50	2.81
hpr	14	50	2.79
hpr	14	50	3.28
hpr	14	50	1.98
hpr	14	50	2.61
hpr	14	50	2.06
hpr	14	50	2.12
hpr	14	50	3.06
hpr	14	50	2.53
hpr	14	50	3.11
hpr	14	50	2.89
hpr	14	50	2.07
hpr	14	50	1.75
hpr	14	50	3.05
hpr	14	50	3.2
hpr	14	50	1.91
hpr	14	50	1.47
hpr	14	50	2.84
hpr	14	50	2.97
hpr	14	50	3.05
hpr	14	50	1.52
hpr	14	50	1.7
hpr	14	50	3.21
hpr	14	50	1.89
hpr	14	50	2.13
hpr	14	50	2.02
hpr	14	50	2.47
hpr	14	50	2.5
hpr	14	50	2.22
hpr	14	50	2.5
hpr	14	50	3.8
