bhkk	14	80	25.53
bhkk	14	80	25.5533
bhkk	14	80	25.54
bhkk	14	80	25.5267
bhkk	14	80	25.52
bhkk	14	80	25.5233
bhkk	14	80	25.5267
bhkk	14	80	25.53
bhkk	14	80	25.5233
bhkk	14	80	25.52
bhkk	14	80	25.5333
bhkk	14	80	25.5067
bhkk	14	80	25.5233
bhkk	14	80	25.5267
bhkk	14	80	25.52
bhkk	14	80	25.5233
bhkk	14	80	25.5267
bhkk	14	80	25.5267
bhkk	14	80	25.52
bhkk	14	80	25.5267
bhkk	14	80	25.53
bhkk	14	80	25.52
bhkk	14	80	25.53
bhkk	14	80	25.5233
bhkk	14	80	25.5267
bhkk	14	80	25.5233
bhkk	14	80	25.5267
bhkk	14	80	25.5233
bhkk	14	80	25.52
bhkk	14	80	25.53
bhkk	14	80	25.5267
bhkk	14	80	25.5233
bhkk	14	80	25.5333
bhkk	14	80	25.52
bhkk	14	80	25.5233
bhkk	14	80	25.53
bhkk	14	80	25.5167
bhkk	14	80	25.5333
bhkk	14	80	25.5333
bhkk	14	80	25.5333
bhkk	14	80	25.53
bhkk	14	80	25.5367
bhkk	14	80	25.5267
bhkk	14	80	25.5267
bhkk	14	80	25.5267
bhkk	14	80	25.5267
bhkk	14	80	25.52
bhkk	14	80	25.5267
bhkk	14	80	25.5333
bhkk	14	80	25.52
