hpr	14	36	0.1
hpr	14	36	0.253
hpr	14	36	0.19
hpr	14	36	0.21
hpr	14	36	0.223
hpr	14	36	0.287
hpr	14	36	0.283
hpr	14	36	0.17
hpr	14	36	0.257
hpr	14	36	0.36
hpr	14	36	0.31
hpr	14	36	0.3
hpr	14	36	0.117
hpr	14	36	0.133
hpr	14	36	0.257
hpr	14	36	0.217
hpr	14	36	0.193
hpr	14	36	0.187
hpr	14	36	0.217
hpr	14	36	0.343
hpr	14	36	0.217
hpr	14	36	0.2
hpr	14	36	0.43
hpr	14	36	0.14
hpr	14	36	0.197
hpr	14	36	0.213
hpr	14	36	0.287
hpr	14	36	0.313
hpr	14	36	0.193
hpr	14	36	0.12
hpr	14	36	0.373
hpr	14	36	0.133
hpr	14	36	0.26
hpr	14	36	0.37
hpr	14	36	0.423
hpr	14	36	0.22
hpr	14	36	0.23
hpr	14	36	0.14
hpr	14	36	0.13
hpr	14	36	0.25
hpr	14	36	0.17
hpr	14	36	0.223
hpr	14	36	0.217
hpr	14	36	0.253
hpr	14	36	0.143
hpr	14	36	0.297
hpr	14	36	0.237
hpr	14	36	0.353
hpr	14	36	0.127
hpr	14	36	0.11
