bj	13	18	0.00333
bj	14	18	0
bj	13	18	0
bj	12	18	0
bj	14	18	0
bj	13	18	0
bj	14	18	0
bj	14	18	0
bj	14	18	0
bj	14	18	0
bj	13	18	0
bj	14	18	0
bj	13	18	0
bj	13	18	0
bj	14	18	0
bj	14	18	0
bj	13	18	0
bj	13	18	0
bj	14	18	0
bj	14	18	0
bj	13	18	0
bj	13	18	0
bj	14	18	0
bj	14	18	0
bj	14	18	0
bj	13	18	0
bj	13	18	0
bj	13	18	0
bj	13	18	0
bj	14	18	0
bj	14	18	0
bj	14	18	0
bj	13	18	0
bj	14	18	0
bj	14	18	0
bj	12	18	0
bj	13	18	0
bj	14	18	0
bj	14	18	0
bj	14	18	0
bj	13	18	0
bj	12	18	0
bj	13	18	0
bj	12	18	0
bj	11	18	0
bj	14	18	0
bj	13	18	0
bj	13	18	0
bj	13	18	0
bj	14	18	0
