hpr	13	20	0
hpr	14	20	0.00333
hpr	14	20	0
hpr	13	20	0.00667
hpr	14	20	0.00333
hpr	14	20	0
hpr	12	20	0.00333
hpr	14	20	0
hpr	13	20	0.00333
hpr	14	20	0.00333
hpr	13	20	0
hpr	14	20	0
hpr	14	20	0.00333
hpr	14	20	0.00333
hpr	13	20	0
hpr	14	20	0
hpr	14	20	0.00333
hpr	14	20	0.00333
hpr	14	20	0
hpr	14	20	0
hpr	14	20	0.00333
hpr	14	20	0
hpr	14	20	0
hpr	14	20	0
hpr	14	20	0.00333
hpr	13	20	0
hpr	14	20	0
hpr	13	20	0.00333
hpr	14	20	0
hpr	13	20	0
hpr	12	20	0.00333
hpr	14	20	0.00333
hpr	13	20	0
hpr	14	20	0
hpr	13	20	0.00333
hpr	14	20	0.00333
hpr	14	20	0
hpr	14	20	0
hpr	14	20	0
hpr	13	20	0.00333
hpr	12	20	0
hpr	13	20	0.00333
hpr	14	20	0
hpr	14	20	0
hpr	14	20	0
hpr	14	20	0
hpr	14	20	0
hpr	14	20	0
hpr	14	20	0.00333
hpr	13	20	0
