bj	14	38	0.203
bj	14	38	0.133
bj	14	38	0.117
bj	14	38	0.0567
bj	14	38	0.0967
bj	14	38	0.09
bj	14	38	0.12
bj	14	38	0.127
bj	14	38	0.0733
bj	14	38	0.0667
bj	14	38	0.307
bj	14	38	0.0267
bj	14	38	0.117
bj	14	38	0.0433
bj	14	38	0.13
bj	14	38	0.15
bj	14	38	0.103
bj	14	38	0.34
bj	14	38	0.167
bj	14	38	0.0867
bj	14	38	0.14
bj	14	38	0.0533
bj	14	38	0.0967
bj	14	38	0.0467
bj	14	38	0.143
bj	14	38	0.133
bj	14	38	0.0867
bj	14	38	0.107
bj	14	38	0.0733
bj	14	38	0.15
bj	14	38	0.1
bj	14	38	0.1
bj	14	38	0.12
bj	14	38	0.223
bj	14	38	0.0667
bj	14	38	0.127
bj	14	38	0.0933
bj	14	38	0.0633
bj	14	38	0.07
bj	14	38	0.137
bj	14	38	0.0533
bj	14	38	0.103
bj	14	38	0.127
bj	14	38	0.213
bj	14	38	0.09
bj	14	38	0.133
bj	14	38	0.167
bj	14	38	0.12
bj	14	38	0.0633
bj	14	38	0.1
