hpr	14	88	2.11
hpr	14	88	3.81
hpr	14	88	2.32
hpr	14	88	3.09
hpr	14	88	3.31
hpr	14	88	2.91
hpr	14	88	3.18
hpr	14	88	2.52
hpr	14	88	3.71
hpr	14	88	2.51
hpr	14	88	3.31
hpr	14	88	3.13
hpr	14	88	3.4
hpr	14	88	3.25
hpr	14	88	3.53
hpr	14	88	2.28
hpr	14	88	2.87
hpr	14	88	3.23
hpr	14	88	2.15
hpr	14	88	3.16
hpr	14	88	2.63
hpr	14	88	3.31
hpr	14	88	2.81
hpr	14	88	2.44
hpr	14	88	4.6
hpr	14	88	2.75
hpr	14	88	2.49
hpr	14	88	3.63
hpr	14	88	3.48
hpr	14	88	1.52
hpr	14	88	3.99
hpr	14	88	2.78
hpr	14	88	3.34
hpr	14	88	2.9
hpr	14	88	2.06
hpr	14	88	2.37
hpr	14	88	3.47
hpr	14	88	3.03
hpr	14	88	3.06
hpr	14	88	2.62
hpr	14	88	3.67
hpr	14	88	2.51
hpr	14	88	2.38
hpr	14	88	3.91
hpr	14	88	3.01
hpr	14	88	2.95
hpr	14	88	2.94
hpr	14	88	3.07
hpr	14	88	2.07
hpr	14	88	2.5
