bj	14	22	0.00333
bj	13	22	0.00667
bj	14	22	0.00667
bj	13	22	0.00333
bj	14	22	0.00333
bj	14	22	0.00333
bj	13	22	0.00333
bj	13	22	0
bj	14	22	0.00333
bj	14	22	0.00333
bj	14	22	0.00667
bj	14	22	0
bj	14	22	0.00333
bj	14	22	0.00333
bj	13	22	0.00333
bj	13	22	0.00333
bj	14	22	0.00333
bj	13	22	0.00333
bj	14	22	0.00333
bj	13	22	0.00333
bj	12	22	0.00333
bj	14	22	0.00333
bj	14	22	0
bj	13	22	0
bj	13	22	0.00333
bj	14	22	0.00333
bj	14	22	0.00333
bj	14	22	0.00333
bj	13	22	0.00333
bj	14	22	0.00333
bj	14	22	0.00333
bj	14	22	0.00333
bj	14	22	0.00333
bj	14	22	0.00333
bj	14	22	0.00333
bj	14	22	0.00333
bj	14	22	0
bj	12	22	0.00333
bj	14	22	0.00333
bj	14	22	0.00333
bj	14	22	0.00333
bj	14	22	0.00333
bj	14	22	0
bj	14	22	0.00333
bj	14	22	0.00333
bj	14	22	0.00333
bj	14	22	0
bj	14	22	0.00333
bj	13	22	0.00333
bj	13	22	0.00333
