bj	14	82	53.2
bj	14	82	27.6
bj	14	82	45.5
bj	14	82	58.4
bj	14	82	113
bj	14	82	47.7
bj	14	82	41.9
bj	14	82	39.8
bj	14	82	74.6
bj	14	82	76.5
bj	14	82	42.5
bj	14	82	53.4
bj	14	82	25.5
bj	14	82	timeout
bj	14	82	23.4
bj	14	82	45.6
bj	14	82	49.9
bj	14	82	54.7
bj	14	82	48
bj	14	82	44
bj	14	82	35
bj	14	82	28.2
bj	14	82	48
bj	14	82	38.8
bj	14	82	37.4
bj	14	82	41.8
bj	14	82	82.2
bj	14	82	timeout
bj	14	82	48
bj	14	82	43.6
bj	14	82	35.6
bj	14	82	42.4
bj	14	82	42.4
bj	14	82	74.3
bj	14	82	41.7
bj	14	82	23.9
bj	14	82	44.7
bj	14	82	95.8
bj	14	82	53.5
bj	14	82	42.6
bj	14	82	35.5
bj	14	82	43.8
bj	14	82	timeout
bj	14	82	46.5
bj	14	82	46.2
bj	14	82	timeout
bj	14	82	39
bj	14	82	36.4
bj	14	82	47.6
bj	14	82	46.7
