hpr	14	78	11
hpr	14	78	5.84
hpr	14	78	11.2
hpr	14	78	9.54
hpr	14	78	12.7
hpr	14	78	9.09
hpr	14	78	6
hpr	14	78	12.5
hpr	14	78	9.49
hpr	14	78	7.43
hpr	14	78	8.75
hpr	14	78	5.91
hpr	14	78	8.87
hpr	14	78	8.56
hpr	14	78	10.1
hpr	14	78	8.65
hpr	14	78	12
hpr	14	78	11.2
hpr	14	78	10.2
hpr	14	78	10.6
hpr	14	78	6.19
hpr	14	78	4.58
hpr	14	78	5.11
hpr	14	78	11
hpr	14	78	5.4
hpr	14	78	9.08
hpr	14	78	9.71
hpr	14	78	12.1
hpr	14	78	5.76
hpr	14	78	10.5
hpr	14	78	9.5
hpr	14	78	7.43
hpr	14	78	8.65
hpr	14	78	14.1
hpr	14	78	9.18
hpr	14	78	10
hpr	14	78	10.4
hpr	14	78	8.23
hpr	14	78	9.46
hpr	14	78	14.2
hpr	14	78	8.75
hpr	14	78	6.78
hpr	14	78	4.58
hpr	14	78	6.04
hpr	14	78	5.17
hpr	14	78	11.4
hpr	14	78	7.7
hpr	14	78	11.3
hpr	14	78	11.9
hpr	14	78	6.3
