bhkk	14	54	13.9367
bhkk	14	54	13.9467
bhkk	14	54	13.9433
bhkk	14	54	13.94
bhkk	14	54	13.9433
bhkk	14	54	13.94
bhkk	14	54	13.9433
bhkk	14	54	13.94
bhkk	14	54	13.94
bhkk	14	54	13.9467
bhkk	14	54	13.9333
bhkk	14	54	13.9367
bhkk	14	54	13.9433
bhkk	14	54	13.94
bhkk	14	54	13.94
bhkk	14	54	13.9333
bhkk	14	54	13.94
bhkk	14	54	13.9433
bhkk	14	54	13.9433
bhkk	14	54	13.9433
bhkk	14	54	13.9333
bhkk	14	54	13.94
bhkk	14	54	13.9433
bhkk	14	54	13.9433
bhkk	14	54	13.94
bhkk	14	54	13.94
bhkk	14	54	13.9433
bhkk	14	54	13.9367
bhkk	14	54	13.9433
bhkk	14	54	13.9467
bhkk	14	54	13.94
bhkk	14	54	13.94
bhkk	14	54	13.9433
bhkk	14	54	13.9433
bhkk	14	54	13.94
bhkk	14	54	13.9433
bhkk	14	54	13.94
bhkk	14	54	13.9367
bhkk	14	54	13.9467
bhkk	14	54	13.9367
bhkk	14	54	13.9533
bhkk	14	54	13.94
bhkk	14	54	13.9367
bhkk	14	54	13.9433
bhkk	14	54	13.9433
bhkk	14	54	13.95
bhkk	14	54	13.9433
bhkk	14	54	13.9367
bhkk	14	54	13.9433
bhkk	14	54	13.9367
