bhkk	14	32	3.09333
bhkk	14	32	3.09333
bhkk	14	32	3.09
bhkk	14	32	3.09
bhkk	14	32	3.09
bhkk	14	32	3.09
bhkk	14	32	3.09
bhkk	14	32	3.09
bhkk	14	32	3.09
bhkk	14	32	3.09333
bhkk	14	32	3.09
bhkk	14	32	3.09
bhkk	14	32	3.09333
bhkk	14	32	3.09
bhkk	14	32	3.09333
bhkk	14	32	3.09
bhkk	14	32	3.09
bhkk	14	32	3.09333
bhkk	14	32	3.09
bhkk	14	32	3.09
bhkk	14	32	3.09
bhkk	14	32	3.09
bhkk	14	32	3.09
bhkk	14	32	3.09
bhkk	14	32	3.09
bhkk	14	32	3.09
bhkk	14	32	3.09
bhkk	14	32	3.09333
bhkk	14	32	3.09
bhkk	13	32	1.32333
bhkk	14	32	3.09333
bhkk	14	32	3.08667
bhkk	14	32	3.09
bhkk	14	32	3.09
bhkk	14	32	3.09333
bhkk	14	32	3.09333
bhkk	14	32	3.10333
bhkk	14	32	3.09
bhkk	14	32	3.08667
bhkk	14	32	3.09
bhkk	14	32	3.09333
bhkk	14	32	3.09333
bhkk	14	32	3.09
bhkk	14	32	3.09
bhkk	14	32	3.09333
bhkk	14	32	3.1
bhkk	14	32	3.09
bhkk	14	32	3.09
bhkk	14	32	3.09333
bhkk	14	32	3.09333
