bhkk	14	88	26.8367
bhkk	14	88	26.8067
bhkk	14	88	26.8
bhkk	14	88	26.8067
bhkk	14	88	26.8033
bhkk	14	88	26.8
bhkk	14	88	26.7967
bhkk	14	88	26.8067
bhkk	14	88	26.8
bhkk	14	88	26.8
bhkk	14	88	26.81
bhkk	14	88	26.81
bhkk	14	88	26.8033
bhkk	14	88	26.81
bhkk	14	88	26.8067
bhkk	14	88	26.7967
bhkk	14	88	26.8067
bhkk	14	88	26.8033
bhkk	14	88	26.7967
bhkk	14	88	26.8067
bhkk	14	88	26.8133
bhkk	14	88	26.8033
bhkk	14	88	26.8067
bhkk	14	88	26.8
bhkk	14	88	26.81
bhkk	14	88	26.81
bhkk	14	88	26.81
bhkk	14	88	26.8067
bhkk	14	88	26.8067
bhkk	14	88	26.8067
bhkk	14	88	26.7733
bhkk	14	88	26.8033
bhkk	14	88	26.7933
bhkk	14	88	26.81
bhkk	14	88	26.8033
bhkk	14	88	26.8067
bhkk	14	88	26.8067
bhkk	14	88	26.8067
bhkk	14	88	26.8033
bhkk	14	88	26.8
bhkk	14	88	26.8067
bhkk	14	88	26.81
bhkk	14	88	26.8067
bhkk	14	88	26.8067
bhkk	14	88	26.8033
bhkk	14	88	26.8033
bhkk	14	88	26.81
bhkk	14	88	26.8167
bhkk	14	88	26.81
bhkk	14	88	26.8133
