bhkk	14	48	12.8633
bhkk	14	48	12.8333
bhkk	14	48	12.84
bhkk	14	48	12.84
bhkk	14	48	12.8367
bhkk	14	48	12.84
bhkk	14	48	6.42333
bhkk	14	48	12.8367
bhkk	14	48	12.84
bhkk	14	48	12.8367
bhkk	14	48	12.8367
bhkk	14	48	12.8433
bhkk	14	48	12.83
bhkk	14	48	12.84
bhkk	14	48	12.8367
bhkk	14	48	12.8367
bhkk	14	48	12.84
bhkk	14	48	12.8367
bhkk	14	48	12.8233
bhkk	14	48	12.84
bhkk	14	48	6.42
bhkk	14	48	12.8433
bhkk	14	48	12.8367
bhkk	14	48	6.42
bhkk	14	48	12.83
bhkk	14	48	12.84
bhkk	14	48	12.8367
bhkk	14	48	12.84
bhkk	14	48	12.84
bhkk	14	48	12.8333
bhkk	14	48	12.8367
bhkk	14	48	12.8367
bhkk	14	48	12.8333
bhkk	14	48	12.84
bhkk	14	48	12.8367
bhkk	14	48	12.8333
bhkk	14	48	12.8367
bhkk	14	48	12.8367
bhkk	14	48	12.8433
bhkk	14	48	12.8367
bhkk	14	48	12.8267
bhkk	14	48	12.84
bhkk	14	48	6.42
bhkk	14	48	12.84
bhkk	14	48	12.8367
bhkk	14	48	12.8233
bhkk	14	48	12.8333
bhkk	14	48	12.84
bhkk	14	48	12.8367
bhkk	14	48	12.8467
