hpr	14	60	7.48
hpr	14	60	9.08
hpr	14	60	7
hpr	14	60	7.81
hpr	14	60	5.94
hpr	14	60	4.77
hpr	14	60	8.14
hpr	14	60	5.24
hpr	14	60	6.58
hpr	14	60	4.55
hpr	14	60	6.42
hpr	14	60	5.46
hpr	14	60	6.3
hpr	14	60	4.13
hpr	14	60	5.29
hpr	14	60	6.34
hpr	14	60	6.02
hpr	14	60	7.1
hpr	14	60	6.13
hpr	14	60	4.51
hpr	14	60	6.65
hpr	14	60	6.48
hpr	14	60	6.14
hpr	14	60	6.87
hpr	14	60	7.16
hpr	14	60	5.66
hpr	14	60	6.66
hpr	14	60	6.85
hpr	14	60	5.89
hpr	14	60	5
hpr	14	60	6.2
hpr	14	60	6.84
hpr	14	60	7.09
hpr	14	60	4.46
hpr	14	60	7.22
hpr	14	60	8
hpr	14	60	6.45
hpr	14	60	8.65
hpr	14	60	7.07
hpr	14	60	5.69
hpr	14	60	6.07
hpr	14	60	5.44
hpr	14	60	5.21
hpr	14	60	7.2
hpr	14	60	6.12
hpr	14	60	6.24
hpr	14	60	5.86
hpr	14	60	6.96
hpr	14	60	7.38
hpr	14	60	8.51
