bhkk	14	58	16.3433
bhkk	14	58	16.3267
bhkk	14	58	16.3267
bhkk	14	58	16.3233
bhkk	14	58	16.3233
bhkk	14	58	16.3267
bhkk	14	58	16.3233
bhkk	14	58	16.3267
bhkk	14	58	16.3267
bhkk	14	58	16.3233
bhkk	14	58	16.3267
bhkk	14	58	16.3267
bhkk	14	58	16.3267
bhkk	14	58	16.3267
bhkk	14	58	16.3233
bhkk	14	58	16.3267
bhkk	14	58	16.3233
bhkk	14	58	16.3267
bhkk	14	58	16.3267
bhkk	14	58	16.3267
bhkk	14	58	16.3267
bhkk	14	58	16.33
bhkk	14	58	16.3167
bhkk	14	58	16.3267
bhkk	14	58	16.32
bhkk	14	58	16.3233
bhkk	14	58	16.32
bhkk	14	58	16.3167
bhkk	14	58	16.3267
bhkk	14	58	16.3167
bhkk	14	58	16.3233
bhkk	14	58	16.3267
bhkk	14	58	16.3167
bhkk	14	58	16.3267
bhkk	14	58	16.3233
bhkk	14	58	16.3167
bhkk	14	58	16.3233
bhkk	14	58	16.3267
bhkk	14	58	16.3167
bhkk	14	58	16.32
bhkk	14	58	16.32
bhkk	14	58	16.3167
bhkk	14	58	16.32
bhkk	14	58	16.3267
bhkk	14	58	16.32
bhkk	14	58	16.3167
bhkk	14	58	16.32
bhkk	14	58	16.3133
bhkk	14	58	16.32
bhkk	14	58	16.32
