hpr	14	30	0.0567
hpr	14	30	0.0467
hpr	14	30	0.0467
hpr	14	30	0.0867
hpr	14	30	0.04
hpr	14	30	0.0233
hpr	14	30	0.0567
hpr	14	30	0.0533
hpr	14	30	0.05
hpr	14	30	0.03
hpr	14	30	0.0467
hpr	14	30	0.0233
hpr	14	30	0.0133
hpr	14	30	0.09
hpr	14	30	0.05
hpr	13	30	0.0333
hpr	14	30	0.0633
hpr	14	30	0.05
hpr	14	30	0.0567
hpr	14	30	0.1
hpr	14	30	0.0833
hpr	14	30	0.0367
hpr	14	30	0.0367
hpr	14	30	0.0267
hpr	14	30	0.06
hpr	14	30	0.0467
hpr	14	30	0.0167
hpr	14	30	0.0767
hpr	14	30	0.0367
hpr	14	30	0.0833
hpr	14	30	0.0667
hpr	14	30	0.0833
hpr	14	30	0.0533
hpr	14	30	0.0167
hpr	14	30	0.0767
hpr	14	30	0.0267
hpr	14	30	0.0833
hpr	14	30	0.08
hpr	14	30	0.0667
hpr	14	30	0.08
hpr	14	30	0.0267
hpr	14	30	0.0367
hpr	14	30	0.05
hpr	14	30	0.0667
hpr	14	30	0.0533
hpr	14	30	0.0167
hpr	14	30	0.0933
hpr	14	30	0.04
hpr	14	30	0.0233
hpr	14	30	0.0167
