hpr	14	70	11.7
hpr	14	70	10.5
hpr	14	70	8.57
hpr	14	70	13.9
hpr	14	70	11.8
hpr	14	70	9.42
hpr	14	70	11.5
hpr	14	70	9.97
hpr	14	70	10.5
hpr	14	70	12.7
hpr	14	70	6.63
hpr	14	70	12.7
hpr	14	70	11.4
hpr	14	70	12.4
hpr	14	70	13.5
hpr	14	70	8.59
hpr	14	70	11.5
hpr	14	70	10.4
hpr	14	70	9.76
hpr	14	70	7.56
hpr	14	70	11.7
hpr	14	70	12
hpr	14	70	12.1
hpr	14	70	12
hpr	14	70	11.4
hpr	14	70	14.7
hpr	14	70	9.72
hpr	14	70	7.63
hpr	14	70	9.87
hpr	14	70	12.5
hpr	14	70	7.52
hpr	14	70	8.39
hpr	14	70	11.7
hpr	14	70	14.2
hpr	14	70	9.76
hpr	14	70	14.8
hpr	14	70	9.64
hpr	14	70	11.2
hpr	14	70	12.4
hpr	14	70	9.83
hpr	14	70	5.38
hpr	14	70	9.16
hpr	14	70	9.51
hpr	14	70	13.8
hpr	14	70	12.2
hpr	14	70	10.2
hpr	14	70	7.84
hpr	14	70	10.7
hpr	14	70	11.6
hpr	14	70	9.98
