bj	14	64	31.9
bj	14	64	37.5
bj	14	64	8.62
bj	14	64	33
bj	14	64	23.9
bj	14	64	21.2
bj	14	64	14.6
bj	14	64	24.9
bj	14	64	18.6
bj	14	64	3.79
bj	14	64	10.6
bj	14	64	25.2
bj	14	64	12.2
bj	14	64	6.62
bj	14	64	10.2
bj	14	64	19.5
bj	14	64	12.3
bj	14	64	9.25
bj	14	64	13.1
bj	14	64	18
bj	14	64	9.12
bj	14	64	16.7
bj	14	64	21.6
bj	14	64	6.46
bj	14	64	26.5
bj	14	64	36.3
bj	14	64	12.2
bj	14	64	12.5
bj	14	64	18.2
bj	14	64	18.5
bj	14	64	5.93
bj	14	64	22.3
bj	14	64	29.1
bj	14	64	15.4
bj	14	64	8.26
bj	14	64	10.5
bj	14	64	18.3
bj	14	64	11
bj	14	64	8.55
bj	14	64	13.5
bj	14	64	8.73
bj	14	64	7.01
bj	14	64	10.9
bj	14	64	54
bj	14	64	17.7
bj	14	64	11
bj	14	64	11.1
bj	14	64	24
bj	14	64	5.73
bj	14	64	12.4
