hpr	14	54	4.44
hpr	14	54	4.72
hpr	14	54	4.65
hpr	14	54	4.48
hpr	14	54	3.58
hpr	14	54	3.96
hpr	14	54	2.93
hpr	14	54	1.91
hpr	14	54	3.56
hpr	14	54	3.04
hpr	14	54	4.21
hpr	14	54	4.26
hpr	14	54	4.17
hpr	14	54	3.79
hpr	14	54	5.07
hpr	14	54	3.97
hpr	14	54	4.6
hpr	14	54	4.54
hpr	14	54	3.93
hpr	14	54	4.14
hpr	14	54	3.19
hpr	14	54	3.95
hpr	14	54	3.05
hpr	14	54	3.07
hpr	14	54	4.31
hpr	14	54	4.46
hpr	14	54	4.07
hpr	14	54	5.25
hpr	14	54	4.05
hpr	14	54	3.05
hpr	14	54	4.8
hpr	14	54	4.32
hpr	14	54	3.76
hpr	14	54	3.16
hpr	14	54	4.94
hpr	14	54	3.98
hpr	14	54	3.29
hpr	14	54	5.03
hpr	14	54	4.97
hpr	14	54	2.27
hpr	14	54	3.29
hpr	14	54	5.67
hpr	14	54	3.24
hpr	14	54	4.08
hpr	14	54	3.85
hpr	14	54	2.99
hpr	14	54	4.93
hpr	14	54	4.81
hpr	14	54	3.88
hpr	14	54	2.08
