bhkk	14	84	22.5567
bhkk	14	84	22.5533
bhkk	14	84	22.5633
bhkk	14	84	22.5567
bhkk	14	84	22.5567
bhkk	14	84	22.56
bhkk	14	84	22.56
bhkk	14	84	22.5567
bhkk	14	84	22.5533
bhkk	14	84	22.56
bhkk	14	84	22.5567
bhkk	14	84	22.5567
bhkk	14	84	22.5533
bhkk	14	84	22.5533
bhkk	14	84	22.55
bhkk	14	84	22.5567
bhkk	14	84	22.56
bhkk	14	84	22.5533
bhkk	14	84	22.56
bhkk	14	84	22.5567
bhkk	14	84	22.5567
bhkk	14	84	22.56
bhkk	14	84	22.5633
bhkk	14	84	22.56
bhkk	14	84	22.5633
bhkk	14	84	22.5633
bhkk	14	84	22.5567
bhkk	14	84	22.5567
bhkk	14	84	22.5567
bhkk	14	84	22.56
bhkk	14	84	22.56
bhkk	14	84	22.5567
bhkk	14	84	22.56
bhkk	14	84	22.5533
bhkk	14	84	22.5567
bhkk	14	84	22.55
bhkk	14	84	22.5567
bhkk	14	84	22.55
bhkk	14	84	22.5567
bhkk	14	84	22.56
bhkk	14	84	22.5567
bhkk	14	84	22.5533
bhkk	14	84	22.5567
bhkk	14	84	22.5533
bhkk	14	84	22.5533
bhkk	14	84	22.5533
bhkk	14	84	22.56
bhkk	14	84	22.5567
bhkk	14	84	22.5633
bhkk	14	84	22.5567
