bhkk	14	62	17.7367
bhkk	14	62	17.7233
bhkk	14	62	17.72
bhkk	14	62	17.7167
bhkk	14	62	17.7133
bhkk	14	62	17.7167
bhkk	14	62	17.72
bhkk	14	62	17.7167
bhkk	14	62	17.7167
bhkk	14	62	17.72
bhkk	14	62	17.7167
bhkk	14	62	17.71
bhkk	14	62	17.7167
bhkk	14	62	17.72
bhkk	14	62	17.7167
bhkk	14	62	17.7167
bhkk	14	62	17.72
bhkk	14	62	17.7233
bhkk	14	62	17.7233
bhkk	14	62	17.7233
bhkk	14	62	17.7233
bhkk	14	62	17.7233
bhkk	14	62	17.7233
bhkk	14	62	17.72
bhkk	14	62	17.72
bhkk	14	62	17.72
bhkk	14	62	17.7167
bhkk	14	62	17.7133
bhkk	14	62	17.72
bhkk	14	62	17.7267
bhkk	14	62	17.72
bhkk	14	62	17.72
bhkk	14	62	17.72
bhkk	14	62	17.7167
bhkk	14	62	17.74
bhkk	14	62	17.7233
bhkk	14	62	17.72
bhkk	14	62	17.7167
bhkk	14	62	17.72
bhkk	14	62	17.72
bhkk	14	62	17.7167
bhkk	14	62	17.7167
bhkk	14	62	17.7133
bhkk	14	62	17.7167
bhkk	14	62	17.7267
bhkk	14	62	17.7233
bhkk	14	62	17.72
bhkk	14	62	17.72
bhkk	14	62	17.7067
bhkk	14	62	17.71
