hpr	14	38	0.273
hpr	14	38	0.193
hpr	14	38	0.42
hpr	14	38	0.273
hpr	14	38	0.29
hpr	14	38	0.307
hpr	14	38	0.223
hpr	14	38	0.343
hpr	14	38	0.0833
hpr	14	38	0.217
hpr	14	38	0.53
hpr	14	38	0.26
hpr	14	38	0.38
hpr	14	38	0.377
hpr	14	38	0.203
hpr	14	38	0.373
hpr	14	38	0.37
hpr	14	38	0.597
hpr	14	38	0.513
hpr	14	38	0.25
hpr	14	38	0.4
hpr	14	38	0.317
hpr	14	38	0.4
hpr	14	38	0.513
hpr	14	38	0.317
hpr	14	38	0.547
hpr	14	38	0.36
hpr	14	38	0.197
hpr	14	38	0.163
hpr	14	38	0.513
hpr	14	38	0.497
hpr	14	38	0.553
hpr	14	38	0.497
hpr	14	38	0.163
hpr	14	38	0.23
hpr	14	38	0.36
hpr	14	38	0.47
hpr	14	38	0.34
hpr	14	38	0.167
hpr	14	38	0.467
hpr	14	38	0.14
hpr	14	38	0.263
hpr	14	38	0.32
hpr	14	38	0.563
hpr	14	38	0.443
hpr	14	38	0.167
hpr	14	38	0.39
hpr	14	38	0.197
hpr	14	38	0.293
hpr	14	38	0.397
