bhkk	12	16	0.156666
bhkk	13	16	0.323333
bhkk	13	16	0.323333
bhkk	12	16	0.156666
bhkk	13	16	0.319999
bhkk	13	16	0.323333
bhkk	13	16	0.323333
bhkk	13	16	0.323333
bhkk	13	16	0.323333
bhkk	14	16	0.629999
bhkk	12	16	0.156666
bhkk	14	16	0.633333
bhkk	14	16	0.629999
bhkk	14	16	0.629999
bhkk	14	16	0.643333
bhkk	12	16	0.156666
bhkk	13	16	0.323333
bhkk	13	16	0.323333
bhkk	13	16	0.323333
bhkk	14	16	0.629999
bhkk	13	16	0.323333
bhkk	13	16	0.323333
bhkk	13	16	0.319999
bhkk	12	16	0.156666
bhkk	14	16	0.629999
bhkk	13	16	0.323333
bhkk	13	16	0.323333
bhkk	12	16	0.156666
bhkk	13	16	0.323333
bhkk	12	16	0.156666
bhkk	12	16	0.156666
bhkk	12	16	0.156666
bhkk	11	16	0.073333
bhkk	14	16	0.633333
bhkk	13	16	0.323333
bhkk	13	16	0.323333
bhkk	14	16	0.629999
bhkk	13	16	0.319999
bhkk	12	16	0.156666
bhkk	13	16	0.319999
bhkk	14	16	0.629999
bhkk	14	16	0.629999
bhkk	13	16	0.323333
bhkk	13	16	0.323333
bhkk	13	16	0.323333
bhkk	13	16	0.323333
bhkk	14	16	0.629999
bhkk	12	16	0.156666
bhkk	11	16	0.073333
bhkk	12	16	0.156666
