bhkk	14	40	5.38
bhkk	14	40	5.35667
bhkk	14	40	5.35
bhkk	14	40	5.35667
bhkk	14	40	5.36667
bhkk	14	40	5.35667
bhkk	14	40	5.35667
bhkk	14	40	5.35
bhkk	14	40	5.35
bhkk	14	40	5.35333
bhkk	14	40	5.35
bhkk	14	40	5.34667
bhkk	14	40	5.35
bhkk	14	40	5.35
bhkk	14	40	5.35667
bhkk	14	40	5.35333
bhkk	14	40	5.37
bhkk	14	40	5.35
bhkk	14	40	5.36333
bhkk	14	40	5.35
bhkk	14	40	5.35667
bhkk	14	40	5.35667
bhkk	14	40	5.35333
bhkk	14	40	5.35667
bhkk	14	40	5.35333
bhkk	14	40	5.35667
bhkk	14	40	5.35
bhkk	14	40	5.35667
bhkk	14	40	5.35333
bhkk	14	40	5.35333
bhkk	14	40	5.35333
bhkk	14	40	5.35
bhkk	14	40	5.35
bhkk	14	40	5.35333
bhkk	14	40	5.35
bhkk	14	40	5.36
bhkk	14	40	5.35
bhkk	14	40	5.35
bhkk	14	40	5.36667
bhkk	14	40	5.36
bhkk	14	40	5.4
bhkk	14	40	5.35
bhkk	14	40	5.36
bhkk	14	40	5.38
bhkk	14	40	5.35667
bhkk	14	40	5.35333
bhkk	14	40	5.35667
bhkk	14	40	5.37333
bhkk	14	40	5.36
bhkk	14	40	5.35
