bj	14	78	42.1
bj	14	78	41.7
bj	14	78	35.4
bj	14	78	46.6
bj	14	78	36.1
bj	14	78	111
bj	14	78	49.9
bj	14	78	timeout
bj	14	78	33.6
bj	14	78	23.3
bj	14	78	40.6
bj	14	78	23.4
bj	14	78	43.6
bj	14	78	37.2
bj	14	78	29.8
bj	14	78	38
bj	14	78	40
bj	14	78	52.1
bj	14	78	39
bj	14	78	21.3
bj	14	78	116
bj	14	78	37.8
bj	14	78	27.1
bj	14	78	52.4
bj	14	78	35.6
bj	14	78	timeout
bj	14	78	38.3
bj	14	78	18.8
bj	14	78	18.6
bj	14	78	43.6
bj	14	78	39.5
bj	14	78	22.9
bj	14	78	31.5
bj	14	78	31.4
bj	14	78	45
bj	14	78	43.9
bj	14	78	22.7
bj	14	78	44.4
bj	14	78	19.1
bj	14	78	44.2
bj	14	78	34.4
bj	14	78	62.4
bj	14	78	34.6
bj	14	78	71.5
bj	14	78	16.6
bj	14	78	40
bj	14	78	39.4
bj	14	78	60.4
bj	14	78	44.6
bj	14	78	36.7
