bj	14	76	40.5
bj	14	76	25.6
bj	14	76	35.9
bj	14	76	timeout
bj	14	76	33.7
bj	14	76	61.2
bj	14	76	31.9
bj	14	76	29.4
bj	14	76	63.1
bj	14	76	29.4
bj	14	76	73.7
bj	14	76	28.7
bj	14	76	42.2
bj	14	76	27.6
bj	14	76	29.4
bj	14	76	24.1
bj	14	76	50.1
bj	14	76	timeout
bj	14	76	17
bj	14	76	25.2
bj	14	76	31.9
bj	14	76	41.6
bj	14	76	21.6
bj	14	76	29.5
bj	14	76	21.7
bj	14	76	33.1
bj	14	76	21.1
bj	14	76	26.3
bj	14	76	59.4
bj	14	76	63.8
bj	14	76	33
bj	14	76	38.5
bj	14	76	25
bj	14	76	30.1
bj	14	76	17
bj	14	76	18.9
bj	14	76	27
bj	14	76	34.6
bj	14	76	20.3
bj	14	76	31.2
bj	14	76	22.9
bj	14	76	23.9
bj	14	76	24.9
bj	14	76	59.4
bj	14	76	28.9
bj	14	76	15.2
bj	14	76	40.1
bj	14	76	69.1
bj	14	76	40.8
bj	14	76	52.3
