hpr	14	86	5.45
hpr	14	86	5.13
hpr	14	86	3.95
hpr	14	86	4.5
hpr	14	86	3.59
hpr	14	86	4.35
hpr	14	86	2.99
hpr	14	86	3.72
hpr	14	86	3.53
hpr	14	86	2.59
hpr	14	86	5.16
hpr	14	86	2.3
hpr	14	86	4.17
hpr	14	86	3.44
hpr	14	86	5.67
hpr	14	86	4.46
hpr	14	86	4.97
hpr	14	86	4.99
hpr	14	86	4.27
hpr	14	86	4.06
hpr	14	86	3.32
hpr	14	86	4.35
hpr	14	86	6.01
hpr	14	86	3.41
hpr	14	86	2.72
hpr	14	86	3.76
hpr	14	86	3.22
hpr	14	86	2.24
hpr	14	86	4.13
hpr	14	86	4.4
hpr	14	86	5.18
hpr	14	86	3.95
hpr	14	86	3.81
hpr	14	86	4.31
hpr	14	86	4.13
hpr	14	86	5.37
hpr	14	86	4.04
hpr	14	86	4.35
hpr	14	86	4.13
hpr	14	86	3.92
hpr	14	86	3.69
hpr	14	86	3.72
hpr	14	86	3.64
hpr	14	86	4.75
hpr	14	86	5.27
hpr	14	86	3.43
hpr	14	86	5.46
hpr	14	86	4.11
hpr	14	86	5.14
hpr	14	86	5.17
