bj	14	86	47.4
bj	14	86	54.1
bj	14	86	63.2
bj	14	86	57
bj	14	86	47.7
bj	14	86	55.7
bj	14	86	45.4
bj	14	86	41.9
bj	14	86	69
bj	14	86	47.1
bj	14	86	47.8
bj	14	86	68
bj	14	86	55.4
bj	14	86	61.1
bj	14	86	64.1
bj	14	86	48.2
bj	14	86	57.1
bj	14	86	63.9
bj	14	86	46
bj	14	86	106
bj	14	86	60.8
bj	14	86	43.1
bj	14	86	43.3
bj	14	86	59.1
bj	14	86	45.8
bj	14	86	61.4
bj	14	86	53.4
bj	14	86	53.8
bj	14	86	60.4
bj	14	86	58.8
bj	14	86	45.2
bj	14	86	55.7
bj	14	86	63.4
bj	14	86	47.7
bj	14	86	49.1
bj	14	86	62.4
bj	14	86	57.1
bj	14	86	58.4
bj	14	86	60.3
bj	14	86	50.7
bj	14	86	56.8
bj	14	86	57.5
bj	14	86	62.5
bj	14	86	48.8
bj	14	86	53.1
bj	14	86	51.6
bj	14	86	55.2
bj	14	86	57.1
bj	14	86	47.8
bj	14	86	timeout
