bj	14	28	0.0233
bj	14	28	0.01
bj	14	28	0.00667
bj	14	28	0.00667
bj	14	28	0.00667
bj	14	28	0.01
bj	14	28	0.01
bj	14	28	0.01
bj	14	28	0.01
bj	14	28	0.03
bj	14	28	0.00333
bj	14	28	0.00667
bj	14	28	0.0133
bj	14	28	0.00667
bj	14	28	0.00667
bj	14	28	0.02
bj	14	28	0.0133
bj	14	28	0.01
bj	14	28	0.00667
bj	14	28	0.0133
bj	14	28	0.00667
bj	14	28	0.00667
bj	14	28	0.01
bj	14	28	0.01
bj	14	28	0.0167
bj	14	28	0.00667
bj	14	28	0.00667
bj	14	28	0.0167
bj	14	28	0.0133
bj	14	28	0.00667
bj	14	28	0.0133
bj	14	28	0.01
bj	14	28	0.00667
bj	14	28	0.00667
bj	14	28	0.0167
bj	14	28	0.0133
bj	14	28	0.0133
bj	14	28	0.00667
bj	14	28	0.00667
bj	14	28	0.01
bj	14	28	0.00667
bj	14	28	0.00333
bj	14	28	0.0167
bj	14	28	0.0133
bj	14	28	0.00667
bj	14	28	0.00667
bj	14	28	0.00667
bj	14	28	0.0133
bj	14	28	0.01
bj	14	28	0.00333
