hpr	14	82	7.25
hpr	14	82	3.88
hpr	14	82	5.1
hpr	14	82	6.26
hpr	14	82	7.32
hpr	14	82	8.27
hpr	14	82	8.53
hpr	14	82	7.77
hpr	14	82	5.7
hpr	14	82	4.9
hpr	14	82	8.72
hpr	14	82	7.96
hpr	14	82	9.96
hpr	14	82	5.36
hpr	14	82	5.24
hpr	14	82	6.36
hpr	14	82	6.92
hpr	14	82	9.13
hpr	14	82	7.44
hpr	14	82	7.32
hpr	14	82	3.35
hpr	14	82	9.19
hpr	14	82	5.03
hpr	14	82	7.31
hpr	14	82	11
hpr	14	82	6.73
hpr	14	82	11
hpr	14	82	10.3
hpr	14	82	10.1
hpr	14	82	9.5
hpr	14	82	7.99
hpr	14	82	10.4
hpr	14	82	11.7
hpr	14	82	5.29
hpr	14	82	6.62
hpr	14	82	5.5
hpr	14	82	6.98
hpr	14	82	5.94
hpr	14	82	7.43
hpr	14	82	5.94
hpr	14	82	6.9
hpr	14	82	10.2
hpr	14	82	2.92
hpr	14	82	8.46
hpr	14	82	10.5
hpr	14	82	4.57
hpr	14	82	8.68
hpr	14	82	6.19
hpr	14	82	7.16
hpr	14	82	6.3
