bj	14	46	0.593
bj	14	46	1.02
bj	14	46	0.72
bj	14	46	0.65
bj	14	46	0.697
bj	14	46	1.79
bj	14	46	0.53
bj	14	46	1.19
bj	14	46	1.41
bj	14	46	0.483
bj	14	46	0.613
bj	14	46	0.437
bj	14	46	0.513
bj	14	46	0.653
bj	14	46	0.83
bj	14	46	1.02
bj	14	46	0.15
bj	14	46	0.2
bj	14	46	0.787
bj	14	46	1.28
bj	14	46	0.713
bj	14	46	0.537
bj	14	46	0.477
bj	14	46	0.37
bj	14	46	0.43
bj	14	46	1.03
bj	14	46	0.5
bj	14	46	1.08
bj	14	46	0.5
bj	14	46	0.393
bj	14	46	1.2
bj	14	46	2.15
bj	14	46	0.53
bj	14	46	0.6
bj	14	46	0.59
bj	14	46	1.8
bj	14	46	1.35
bj	14	46	1.25
bj	14	46	0.43
bj	14	46	2.27
bj	14	46	0.313
bj	14	46	0.617
bj	14	46	0.44
bj	14	46	1.7
bj	14	46	2.24
bj	14	46	0.58
bj	14	46	0.527
bj	14	46	0.707
bj	14	46	0.293
bj	14	46	0.613
