bj	12	16	0
bj	13	16	0
bj	13	16	0
bj	12	16	0
bj	13	16	0
bj	13	16	0
bj	13	16	0
bj	13	16	0
bj	13	16	0
bj	14	16	0
bj	12	16	0
bj	14	16	0
bj	14	16	0
bj	14	16	0
bj	14	16	0
bj	12	16	0
bj	13	16	0
bj	13	16	0
bj	13	16	0
bj	14	16	0
bj	13	16	0
bj	13	16	0
bj	13	16	0
bj	12	16	0
bj	14	16	0
bj	13	16	0
bj	13	16	0
bj	12	16	0
bj	13	16	0
bj	12	16	0
bj	12	16	0
bj	12	16	0
bj	11	16	0
bj	14	16	0
bj	13	16	0
bj	13	16	0
bj	14	16	0
bj	13	16	0
bj	12	16	0
bj	13	16	0
bj	14	16	0
bj	14	16	0
bj	13	16	0
bj	13	16	0
bj	13	16	0
bj	13	16	0
bj	14	16	0
bj	12	16	0
bj	11	16	0
bj	12	16	0
