hpr	14	74	12.4
hpr	14	74	8.29
hpr	14	74	10.8
hpr	14	74	7.75
hpr	14	74	9.37
hpr	14	74	10.7
hpr	14	74	9.46
hpr	14	74	12.2
hpr	14	74	7.17
hpr	14	74	8.14
hpr	14	74	9.24
hpr	14	74	7.3
hpr	14	74	12.2
hpr	14	74	9.93
hpr	14	74	12
hpr	14	74	8.9
hpr	14	74	14.3
hpr	14	74	5.28
hpr	14	74	9.16
hpr	14	74	8.89
hpr	14	74	12.6
hpr	14	74	11.8
hpr	14	74	10.8
hpr	14	74	4.83
hpr	14	74	11.4
hpr	14	74	9.72
hpr	14	74	12.8
hpr	14	74	9.36
hpr	14	74	9.37
hpr	14	74	11
hpr	14	74	7.34
hpr	14	74	4.17
hpr	14	74	8.37
hpr	14	74	13.4
hpr	14	74	6.53
hpr	14	74	13.5
hpr	14	74	8.85
hpr	14	74	10.5
hpr	14	74	11.5
hpr	14	74	9.24
hpr	14	74	2.75
hpr	14	74	10.6
hpr	14	74	13.7
hpr	14	74	12.3
hpr	14	74	11.2
hpr	14	74	8.3
hpr	14	74	10.7
hpr	14	74	12.2
hpr	14	74	13.4
hpr	14	74	9.97
