bj	14	52	1.99
bj	14	52	5.67
bj	14	52	2.67
bj	14	52	1.5
bj	14	52	1.78
bj	14	52	3.92
bj	14	52	2.84
bj	14	52	2.21
bj	14	52	3.75
bj	14	52	2.04
bj	14	52	1.12
bj	14	52	1.41
bj	14	52	2.62
bj	14	52	7.26
bj	14	52	1.95
bj	14	52	0.827
bj	14	52	2.52
bj	14	52	0.84
bj	14	52	0.72
bj	14	52	2.83
bj	14	52	7.26
bj	14	52	1.34
bj	14	52	0.68
bj	14	52	2.34
bj	14	52	1.88
bj	14	52	4.24
bj	14	52	3.68
bj	14	52	2.22
bj	14	52	0.96
bj	14	52	3.77
bj	14	52	1.49
bj	14	52	1.14
bj	14	52	1.57
bj	14	52	0.65
bj	14	52	2.76
bj	14	52	1.78
bj	14	52	3.17
bj	14	52	0.74
bj	14	52	2.53
bj	14	52	0.677
bj	14	52	1.59
bj	14	52	0.777
bj	14	52	2.07
bj	14	52	5.23
bj	14	52	2.83
bj	14	52	1.3
bj	14	52	2.06
bj	14	52	1.2
bj	14	52	1.25
bj	14	52	4.35
