bj	14	56	1.58
bj	14	56	4.11
bj	14	56	5.66
bj	14	56	5.6
bj	14	56	3.06
bj	14	56	3.87
bj	14	56	12.3
bj	14	56	1.35
bj	14	56	1.51
bj	14	56	3.75
bj	14	56	4.46
bj	14	56	5.54
bj	14	56	3.22
bj	14	56	2.76
bj	14	56	8.3
bj	14	56	2.56
bj	14	56	1.63
bj	14	56	5
bj	14	56	7.13
bj	14	56	7.25
bj	14	56	2.24
bj	14	56	2.19
bj	14	56	2.43
bj	14	56	4.71
bj	14	56	1.68
bj	14	56	12.1
bj	14	56	0.843
bj	14	56	4.11
bj	14	56	6.06
bj	14	56	3.66
bj	14	56	2.63
bj	14	56	7.67
bj	14	56	1.88
bj	14	56	17.3
bj	14	56	8.9
bj	14	56	1.07
bj	14	56	1.44
bj	14	56	2.2
bj	14	56	5.93
bj	14	56	4.5
bj	14	56	2.59
bj	14	56	6.02
bj	14	56	13
bj	14	56	2.85
bj	14	56	2.77
bj	14	56	20
bj	14	56	3.82
bj	14	56	1.31
bj	14	56	12.9
bj	14	56	4.08
