bhkk	18	33	85.98
bhkk	18	33	85.72
bhkk	18	37	105.583
bhkk	18	35	95.8
bhkk	18	39	115.573
bhkk	18	33	85.5633
bhkk	18	29	65.6833
bhkk	18	37	105.697
bhkk	18	35	95.7467
bhkk	18	33	85.7533
bhkk	18	35	96.4767
bhkk	18	33	85.77
bhkk	18	41	125.643
bhkk	18	29	65.8933
bhkk	18	37	105.63
bhkk	18	35	96.4633
bhkk	18	41	126.417
bhkk	18	35	95.9533
bhkk	18	31	76.8333
bhkk	18	41	126.57
bhkk	18	39	116.92
bhkk	18	37	105.713
bhkk	18	37	105.48
bhkk	18	37	105.613
bhkk	18	41	125.44
bhkk	18	37	105.45
bhkk	18	37	105.493
bhkk	18	37	105.717
bhkk	18	35	95.5733
bhkk	18	35	95.5267
bhkk	18	41	125.377
bhkk	18	37	105.507
bhkk	18	39	115.663
bhkk	18	39	115.63
bhkk	18	41	125.667
bhkk	18	35	96.0633
bhkk	18	35	95.7967
bhkk	18	33	86.69
bhkk	18	33	85.6767
bhkk	18	39	115.427
bhkk	18	35	95.5233
bhkk	18	37	106.543
bhkk	18	33	85.7933
bhkk	18	37	107.65
bhkk	18	33	87.0433
bhkk	18	39	116.697
bhkk	18	37	105.503
bhkk	18	37	105.673
bhkk	18	37	105.707
bhkk	18	35	96.2967
bhkk	18	37	106.083
bhkk	18	37	105.73
bhkk	18	39	115.753
bhkk	18	33	85.7
bhkk	18	39	116.053
bhkk	18	37	105.75
bhkk	18	31	75.76
bhkk	18	33	85.8433
bhkk	18	35	95.6367
bhkk	18	39	115.46
bhkk	18	37	105.477
bhkk	18	39	116.703
bhkk	18	33	88.3333
bhkk	18	35	97.6733
bhkk	18	39	116.353
bhkk	18	31	75.63
bhkk	18	37	106.753
bhkk	18	35	95.5467
bhkk	18	35	95.5533
bhkk	18	37	107.593
bhkk	18	33	86.4767
bhkk	18	37	105.62
bhkk	18	35	95.7
bhkk	18	35	95.6567
bhkk	18	35	98.15
bhkk	18	37	105.657
bhkk	18	35	95.5667
bhkk	18	37	106.65
bhkk	18	27	55.6533
bhkk	18	33	85.72
bhkk	18	37	106.71
bhkk	18	33	85.82
bhkk	18	37	105.577
bhkk	18	35	95.96
bhkk	18	33	85.6133
bhkk	18	37	107.003
bhkk	18	39	115.6
bhkk	18	33	85.6267
bhkk	18	35	95.5667
bhkk	18	45	timeout
bhkk	18	39	115.453
bhkk	18	39	115.997
bhkk	18	35	96.0033
bhkk	18	37	106.21
bhkk	18	33	85.79
bhkk	18	39	116.017
bhkk	18	37	105.717
bhkk	18	37	105.903
bhkk	18	35	96.9567
bhkk	18	35	96.2033
