bj	22	41	0.01
bj	22	43	0.0267
bj	22	41	0.0133
bj	22	43	0.04
bj	22	43	0.0233
bj	22	45	0.0167
bj	22	45	0.0167
bj	22	43	0.0433
bj	22	47	0.0233
bj	22	45	0.03
bj	22	49	0.06
bj	22	43	0.0333
bj	22	39	0.01
bj	22	49	0.0233
bj	22	47	0.0333
bj	22	49	0.137
bj	22	43	0.0167
bj	22	47	0.02
bj	22	47	0.04
bj	22	43	0.0267
bj	22	43	0.0267
bj	22	47	0.0533
bj	22	45	0.0433
bj	22	47	0.0367
bj	22	47	0.0633
bj	22	49	0.0167
bj	22	43	0.0267
bj	22	51	0.0633
bj	22	43	0.0767
bj	22	39	0.0167
bj	22	43	0.0333
bj	22	49	0.0967
bj	22	45	0.04
bj	22	45	0.0133
bj	22	45	0.03
bj	22	47	0.0567
bj	22	39	0.01
bj	22	43	0.03
bj	22	47	0.02
bj	22	47	0.03
bj	22	49	0.08
bj	22	45	0.0367
bj	22	49	0.0233
bj	22	45	0.0333
bj	22	45	0.03
bj	22	43	0.04
bj	22	45	0.05
bj	22	47	0.05
bj	22	45	0.08
bj	22	47	0.04
bj	22	51	0.0667
bj	22	49	0.0633
bj	22	45	0.0167
bj	22	49	0.0567
bj	22	45	0.05
bj	22	43	0.03
bj	22	43	0.02
bj	22	47	0.0333
bj	22	43	0.07
bj	22	49	0.06
bj	22	45	0.0333
bj	22	43	0.0167
bj	22	45	0.0167
bj	22	47	0.0633
bj	22	49	0.04
bj	22	47	0.05
bj	22	47	0.0667
bj	22	43	0.0133
bj	22	47	0.05
bj	22	49	0.04
bj	22	43	0.0167
bj	22	45	0.0833
bj	22	47	0.05
bj	22	45	0.0133
bj	22	43	0.04
bj	22	45	0.0767
bj	22	49	0.0533
bj	22	47	0.08
bj	22	47	0.22
bj	22	43	0.0133
bj	22	45	0.0267
bj	22	43	0.01
bj	22	45	0.02
bj	22	43	0.0267
bj	22	37	0.0133
bj	22	47	0.11
bj	22	45	0.0167
bj	22	45	0.03
bj	22	47	0.0467
bj	22	49	0.02
bj	22	47	0.0367
bj	22	41	0.0133
bj	22	47	0.0333
bj	22	45	0.0367
bj	22	49	0.04
bj	22	39	0.0233
bj	22	51	0.0667
bj	22	45	0.0267
bj	22	47	0.06
bj	22	41	0.0133
