bj	38	83	3.17
bj	38	83	0.47
bj	38	85	0.133
bj	38	79	0.107
bj	38	85	1.39
bj	38	83	0.733
bj	38	79	0.157
bj	38	85	0.72
bj	38	77	0.413
bj	38	79	0.217
bj	38	79	0.29
bj	38	81	1.95
bj	38	83	0.167
bj	38	81	0.823
bj	38	81	0.29
bj	38	79	0.353
bj	38	79	1.06
bj	38	81	0.28
bj	38	85	0.247
bj	38	85	11.9
bj	38	77	1.21
bj	38	87	5.25
bj	38	81	0.257
bj	38	77	0.107
bj	38	81	0.347
bj	38	83	0.98
bj	38	89	0.15
bj	38	85	0.683
bj	38	79	0.44
bj	38	79	0.423
bj	38	77	0.233
bj	38	81	0.303
bj	38	83	0.417
bj	38	75	0.217
bj	38	81	0.323
bj	38	85	0.52
bj	38	81	1.24
bj	38	83	0.26
bj	38	79	0.373
bj	38	81	0.533
bj	38	83	0.293
bj	38	85	0.24
bj	38	83	0.537
bj	38	87	0.4
bj	38	79	0.377
bj	38	83	0.53
bj	38	81	1.21
bj	38	85	2.71
bj	38	75	0.833
bj	38	81	7.07
bj	38	89	0.383
bj	38	77	0.2
bj	38	73	0.487
bj	38	75	0.48
bj	38	77	0.533
bj	38	85	0.513
bj	38	91	0.77
bj	38	77	0.25
bj	38	91	0.653
bj	38	95	0.367
bj	38	81	0.197
bj	38	89	1.81
bj	38	89	6.65
bj	38	85	1.4
bj	38	83	0.737
bj	38	87	1.04
bj	38	85	0.28
bj	38	83	1.11
bj	38	87	0.613
bj	38	81	0.183
bj	38	87	2.58
bj	38	87	0.43
bj	38	77	0.107
bj	38	81	1.17
bj	38	85	0.38
bj	38	85	0.393
bj	38	77	0.297
bj	38	85	4.01
bj	38	85	0.153
bj	38	81	1.27
bj	38	81	0.493
bj	38	75	0.08
bj	38	83	0.25
bj	38	75	0.387
bj	38	87	0.717
bj	38	85	0.92
bj	38	79	0.1
bj	38	81	0.547
bj	38	81	1.84
bj	38	83	3.79
bj	38	75	1.38
bj	38	81	0.933
bj	38	75	0.4
bj	38	83	0.437
bj	38	83	0.637
bj	38	75	0.217
bj	38	83	1.19
bj	38	85	0.837
bj	38	83	0.813
bj	38	87	0.58
