bj	24	49	0.09
bj	24	55	0.277
bj	24	47	0.02
bj	24	49	0.04
bj	24	49	0.0367
bj	24	55	0.0267
bj	24	49	0.0633
bj	24	49	0.13
bj	24	51	0.06
bj	24	53	0.06
bj	24	57	0.677
bj	24	43	0.0167
bj	24	47	0.0467
bj	24	51	0.0367
bj	24	51	0.0467
bj	24	47	0.03
bj	24	49	0.02
bj	24	51	0.0633
bj	24	47	0.0467
bj	24	53	0.0433
bj	24	51	0.0433
bj	24	51	0.02
bj	24	47	0.02
bj	24	49	0.07
bj	24	47	0.04
bj	24	55	0.187
bj	24	53	0.0267
bj	24	45	0.0133
bj	24	49	0.0333
bj	24	47	0.05
bj	24	49	0.0433
bj	24	47	0.0533
bj	24	51	0.0267
bj	24	47	0.0233
bj	24	51	0.0967
bj	24	51	0.0633
bj	24	51	0.0767
bj	24	49	0.0233
bj	24	51	0.0433
bj	24	53	0.0967
bj	24	51	0.0833
bj	24	49	0.0433
bj	24	51	0.04
bj	24	55	0.0533
bj	24	47	0.02
bj	24	53	0.0267
bj	24	49	0.0233
bj	24	51	0.05
bj	24	47	0.0367
bj	24	53	0.113
bj	24	47	0.04
bj	24	51	0.0467
bj	24	51	0.0267
bj	24	57	0.0333
bj	24	53	0.0767
bj	24	53	0.0733
bj	24	51	0.0533
bj	24	51	0.05
bj	24	47	0.0333
bj	24	51	0.0467
bj	24	55	0.0833
bj	24	51	0.05
bj	24	55	0.0833
bj	24	45	0.04
bj	24	51	0.0633
bj	24	49	0.0333
bj	24	53	0.0733
bj	24	45	0.0133
bj	24	49	0.0433
bj	24	53	0.0333
bj	24	53	0.03
bj	24	51	0.06
bj	24	47	0.0167
bj	24	55	0.337
bj	24	51	0.07
bj	24	51	0.463
bj	24	47	0.0433
bj	24	49	0.0833
bj	24	47	0.0167
bj	24	53	0.333
bj	24	49	0.0467
bj	24	51	0.0967
bj	24	45	0.137
bj	24	49	0.147
bj	24	47	0.113
bj	24	51	0.07
bj	24	51	0.0733
bj	24	53	0.06
bj	24	53	0.06
bj	24	51	0.0767
bj	24	53	0.07
bj	24	47	0.123
bj	24	47	0.04
bj	24	47	0.05
bj	24	49	0.0833
bj	24	53	0.15
bj	24	53	0.21
bj	24	49	0.0267
bj	24	51	0.05
bj	24	49	0.0467
