bj	16	35	0.0133
bj	16	29	0.01
bj	16	33	0.00667
bj	16	33	0.00667
bj	16	31	0.01
bj	16	35	0.0133
bj	16	27	0.00667
bj	16	33	0.01
bj	16	31	0.00333
bj	16	33	0.0133
bj	16	33	0.0167
bj	16	31	0.00333
bj	16	31	0.00333
bj	16	27	0.00333
bj	16	29	0.00667
bj	16	31	0.0133
bj	16	33	0.0167
bj	16	31	0.00667
bj	16	29	0.00667
bj	16	31	0.00667
bj	16	31	0.01
bj	16	31	0.00667
bj	16	33	0.00667
bj	16	31	0.00667
bj	16	29	0.00667
bj	16	37	0.01
bj	16	31	0.00667
bj	16	33	0.00667
bj	16	31	0.00667
bj	16	33	0.01
bj	16	29	0.00667
bj	16	33	0.01
bj	16	31	0.00333
bj	16	31	0.00667
bj	16	35	0.0333
bj	16	29	0.00333
bj	16	33	0.00667
bj	16	31	0.00333
bj	16	31	0.00333
bj	16	31	0.0133
bj	16	29	0.00333
bj	16	33	0.00667
bj	16	33	0.01
bj	16	27	0.00333
bj	16	29	0.00667
bj	16	29	0.00333
bj	16	31	0.01
bj	16	31	0.01
bj	16	31	0.01
bj	16	31	0.00333
bj	16	33	0.00667
bj	16	31	0.01
bj	16	31	0.01
bj	16	33	0.0267
bj	16	35	0.00667
bj	16	33	0.00667
bj	16	35	0.00667
bj	16	35	0.01
bj	16	29	0.00333
bj	16	29	0.00333
bj	16	31	0.00667
bj	16	31	0.01
bj	16	33	0.0133
bj	16	31	0.01
bj	16	29	0.00333
bj	16	31	0.00667
bj	16	35	0.00667
bj	16	33	0.00667
bj	16	33	0.01
bj	16	31	0.00667
bj	16	31	0.00667
bj	16	33	0.00667
bj	16	31	0.00667
bj	16	31	0.00667
bj	16	29	0.00667
bj	16	25	0.00333
bj	16	29	0.00333
bj	16	31	0.0133
bj	16	35	0.01
bj	16	31	0.01
bj	16	29	0.00333
bj	16	27	0.00333
bj	16	31	0.00667
bj	16	31	0.00333
bj	16	31	0.00667
bj	16	35	0.00667
bj	16	29	0.00333
bj	16	35	0.0133
bj	16	31	0.00667
bj	16	29	0.01
bj	16	31	0.00333
bj	16	35	0.00667
bj	16	25	0.00333
bj	16	33	0.0167
bj	16	31	0.01
bj	16	31	0.01
bj	16	33	0.00667
bj	16	29	0.00667
bj	16	33	0.00667
bj	16	33	0.00667
