bj	32	73	0.31
bj	32	61	0.16
bj	32	73	0.187
bj	32	71	0.107
bj	32	65	1.38
bj	32	71	0.207
bj	32	69	0.147
bj	32	73	0.557
bj	32	69	0.153
bj	32	67	0.183
bj	32	65	0.187
bj	32	65	0.05
bj	32	63	0.11
bj	32	67	0.13
bj	32	71	0.113
bj	32	59	0.0667
bj	32	71	0.313
bj	32	63	0.0733
bj	32	67	0.19
bj	32	69	0.153
bj	32	65	0.133
bj	32	73	0.21
bj	32	65	0.193
bj	32	65	0.173
bj	32	65	0.197
bj	32	63	0.107
bj	32	71	0.37
bj	32	67	0.17
bj	32	67	0.0667
bj	32	69	0.0533
bj	32	67	0.15
bj	32	69	9.92
bj	32	71	0.347
bj	32	65	0.0733
bj	32	67	0.163
bj	32	69	0.587
bj	32	71	0.66
bj	32	71	0.38
bj	32	67	0.113
bj	32	73	0.207
bj	32	71	0.15
bj	32	63	0.0733
bj	32	69	0.157
bj	32	69	0.173
bj	32	71	0.08
bj	32	67	0.133
bj	32	73	0.497
bj	32	65	0.0933
bj	32	67	0.267
bj	32	69	0.613
bj	32	69	0.15
bj	32	69	0.283
bj	32	67	0.103
bj	32	69	0.343
bj	32	67	0.487
bj	32	69	0.657
bj	32	71	0.297
bj	32	67	0.15
bj	32	73	2.68
bj	32	71	0.243
bj	32	61	0.127
bj	32	73	0.207
bj	32	69	0.133
bj	32	63	0.143
bj	32	67	0.357
bj	32	65	0.117
bj	32	67	0.167
bj	32	63	0.113
bj	32	67	0.17
bj	32	73	0.337
bj	32	63	0.12
bj	32	67	0.967
bj	32	67	0.143
bj	32	73	0.797
bj	32	71	0.163
bj	32	75	0.223
bj	32	69	2.23
bj	32	73	0.183
bj	32	69	0.357
bj	32	71	0.173
bj	32	67	0.153
bj	32	65	0.22
bj	32	69	0.24
bj	32	65	0.11
bj	32	71	0.473
bj	32	67	0.06
bj	32	75	0.327
bj	32	73	0.173
bj	32	67	1.45
bj	32	67	0.147
bj	32	73	0.193
bj	32	71	0.207
bj	32	67	0.153
bj	32	65	0.107
bj	32	69	1.34
bj	32	71	0.36
bj	32	69	0.153
bj	32	67	0.26
bj	32	69	0.173
bj	32	67	0.23
