bj	30	63	0.1
bj	30	65	0.113
bj	30	59	0.107
bj	30	61	0.0733
bj	30	71	0.197
bj	30	59	0.103
bj	30	59	0.0833
bj	30	67	0.23
bj	30	57	0.0833
bj	30	57	0.373
bj	30	63	0.257
bj	30	69	0.517
bj	30	59	0.0367
bj	30	65	0.153
bj	30	65	0.217
bj	30	61	0.0967
bj	30	63	0.297
bj	30	63	0.117
bj	30	63	0.117
bj	30	71	0.303
bj	30	63	0.1
bj	30	65	0.223
bj	30	61	0.12
bj	30	69	0.203
bj	30	67	0.137
bj	30	63	0.117
bj	30	61	0.07
bj	30	67	0.0833
bj	30	65	0.1
bj	30	67	0.553
bj	30	67	0.147
bj	30	67	0.0633
bj	30	65	1.11
bj	30	63	0.15
bj	30	61	0.0733
bj	30	61	0.207
bj	30	65	0.147
bj	30	65	0.113
bj	30	61	0.153
bj	30	65	0.16
bj	30	65	0.1
bj	30	57	0.137
bj	30	59	0.04
bj	30	61	0.117
bj	30	63	0.19
bj	30	67	0.153
bj	30	59	0.12
bj	30	67	0.62
bj	30	65	0.757
bj	30	69	0.413
bj	30	63	0.167
bj	30	59	0.0833
bj	30	61	0.0833
bj	30	65	1.66
bj	30	59	0.0933
bj	30	67	0.107
bj	30	59	0.11
bj	30	63	0.05
bj	30	61	0.4
bj	30	61	0.113
bj	30	67	0.16
bj	30	63	0.107
bj	30	67	0.113
bj	30	59	0.21
bj	30	59	0.0667
bj	30	65	0.13
bj	30	63	0.29
bj	30	57	0.0867
bj	30	59	0.0867
bj	30	63	0.133
bj	30	65	0.397
bj	30	65	0.113
bj	30	67	0.157
bj	30	65	0.193
bj	30	73	0.183
bj	30	65	0.163
bj	30	71	0.167
bj	30	63	0.117
bj	30	65	0.25
bj	30	63	0.247
bj	30	63	0.283
bj	30	61	0.157
bj	30	69	0.0933
bj	30	63	0.0733
bj	30	61	0.13
bj	30	61	0.0867
bj	30	63	0.1
bj	30	63	0.147
bj	30	63	0.123
bj	30	59	0.0967
bj	30	63	0.557
bj	30	61	0.123
bj	30	63	0.0833
bj	30	61	0.127
bj	30	67	0.143
bj	30	63	0.227
bj	30	61	0.563
bj	30	63	0.0767
bj	30	65	0.167
bj	30	65	1.03
