bj	14	29	0.00667
bj	14	29	0.0133
bj	14	27	0.01
bj	14	27	0.00333
bj	14	25	0.00333
bj	14	29	0.00667
bj	14	27	0.00333
bj	14	29	0.00333
bj	14	25	0.00333
bj	14	27	0.00333
bj	14	27	0.00333
bj	14	27	0.00333
bj	14	27	0.00333
bj	14	29	0.01
bj	14	25	0.00333
bj	14	27	0.00333
bj	14	29	0.00333
bj	14	31	0.00333
bj	14	25	0.00333
bj	14	27	0.00333
bj	14	25	0.00333
bj	14	29	0.00333
bj	14	31	0.01
bj	14	29	0.01
bj	14	29	0.00667
bj	14	23	0
bj	14	27	0.00333
bj	14	23	0.00333
bj	14	29	0.00667
bj	14	29	0.00333
bj	14	25	0.00333
bj	14	21	0.00333
bj	14	29	0.00667
bj	14	31	0.00667
bj	14	25	0.00333
bj	14	25	0.00333
bj	14	29	0.00333
bj	14	29	0.01
bj	14	25	0.00333
bj	14	23	0.00333
bj	14	27	0.00333
bj	14	29	0.00333
bj	14	27	0.00667
bj	14	25	0.00333
bj	14	25	0.00333
bj	14	21	0.00333
bj	14	23	0.00333
bj	14	25	0.00333
bj	14	25	0.00333
bj	14	33	0.00667
bj	14	29	0.00333
bj	14	25	0.00333
bj	14	29	0.01
bj	14	27	0.00333
bj	14	27	0.00333
bj	14	23	0.00333
bj	14	27	0.00333
bj	14	29	0.01
bj	14	25	0.00667
bj	14	25	0.00333
bj	14	25	0.00333
bj	14	27	0.00333
bj	14	29	0.00333
bj	14	27	0.00333
bj	14	27	0.00333
bj	14	29	0.01
bj	14	29	0.00333
bj	14	27	0.00333
bj	14	27	0.00667
bj	14	27	0.00667
bj	14	25	0.00333
bj	14	31	0.0133
bj	14	25	0.00333
bj	14	29	0.01
bj	14	29	0.00667
bj	14	25	0.00333
bj	14	27	0.00333
bj	14	25	0.00333
bj	14	31	0.05
bj	14	25	0.00667
bj	14	23	0.00333
bj	14	27	0.00333
bj	14	27	0.00333
bj	14	29	0.01
bj	14	27	0.00333
bj	14	25	0.00667
bj	14	25	0.00333
bj	14	27	0.00333
bj	14	25	0.00333
bj	14	31	0.01
bj	14	27	0.00333
bj	14	29	0.00333
bj	14	23	0.00333
bj	14	25	0.00333
bj	14	29	0.00333
bj	14	27	0.00333
bj	14	27	0.00333
bj	14	23	0
bj	14	29	0.00333
bj	14	27	0.00333
