bj	40	85	0.58
bj	40	85	1.23
bj	40	87	0.49
bj	40	85	0.43
bj	40	87	0.383
bj	40	85	0.367
bj	40	91	0.833
bj	40	85	1.36
bj	40	85	0.723
bj	40	83	0.337
bj	40	87	0.2
bj	40	85	0.65
bj	40	89	0.38
bj	40	85	0.12
bj	40	83	0.29
bj	40	85	0.657
bj	40	89	1.45
bj	40	89	0.473
bj	40	83	0.507
bj	40	87	0.937
bj	40	81	0.38
bj	40	83	0.273
bj	40	87	1.06
bj	40	91	0.337
bj	40	85	0.94
bj	40	87	0.353
bj	40	89	0.913
bj	40	87	6.17
bj	40	95	4.24
bj	40	85	3.16
bj	40	81	0.38
bj	40	87	0.367
bj	40	87	3.05
bj	40	85	0.433
bj	40	85	27.9
bj	40	89	1.02
bj	40	89	0.173
bj	40	79	0.533
bj	40	91	2.03
bj	40	87	0.433
bj	40	85	1.52
bj	40	85	1.47
bj	40	87	3.56
bj	40	79	0.29
bj	40	93	0.487
bj	40	85	1.62
bj	40	79	0.347
bj	40	93	0.383
bj	40	83	0.7
bj	40	91	0.397
bj	40	85	0.603
bj	40	95	3.54
bj	40	89	0.27
bj	40	89	0.667
bj	40	83	0.773
bj	40	85	0.923
bj	40	81	0.71
bj	40	87	0.287
bj	40	87	0.433
bj	40	87	1.2
bj	40	89	1.47
bj	40	87	0.583
bj	40	87	0.653
bj	40	91	0.79
bj	40	87	12.5
bj	40	85	0.157
bj	40	79	0.293
bj	40	75	0.167
bj	40	83	0.837
bj	40	89	0.583
bj	40	87	2.25
bj	40	85	0.42
bj	40	93	0.513
bj	40	83	0.727
bj	40	89	1.28
bj	40	93	1.18
bj	40	83	2.63
bj	40	87	1.79
bj	40	95	1.11
bj	40	85	0.977
bj	40	87	0.567
bj	40	89	9.91
bj	40	83	87.1
bj	40	89	0.667
bj	40	93	4.26
bj	40	89	0.51
bj	40	81	0.49
bj	40	83	1.47
bj	40	87	0.423
bj	40	77	0.22
bj	40	89	0.657
bj	40	83	0.377
bj	40	81	0.597
bj	40	99	4.24
bj	40	81	0.583
bj	40	85	0.753
bj	40	85	1.31
bj	40	83	0.41
bj	40	87	0.317
bj	40	85	1.82
