bhkk	10	17	0.039999
bhkk	10	21	0.056666
bhkk	10	19	0.046666
bhkk	10	15	0.033333
bhkk	10	15	0.029999
bhkk	10	15	0.033333
bhkk	10	17	0.039999
bhkk	10	19	0.049999
bhkk	10	15	0.029999
bhkk	10	19	0.049999
bhkk	10	19	0.049999
bhkk	10	17	0.039999
bhkk	10	17	0.039999
bhkk	10	17	0.039999
bhkk	10	15	0.029999
bhkk	10	21	0.056666
bhkk	10	17	0.039999
bhkk	10	21	0.056666
bhkk	10	17	0.039999
bhkk	10	17	0.039999
bhkk	10	19	0.049999
bhkk	10	19	0.046666
bhkk	10	19	0.049999
bhkk	10	19	0.046666
bhkk	10	15	0.029999
bhkk	10	19	0.046666
bhkk	10	15	0.029999
bhkk	10	19	0.049999
bhkk	10	19	0.049999
bhkk	10	19	0.049999
bhkk	10	19	0.049999
bhkk	10	15	0.029999
bhkk	10	19	0.046666
bhkk	10	17	0.039999
bhkk	10	19	0.049999
bhkk	10	21	0.056666
bhkk	10	17	0.039999
bhkk	10	17	0.039999
bhkk	10	21	0.056666
bhkk	10	21	0.056666
bhkk	10	19	0.046666
bhkk	10	17	0.039999
bhkk	10	15	0.029999
bhkk	10	17	0.039999
bhkk	10	17	0.039999
bhkk	10	19	0.049999
bhkk	10	19	0.049999
bhkk	10	17	0.039999
bhkk	10	15	0.033333
bhkk	10	19	0.049999
bhkk	10	17	0.039999
bhkk	10	19	0.049999
bhkk	10	15	0.033333
bhkk	10	15	0.029999
bhkk	10	21	0.056666
bhkk	10	15	0.029999
bhkk	10	19	0.046666
bhkk	10	15	0.029999
bhkk	10	17	0.039999
bhkk	10	19	0.049999
bhkk	10	19	0.049999
bhkk	10	19	0.049999
bhkk	10	17	0.039999
bhkk	10	17	0.039999
bhkk	10	17	0.039999
bhkk	10	19	0.049999
bhkk	10	19	0.049999
bhkk	10	19	0.049999
bhkk	10	15	0.029999
bhkk	10	21	0.056666
bhkk	10	19	0.049999
bhkk	10	15	0.033333
bhkk	10	19	0.049999
bhkk	10	19	0.049999
bhkk	10	19	0.049999
bhkk	10	17	0.039999
bhkk	10	17	0.039999
bhkk	10	17	0.039999
bhkk	10	19	0.046666
bhkk	10	19	0.049999
bhkk	10	15	0.029999
bhkk	10	15	0.033333
bhkk	10	17	0.039999
bhkk	10	17	0.039999
bhkk	10	17	0.039999
bhkk	10	17	0.039999
bhkk	10	15	0.029999
bhkk	10	19	0.046666
bhkk	10	19	0.046666
bhkk	10	19	0.049999
bhkk	10	17	0.039999
bhkk	10	19	0.049999
bhkk	10	17	0.039999
bhkk	10	17	0.036666
bhkk	10	13	0.023333
bhkk	10	17	0.039999
bhkk	10	19	0.049999
bhkk	10	17	0.039999
bhkk	10	19	0.049999
bhkk	10	19	0.046666
