bj	10	17	0.00333
bj	10	21	0.00333
bj	10	19	0
bj	10	15	0
bj	10	15	0
bj	10	15	0
bj	10	17	0
bj	10	19	0
bj	10	15	0
bj	10	19	0
bj	10	19	0.00333
bj	10	17	0
bj	10	17	0
bj	10	17	0
bj	10	15	0
bj	10	21	0
bj	10	17	0
bj	10	21	0
bj	10	17	0
bj	10	17	0
bj	10	19	0
bj	10	19	0
bj	10	19	0.00333
bj	10	19	0
bj	10	15	0
bj	10	19	0
bj	10	15	0
bj	10	19	0
bj	10	19	0
bj	10	19	0
bj	10	19	0
bj	10	15	0
bj	10	19	0.00333
bj	10	17	0
bj	10	19	0
bj	10	21	0.00333
bj	10	17	0
bj	10	17	0.00333
bj	10	21	0.00333
bj	10	21	0
bj	10	19	0
bj	10	17	0
bj	10	15	0
bj	10	17	0
bj	10	17	0
bj	10	19	0.00333
bj	10	19	0
bj	10	17	0
bj	10	15	0
bj	10	19	0
bj	10	17	0
bj	10	19	0
bj	10	15	0
bj	10	15	0
bj	10	21	0.00333
bj	10	15	0
bj	10	19	0
bj	10	15	0
bj	10	17	0
bj	10	19	0
bj	10	19	0.00333
bj	10	19	0.00333
bj	10	17	0
bj	10	17	0
bj	10	17	0
bj	10	19	0
bj	10	19	0
bj	10	19	0
bj	10	15	0
bj	10	21	0
bj	10	19	0
bj	10	15	0
bj	10	19	0
bj	10	19	0
bj	10	19	0
bj	10	17	0
bj	10	17	0
bj	10	17	0
bj	10	19	0
bj	10	19	0
bj	10	15	0
bj	10	15	0
bj	10	17	0
bj	10	17	0
bj	10	17	0
bj	10	17	0
bj	10	15	0
bj	10	19	0.00333
bj	10	19	0
bj	10	19	0
bj	10	17	0
bj	10	19	0
bj	10	17	0
bj	10	17	0
bj	10	13	0
bj	10	17	0
bj	10	19	0
bj	10	17	0
bj	10	19	0.00333
bj	10	19	0
