bj	34	79	0.203
bj	34	69	0.153
bj	34	69	0.11
bj	34	69	0.213
bj	34	71	0.643
bj	34	71	0.157
bj	34	71	0.177
bj	34	73	5.31
bj	34	75	0.327
bj	34	73	0.91
bj	34	71	0.18
bj	34	77	0.497
bj	34	75	0.39
bj	34	71	0.653
bj	34	71	0.35
bj	34	71	0.17
bj	34	79	0.287
bj	34	73	0.243
bj	34	75	0.22
bj	34	69	0.69
bj	34	77	0.143
bj	34	69	0.547
bj	34	71	0.317
bj	34	75	0.233
bj	34	79	0.393
bj	34	79	0.607
bj	34	79	0.157
bj	34	69	0.24
bj	34	73	1.67
bj	34	69	0.13
bj	34	73	0.593
bj	34	71	0.183
bj	34	73	0.127
bj	34	75	1.48
bj	34	67	0.227
bj	34	73	0.303
bj	34	65	0.0933
bj	34	79	2.95
bj	34	71	0.143
bj	34	73	0.217
bj	34	71	0.463
bj	34	69	0.16
bj	34	71	0.197
bj	34	67	0.193
bj	34	73	0.16
bj	34	67	0.467
bj	34	75	0.233
bj	34	79	1.91
bj	34	77	1.12
bj	34	71	0.173
bj	34	73	0.48
bj	34	75	0.337
bj	34	75	0.54
bj	34	75	0.393
bj	34	65	0.313
bj	34	79	14.2
bj	34	79	0.397
bj	34	73	0.307
bj	34	71	0.0567
bj	34	65	0.153
bj	34	79	0.36
bj	34	67	0.293
bj	34	73	0.173
bj	34	75	0.193
bj	34	71	0.443
bj	34	73	0.863
bj	34	73	0.173
bj	34	73	0.32
bj	34	71	0.303
bj	34	79	0.957
bj	34	67	0.203
bj	34	73	0.117
bj	34	75	0.117
bj	34	65	0.203
bj	34	67	0.517
bj	34	77	0.48
bj	34	77	0.3
bj	34	73	0.157
bj	34	67	0.117
bj	34	71	0.557
bj	34	69	0.187
bj	34	75	0.297
bj	34	71	0.0733
bj	34	71	0.273
bj	34	75	4.41
bj	34	65	0.0567
bj	34	69	0.167
bj	34	71	0.157
bj	34	79	0.103
bj	34	71	2.07
bj	34	73	1.01
bj	34	75	1.02
bj	34	71	0.217
bj	34	73	0.647
bj	34	73	0.14
bj	34	71	3.57
bj	34	79	1.42
bj	34	73	0.327
bj	34	69	0.12
bj	34	71	0.45
