bhkk	16	35	20.4167
bhkk	16	29	14.6367
bhkk	16	33	18.5
bhkk	16	33	18.4967
bhkk	16	31	16.5667
bhkk	16	35	20.4167
bhkk	16	27	12.7133
bhkk	16	33	18.49
bhkk	16	31	16.57
bhkk	16	33	18.4867
bhkk	16	33	18.4867
bhkk	16	31	16.57
bhkk	16	31	16.5667
bhkk	16	27	12.71
bhkk	16	29	14.6433
bhkk	16	31	16.5667
bhkk	16	33	18.4933
bhkk	16	31	16.5633
bhkk	16	29	14.6367
bhkk	16	31	16.57
bhkk	16	31	16.5667
bhkk	16	31	16.5667
bhkk	16	33	18.4933
bhkk	16	31	16.57
bhkk	16	29	14.64
bhkk	16	37	22.3333
bhkk	16	31	16.57
bhkk	16	33	18.49
bhkk	16	31	16.57
bhkk	16	33	18.4867
bhkk	16	29	14.6467
bhkk	16	33	18.4967
bhkk	16	31	16.5633
bhkk	16	31	16.57
bhkk	16	35	20.41
bhkk	16	29	14.6433
bhkk	16	33	18.4967
bhkk	16	31	16.5733
bhkk	16	31	16.56
bhkk	16	31	16.5633
bhkk	16	29	14.64
bhkk	16	33	18.48
bhkk	16	33	18.4867
bhkk	16	27	12.71
bhkk	16	29	14.6367
bhkk	16	29	14.64
bhkk	16	31	16.57
bhkk	16	31	16.5667
bhkk	16	31	16.5633
bhkk	16	31	16.57
bhkk	16	33	18.5
bhkk	16	31	16.57
bhkk	16	31	16.57
bhkk	16	33	18.49
bhkk	16	35	20.4167
bhkk	16	33	18.4933
bhkk	16	35	20.4167
bhkk	16	35	20.4033
bhkk	16	29	14.6433
bhkk	16	29	14.64
bhkk	16	31	16.5667
bhkk	16	31	16.5767
bhkk	16	33	18.4933
bhkk	16	31	16.5633
bhkk	16	29	14.64
bhkk	16	31	16.5733
bhkk	16	35	20.4167
bhkk	16	33	18.49
bhkk	16	33	18.4933
bhkk	16	31	16.5633
bhkk	16	31	16.57
bhkk	16	33	18.4867
bhkk	16	31	16.5567
bhkk	16	31	16.57
bhkk	16	29	14.6433
bhkk	16	25	10.7733
bhkk	16	29	14.6467
bhkk	16	31	16.5633
bhkk	16	35	20.42
bhkk	16	31	16.5667
bhkk	16	29	14.6333
bhkk	16	27	12.71
bhkk	16	31	16.5667
bhkk	16	31	16.5667
bhkk	16	31	16.57
bhkk	16	35	20.42
bhkk	16	29	14.6367
bhkk	16	35	20.4133
bhkk	16	31	16.5567
bhkk	16	29	14.6467
bhkk	16	31	16.57
bhkk	16	35	20.4133
bhkk	16	25	10.7767
bhkk	16	33	18.4967
bhkk	16	31	16.57
bhkk	16	31	16.5733
bhkk	16	33	18.4967
bhkk	16	29	14.6367
bhkk	16	33	18.4833
bhkk	16	33	18.4967
