bj	26	57	0.07
bj	26	53	0.0633
bj	26	55	0.03
bj	26	51	0.0767
bj	26	55	0.0567
bj	26	61	0.173
bj	26	57	0.14
bj	26	53	0.0533
bj	26	55	0.0867
bj	26	57	0.0867
bj	26	51	0.0367
bj	26	57	0.253
bj	26	53	0.0767
bj	26	51	0.0233
bj	26	55	0.0867
bj	26	55	0.0533
bj	26	53	0.0633
bj	26	57	0.0767
bj	26	55	0.06
bj	26	59	0.0667
bj	26	59	0.183
bj	26	49	0.06
bj	26	55	0.0333
bj	26	55	0.0767
bj	26	59	0.123
bj	26	55	0.0633
bj	26	55	0.0333
bj	26	53	0.0667
bj	26	55	0.0333
bj	26	61	0.43
bj	26	49	0.0433
bj	26	61	0.127
bj	26	55	0.08
bj	26	51	0.0467
bj	26	55	0.0833
bj	26	55	0.07
bj	26	51	0.0467
bj	26	57	0.18
bj	26	57	0.233
bj	26	53	0.06
bj	26	57	0.0933
bj	26	57	0.0667
bj	26	49	0.0767
bj	26	57	0.0567
bj	26	55	0.0933
bj	26	55	0.0967
bj	26	55	0.153
bj	26	59	0.0933
bj	26	49	0.0367
bj	26	53	0.343
bj	26	51	0.13
bj	26	55	0.113
bj	26	55	0.167
bj	26	49	0.0567
bj	26	55	0.0667
bj	26	61	0.113
bj	26	53	0.0633
bj	26	53	0.0567
bj	26	59	0.227
bj	26	59	0.0633
bj	26	59	0.187
bj	26	57	0.0867
bj	26	57	0.0733
bj	26	53	0.0333
bj	26	51	0.08
bj	26	55	0.0633
bj	26	59	0.117
bj	26	55	0.127
bj	26	57	0.0633
bj	26	51	0.07
bj	26	57	0.0567
bj	26	59	0.13
bj	26	53	0.0367
bj	26	45	0.01
bj	26	55	0.0767
bj	26	55	0.0767
bj	26	57	0.163
bj	26	55	0.0333
bj	26	51	0.117
bj	26	53	0.0633
bj	26	55	0.0933
bj	26	55	0.0467
bj	26	53	0.0467
bj	26	59	0.19
bj	26	55	0.05
bj	26	53	0.08
bj	26	51	0.0267
bj	26	53	0.0467
bj	26	53	0.0867
bj	26	59	0.727
bj	26	59	0.0433
bj	26	55	0.0867
bj	26	55	0.05
bj	26	55	0.04
bj	26	59	0.0533
bj	26	55	0.07
bj	26	59	0.19
bj	26	49	0.0233
bj	26	49	0.02
bj	26	59	0.117
