bj	18	33	0.02
bj	18	33	0.00667
bj	18	37	0.0167
bj	18	35	0.0133
bj	18	39	0.02
bj	18	33	0.00667
bj	18	29	0.00333
bj	18	37	0.01
bj	18	35	0.00667
bj	18	33	0.0133
bj	18	35	0.0167
bj	18	33	0.00667
bj	18	41	0.0667
bj	18	29	0.00333
bj	18	37	0.01
bj	18	35	0.02
bj	18	41	0.0133
bj	18	35	0.00667
bj	18	31	0.00333
bj	18	41	0.0333
bj	18	39	0.0533
bj	18	37	0.01
bj	18	37	0.00667
bj	18	37	0.02
bj	18	41	0.0267
bj	18	37	0.0233
bj	18	37	0.01
bj	18	37	0.0433
bj	18	35	0.0133
bj	18	35	0.0233
bj	18	41	0.0233
bj	18	37	0.0167
bj	18	39	0.0267
bj	18	39	0.01
bj	18	41	0.02
bj	18	35	0.01
bj	18	35	0.0167
bj	18	33	0.00667
bj	18	33	0.01
bj	18	39	0.01
bj	18	35	0.0133
bj	18	37	0.0233
bj	18	33	0.01
bj	18	37	0.02
bj	18	33	0.0133
bj	18	39	0.0233
bj	18	37	0.01
bj	18	37	0.01
bj	18	37	0.02
bj	18	35	0.01
bj	18	37	0.0133
bj	18	37	0.0167
bj	18	39	0.0167
bj	18	33	0.00333
bj	18	39	0.0267
bj	18	37	0.01
bj	18	31	0.00333
bj	18	33	0.00667
bj	18	35	0.02
bj	18	39	0.0133
bj	18	37	0.0233
bj	18	39	0.0267
bj	18	33	0.01
bj	18	35	0.0167
bj	18	39	0.0133
bj	18	31	0.01
bj	18	37	0.0233
bj	18	35	0.00667
bj	18	35	0.0167
bj	18	37	0.01
bj	18	33	0.00667
bj	18	37	0.0133
bj	18	35	0.00667
bj	18	35	0.00667
bj	18	35	0.01
bj	18	37	0.01
bj	18	35	0.0133
bj	18	37	0.01
bj	18	27	0.00333
bj	18	33	0.01
bj	18	37	0.0167
bj	18	33	0.01
bj	18	37	0.00667
bj	18	35	0.02
bj	18	33	0.01
bj	18	37	0.01
bj	18	39	0.01
bj	18	33	0.0167
bj	18	35	0.0133
bj	18	45	0.0633
bj	18	39	0.0233
bj	18	39	0.0167
bj	18	35	0.0133
bj	18	37	0.0167
bj	18	33	0.00667
bj	18	39	0.0233
bj	18	37	0.01
bj	18	37	0.01
bj	18	35	0.0133
bj	18	35	0.00667
