bj	28	61	0.46
bj	28	59	0.143
bj	28	59	0.28
bj	28	55	0.0633
bj	28	61	0.217
bj	28	61	0.32
bj	28	57	0.0367
bj	28	55	0.0967
bj	28	57	0.08
bj	28	63	0.143
bj	28	61	0.263
bj	28	61	0.0933
bj	28	57	0.0833
bj	28	53	0.0333
bj	28	63	0.187
bj	28	59	0.0967
bj	28	61	0.26
bj	28	59	0.0833
bj	28	65	0.94
bj	28	59	0.0433
bj	28	61	0.0967
bj	28	69	0.237
bj	28	55	0.107
bj	28	59	0.0833
bj	28	63	1.59
bj	28	61	0.197
bj	28	55	0.113
bj	28	57	0.137
bj	28	61	0.0733
bj	28	59	0.297
bj	28	51	0.18
bj	28	55	0.11
bj	28	57	0.0667
bj	28	63	0.393
bj	28	61	0.0433
bj	28	63	0.143
bj	28	59	0.0667
bj	28	57	0.167
bj	28	51	0.04
bj	28	65	0.21
bj	28	57	0.113
bj	28	55	0.11
bj	28	65	0.203
bj	28	55	0.0867
bj	28	59	0.193
bj	28	57	0.17
bj	28	55	0.09
bj	28	61	0.0833
bj	28	61	0.22
bj	28	57	0.133
bj	28	57	0.137
bj	28	57	0.123
bj	28	59	0.0633
bj	28	55	0.0733
bj	28	53	0.0867
bj	28	61	0.1
bj	28	59	0.03
bj	28	67	0.133
bj	28	65	6.71
bj	28	59	0.0833
bj	28	59	0.0867
bj	28	57	0.0633
bj	28	57	0.03
bj	28	57	0.343
bj	28	59	0.0367
bj	28	59	0.137
bj	28	61	0.127
bj	28	59	0.0867
bj	28	55	0.05
bj	28	53	0.03
bj	28	57	0.147
bj	28	55	0.06
bj	28	59	0.0467
bj	28	59	0.15
bj	28	57	0.103
bj	28	57	0.0833
bj	28	63	0.127
bj	28	61	0.123
bj	28	55	0.07
bj	28	59	0.42
bj	28	63	0.167
bj	28	55	0.0333
bj	28	59	0.293
bj	28	59	0.0467
bj	28	57	0.0933
bj	28	59	0.0467
bj	28	63	0.283
bj	28	53	0.0667
bj	28	55	0.11
bj	28	65	0.153
bj	28	59	0.0433
bj	28	57	0.08
bj	28	59	0.11
bj	28	63	0.0933
bj	28	63	0.133
bj	28	57	0.76
bj	28	57	0.13
bj	28	59	0.09
bj	28	59	0.08
bj	28	59	0.04
