bhkk	14	29	2.85
bhkk	14	29	2.85333
bhkk	14	27	2.52333
bhkk	14	27	2.52
bhkk	14	25	2.19
bhkk	14	29	2.85333
bhkk	14	27	2.52333
bhkk	14	29	2.85
bhkk	14	25	2.19
bhkk	14	27	2.52333
bhkk	14	27	2.52
bhkk	14	27	2.52333
bhkk	14	27	2.52333
bhkk	14	29	2.85333
bhkk	14	25	2.19
bhkk	14	27	2.52
bhkk	14	29	2.85333
bhkk	14	31	3.18333
bhkk	14	25	2.19
bhkk	14	27	2.51667
bhkk	14	25	2.19
bhkk	14	29	2.85333
bhkk	14	31	3.18667
bhkk	14	29	2.85
bhkk	14	29	2.85333
bhkk	14	23	1.85667
bhkk	14	27	2.52333
bhkk	14	23	1.85667
bhkk	14	29	2.85
bhkk	14	29	2.85667
bhkk	14	25	2.19
bhkk	14	21	1.52333
bhkk	14	29	2.85333
bhkk	14	31	3.18667
bhkk	14	25	2.18333
bhkk	14	25	2.19
bhkk	14	29	2.85
bhkk	14	29	2.85333
bhkk	14	25	2.19
bhkk	14	23	1.86
bhkk	14	27	2.52333
bhkk	14	29	2.85333
bhkk	14	27	2.52333
bhkk	14	25	2.18667
bhkk	14	25	2.19
bhkk	14	21	1.52333
bhkk	14	23	1.86
bhkk	14	25	2.18667
bhkk	14	25	2.18667
bhkk	14	33	3.51333
bhkk	14	29	2.85333
bhkk	14	25	2.19
bhkk	14	29	2.85333
bhkk	14	27	2.52333
bhkk	14	27	2.52
bhkk	14	23	1.85667
bhkk	14	27	2.52
bhkk	14	29	2.85333
bhkk	14	25	2.19
bhkk	14	25	2.18667
bhkk	14	25	2.19
bhkk	14	27	2.51667
bhkk	14	29	2.85667
bhkk	14	27	2.52333
bhkk	14	27	2.52
bhkk	14	29	2.85333
bhkk	14	29	2.85
bhkk	14	27	2.52667
bhkk	14	27	2.52333
bhkk	14	27	2.52
bhkk	14	25	2.19
bhkk	14	31	3.18333
bhkk	14	25	2.19
bhkk	14	29	2.85333
bhkk	14	29	2.85333
bhkk	14	25	2.19
bhkk	14	27	2.52
bhkk	14	25	2.19
bhkk	14	31	3.18667
bhkk	14	25	2.19
bhkk	14	23	1.85
bhkk	14	27	2.52333
bhkk	14	27	2.52333
bhkk	14	29	2.85333
bhkk	14	27	2.52667
bhkk	14	25	2.19
bhkk	14	25	2.19
bhkk	14	27	2.52333
bhkk	14	25	2.19
bhkk	14	31	3.18333
bhkk	14	27	2.52
bhkk	14	29	2.85333
bhkk	14	23	1.85
bhkk	14	25	2.19
bhkk	14	29	2.85333
bhkk	14	27	2.51667
bhkk	14	27	2.52
bhkk	14	23	1.85667
bhkk	14	29	2.85333
bhkk	14	27	2.52333
