bj	36	71	0.267
bj	36	79	1.67
bj	36	77	8.26
bj	36	73	0.363
bj	36	69	0.143
bj	36	81	0.46
bj	36	77	2.13
bj	36	77	0.193
bj	36	79	0.577
bj	36	77	0.293
bj	36	83	0.403
bj	36	75	0.187
bj	36	79	0.25
bj	36	77	1.45
bj	36	75	0.187
bj	36	75	0.797
bj	36	67	0.28
bj	36	77	0.153
bj	36	75	0.553
bj	36	79	1.17
bj	36	75	0.467
bj	36	83	0.227
bj	36	71	0.657
bj	36	79	0.52
bj	36	79	0.35
bj	36	75	2.53
bj	36	85	0.823
bj	36	69	0.0567
bj	36	79	0.54
bj	36	69	0.207
bj	36	73	0.0733
bj	36	77	0.253
bj	36	77	0.307
bj	36	79	1.71
bj	36	79	0.443
bj	36	81	0.703
bj	36	77	0.29
bj	36	79	0.2
bj	36	71	0.263
bj	36	73	0.133
bj	36	77	0.377
bj	36	77	0.803
bj	36	73	0.72
bj	36	77	0.213
bj	36	77	0.643
bj	36	77	0.487
bj	36	71	0.16
bj	36	75	0.25
bj	36	79	0.307
bj	36	79	0.433
bj	36	73	0.227
bj	36	75	0.23
bj	36	73	0.187
bj	36	77	0.397
bj	36	79	0.603
bj	36	81	0.383
bj	36	79	1.07
bj	36	79	0.64
bj	36	79	0.15
bj	36	69	0.26
bj	36	81	0.477
bj	36	77	2.14
bj	36	75	0.08
bj	36	79	0.437
bj	36	71	0.107
bj	36	81	3.31
bj	36	77	0.103
bj	36	85	2.6
bj	36	79	0.357
bj	36	73	0.143
bj	36	79	0.18
bj	36	77	1.08
bj	36	77	0.23
bj	36	79	0.187
bj	36	73	0.43
bj	36	75	2.72
bj	36	83	1.59
bj	36	75	0.243
bj	36	75	0.15
bj	36	75	0.327
bj	36	77	0.273
bj	36	81	1.71
bj	36	83	7.45
bj	36	77	0.3
bj	36	73	0.16
bj	36	79	0.217
bj	36	79	0.413
bj	36	71	0.43
bj	36	79	0.177
bj	36	75	0.48
bj	36	81	0.233
bj	36	73	0.243
bj	36	73	0.0867
bj	36	75	0.863
bj	36	79	0.73
bj	36	71	0.687
bj	36	81	2.03
bj	36	77	0.187
bj	36	71	1.35
bj	36	77	0.15
