BJ	10	17	0.00333
BJ	10	21	0.00333
BJ	10	19	0
BJ	10	15	0
BJ	10	15	0
BJ	10	15	0
BJ	10	17	0
BJ	10	19	0
BJ	10	15	0
BJ	10	19	0
BJ	10	19	0.00333
BJ	10	17	0
BJ	10	17	0
BJ	10	17	0
BJ	10	15	0
BJ	10	21	0
BJ	10	17	0
BJ	10	21	0
BJ	10	17	0
BJ	10	17	0
BJ	10	19	0
BJ	10	19	0
BJ	10	19	0.00333
BJ	10	19	0
BJ	10	15	0
BJ	10	19	0
BJ	10	15	0
BJ	10	19	0
BJ	10	19	0
BJ	10	19	0
BJ	10	19	0
BJ	10	15	0
BJ	10	19	0.00333
BJ	10	17	0
BJ	10	19	0
BJ	10	21	0.00333
BJ	10	17	0
BJ	10	17	0.00333
BJ	10	21	0.00333
BJ	10	21	0
BJ	10	19	0
BJ	10	17	0
BJ	10	15	0
BJ	10	17	0
BJ	10	17	0
BJ	10	19	0.00333
BJ	10	19	0
BJ	10	17	0
BJ	10	15	0
BJ	10	19	0
BJ	10	17	0
BJ	10	19	0
BJ	10	15	0
BJ	10	15	0
BJ	10	21	0.00333
BJ	10	15	0
BJ	10	19	0
BJ	10	15	0
BJ	10	17	0
BJ	10	19	0
BJ	10	19	0.00333
BJ	10	19	0.00333
BJ	10	17	0
BJ	10	17	0
BJ	10	17	0
BJ	10	19	0
BJ	10	19	0
BJ	10	19	0
BJ	10	15	0
BJ	10	21	0
BJ	10	19	0
BJ	10	15	0
BJ	10	19	0
BJ	10	19	0
BJ	10	19	0
BJ	10	17	0
BJ	10	17	0
BJ	10	17	0
BJ	10	19	0
BJ	10	19	0
BJ	10	15	0
BJ	10	15	0
BJ	10	17	0
BJ	10	17	0
BJ	10	17	0
BJ	10	17	0
BJ	10	15	0
BJ	10	19	0.00333
BJ	10	19	0
BJ	10	19	0
BJ	10	17	0
BJ	10	19	0
BJ	10	17	0
BJ	10	17	0
BJ	10	13	0
BJ	10	17	0
BJ	10	19	0
BJ	10	17	0
BJ	10	19	0.00333
BJ	10	19	0
BJ	12	23	0.00333
BJ	12	23	0.00333
BJ	12	21	0.00333
BJ	12	23	0.00333
BJ	12	21	0.00333
BJ	12	23	0
BJ	12	25	0.00333
BJ	12	27	0.00667
BJ	12	21	0
BJ	12	23	0.00333
BJ	12	21	0.00333
BJ	12	19	0
BJ	12	19	0
BJ	12	23	0.00333
BJ	12	25	0.00333
BJ	12	27	0.00333
BJ	12	17	0
BJ	12	25	0.00333
BJ	12	17	0
BJ	12	23	0.00333
BJ	12	23	0.00333
BJ	12	21	0
BJ	12	23	0.00333
BJ	12	21	0.00333
BJ	12	25	0.00333
BJ	12	25	0.00333
BJ	12	25	0.00333
BJ	12	19	0
BJ	12	23	0.00333
BJ	12	21	0.00333
BJ	12	23	0.00333
BJ	12	21	0.00333
BJ	12	23	0.00333
BJ	12	23	0.00333
BJ	12	23	0.00333
BJ	12	23	0.00333
BJ	12	23	0.00333
BJ	12	21	0
BJ	12	21	0
BJ	12	23	0.00333
BJ	12	21	0
BJ	12	21	0.00333
BJ	12	19	0
BJ	12	21	0
BJ	12	23	0.00333
BJ	12	23	0.01
BJ	12	21	0
BJ	12	23	0.00333
BJ	12	21	0
BJ	12	25	0.00333
BJ	12	23	0
BJ	12	27	0.00333
BJ	12	25	0.00333
BJ	12	25	0.00333
BJ	12	23	0.00333
BJ	12	23	0.00333
BJ	12	21	0
BJ	12	23	0.00333
BJ	12	23	0
BJ	12	25	0.00333
BJ	12	23	0.00333
BJ	12	25	0.00333
BJ	12	21	0
BJ	12	21	0
BJ	12	23	0.00333
BJ	12	21	0
BJ	12	25	0.00333
BJ	12	21	0.00333
BJ	12	23	0.00333
BJ	12	25	0.00333
BJ	12	25	0.00333
BJ	12	21	0.00333
BJ	12	19	0
BJ	12	23	0
BJ	12	25	0.00333
BJ	12	21	0.00333
BJ	12	23	0.00333
BJ	12	23	0.00333
BJ	12	25	0.00333
BJ	12	25	0.00333
BJ	12	23	0.00333
BJ	12	19	0
BJ	12	21	0.00333
BJ	12	23	0.00333
BJ	12	25	0.00333
BJ	12	21	0.00333
BJ	12	21	0
BJ	12	21	0
BJ	12	25	0.00333
BJ	12	23	0
BJ	12	27	0.0133
BJ	12	23	0
BJ	12	23	0.00333
BJ	12	19	0
BJ	12	21	0.00333
BJ	12	21	0
BJ	12	23	0
BJ	12	21	0.00333
BJ	12	25	0.00333
BJ	12	21	0.00333
BJ	14	29	0.00667
BJ	14	29	0.0133
BJ	14	27	0.01
BJ	14	27	0.00333
BJ	14	25	0.00333
BJ	14	29	0.00667
BJ	14	27	0.00333
BJ	14	29	0.00333
BJ	14	25	0.00333
BJ	14	27	0.00333
BJ	14	27	0.00333
BJ	14	27	0.00333
BJ	14	27	0.00333
BJ	14	29	0.01
BJ	14	25	0.00333
BJ	14	27	0.00333
BJ	14	29	0.00333
BJ	14	31	0.00333
BJ	14	25	0.00333
BJ	14	27	0.00333
BJ	14	25	0.00333
BJ	14	29	0.00333
BJ	14	31	0.01
BJ	14	29	0.01
BJ	14	29	0.00667
BJ	14	23	0
BJ	14	27	0.00333
BJ	14	23	0.00333
BJ	14	29	0.00667
BJ	14	29	0.00333
BJ	14	25	0.00333
BJ	14	21	0.00333
BJ	14	29	0.00667
BJ	14	31	0.00667
BJ	14	25	0.00333
BJ	14	25	0.00333
BJ	14	29	0.00333
BJ	14	29	0.01
BJ	14	25	0.00333
BJ	14	23	0.00333
BJ	14	27	0.00333
BJ	14	29	0.00333
BJ	14	27	0.00667
BJ	14	25	0.00333
BJ	14	25	0.00333
BJ	14	21	0.00333
BJ	14	23	0.00333
BJ	14	25	0.00333
BJ	14	25	0.00333
BJ	14	33	0.00667
BJ	14	29	0.00333
BJ	14	25	0.00333
BJ	14	29	0.01
BJ	14	27	0.00333
BJ	14	27	0.00333
BJ	14	23	0.00333
BJ	14	27	0.00333
BJ	14	29	0.01
BJ	14	25	0.00667
BJ	14	25	0.00333
BJ	14	25	0.00333
BJ	14	27	0.00333
BJ	14	29	0.00333
BJ	14	27	0.00333
BJ	14	27	0.00333
BJ	14	29	0.01
BJ	14	29	0.00333
BJ	14	27	0.00333
BJ	14	27	0.00667
BJ	14	27	0.00667
BJ	14	25	0.00333
BJ	14	31	0.0133
BJ	14	25	0.00333
BJ	14	29	0.01
BJ	14	29	0.00667
BJ	14	25	0.00333
BJ	14	27	0.00333
BJ	14	25	0.00333
BJ	14	31	0.05
BJ	14	25	0.00667
BJ	14	23	0.00333
BJ	14	27	0.00333
BJ	14	27	0.00333
BJ	14	29	0.01
BJ	14	27	0.00333
BJ	14	25	0.00667
BJ	14	25	0.00333
BJ	14	27	0.00333
BJ	14	25	0.00333
BJ	14	31	0.01
BJ	14	27	0.00333
BJ	14	29	0.00333
BJ	14	23	0.00333
BJ	14	25	0.00333
BJ	14	29	0.00333
BJ	14	27	0.00333
BJ	14	27	0.00333
BJ	14	23	0
BJ	14	29	0.00333
BJ	14	27	0.00333
BJ	16	35	0.0133
BJ	16	29	0.01
BJ	16	33	0.00667
BJ	16	33	0.00667
BJ	16	31	0.01
BJ	16	35	0.0133
BJ	16	27	0.00667
BJ	16	33	0.01
BJ	16	31	0.00333
BJ	16	33	0.0133
BJ	16	33	0.0167
BJ	16	31	0.00333
BJ	16	31	0.00333
BJ	16	27	0.00333
BJ	16	29	0.00667
BJ	16	31	0.0133
BJ	16	33	0.0167
BJ	16	31	0.00667
BJ	16	29	0.00667
BJ	16	31	0.00667
BJ	16	31	0.01
BJ	16	31	0.00667
BJ	16	33	0.00667
BJ	16	31	0.00667
BJ	16	29	0.00667
BJ	16	37	0.01
BJ	16	31	0.00667
BJ	16	33	0.00667
BJ	16	31	0.00667
BJ	16	33	0.01
BJ	16	29	0.00667
BJ	16	33	0.01
BJ	16	31	0.00333
BJ	16	31	0.00667
BJ	16	35	0.0333
BJ	16	29	0.00333
BJ	16	33	0.00667
BJ	16	31	0.00333
BJ	16	31	0.00333
BJ	16	31	0.0133
BJ	16	29	0.00333
BJ	16	33	0.00667
BJ	16	33	0.01
BJ	16	27	0.00333
BJ	16	29	0.00667
BJ	16	29	0.00333
BJ	16	31	0.01
BJ	16	31	0.01
BJ	16	31	0.01
BJ	16	31	0.00333
BJ	16	33	0.00667
BJ	16	31	0.01
BJ	16	31	0.01
BJ	16	33	0.0267
BJ	16	35	0.00667
BJ	16	33	0.00667
BJ	16	35	0.00667
BJ	16	35	0.01
BJ	16	29	0.00333
BJ	16	29	0.00333
BJ	16	31	0.00667
BJ	16	31	0.01
BJ	16	33	0.0133
BJ	16	31	0.01
BJ	16	29	0.00333
BJ	16	31	0.00667
BJ	16	35	0.00667
BJ	16	33	0.00667
BJ	16	33	0.01
BJ	16	31	0.00667
BJ	16	31	0.00667
BJ	16	33	0.00667
BJ	16	31	0.00667
BJ	16	31	0.00667
BJ	16	29	0.00667
BJ	16	25	0.00333
BJ	16	29	0.00333
BJ	16	31	0.0133
BJ	16	35	0.01
BJ	16	31	0.01
BJ	16	29	0.00333
BJ	16	27	0.00333
BJ	16	31	0.00667
BJ	16	31	0.00333
BJ	16	31	0.00667
BJ	16	35	0.00667
BJ	16	29	0.00333
BJ	16	35	0.0133
BJ	16	31	0.00667
BJ	16	29	0.01
BJ	16	31	0.00333
BJ	16	35	0.00667
BJ	16	25	0.00333
BJ	16	33	0.0167
BJ	16	31	0.01
BJ	16	31	0.01
BJ	16	33	0.00667
BJ	16	29	0.00667
BJ	16	33	0.00667
BJ	16	33	0.00667
BJ	18	33	0.02
BJ	18	33	0.00667
BJ	18	37	0.0167
BJ	18	35	0.0133
BJ	18	39	0.02
BJ	18	33	0.00667
BJ	18	29	0.00333
BJ	18	37	0.01
BJ	18	35	0.00667
BJ	18	33	0.0133
BJ	18	35	0.0167
BJ	18	33	0.00667
BJ	18	41	0.0667
BJ	18	29	0.00333
BJ	18	37	0.01
BJ	18	35	0.02
BJ	18	41	0.0133
BJ	18	35	0.00667
BJ	18	31	0.00333
BJ	18	41	0.0333
BJ	18	39	0.0533
BJ	18	37	0.01
BJ	18	37	0.00667
BJ	18	37	0.02
BJ	18	41	0.0267
BJ	18	37	0.0233
BJ	18	37	0.01
BJ	18	37	0.0433
BJ	18	35	0.0133
BJ	18	35	0.0233
BJ	18	41	0.0233
BJ	18	37	0.0167
BJ	18	39	0.0267
BJ	18	39	0.01
BJ	18	41	0.02
BJ	18	35	0.01
BJ	18	35	0.0167
BJ	18	33	0.00667
BJ	18	33	0.01
BJ	18	39	0.01
BJ	18	35	0.0133
BJ	18	37	0.0233
BJ	18	33	0.01
BJ	18	37	0.02
BJ	18	33	0.0133
BJ	18	39	0.0233
BJ	18	37	0.01
BJ	18	37	0.01
BJ	18	37	0.02
BJ	18	35	0.01
BJ	18	37	0.0133
BJ	18	37	0.0167
BJ	18	39	0.0167
BJ	18	33	0.00333
BJ	18	39	0.0267
BJ	18	37	0.01
BJ	18	31	0.00333
BJ	18	33	0.00667
BJ	18	35	0.02
BJ	18	39	0.0133
BJ	18	37	0.0233
BJ	18	39	0.0267
BJ	18	33	0.01
BJ	18	35	0.0167
BJ	18	39	0.0133
BJ	18	31	0.01
BJ	18	37	0.0233
BJ	18	35	0.00667
BJ	18	35	0.0167
BJ	18	37	0.01
BJ	18	33	0.00667
BJ	18	37	0.0133
BJ	18	35	0.00667
BJ	18	35	0.00667
BJ	18	35	0.01
BJ	18	37	0.01
BJ	18	35	0.0133
BJ	18	37	0.01
BJ	18	27	0.00333
BJ	18	33	0.01
BJ	18	37	0.0167
BJ	18	33	0.01
BJ	18	37	0.00667
BJ	18	35	0.02
BJ	18	33	0.01
BJ	18	37	0.01
BJ	18	39	0.01
BJ	18	33	0.0167
BJ	18	35	0.0133
BJ	18	45	0.0633
BJ	18	39	0.0233
BJ	18	39	0.0167
BJ	18	35	0.0133
BJ	18	37	0.0167
BJ	18	33	0.00667
BJ	18	39	0.0233
BJ	18	37	0.01
BJ	18	37	0.01
BJ	18	35	0.0133
BJ	18	35	0.00667
BJ	20	39	0.0267
BJ	20	41	0.0133
BJ	20	47	0.13
BJ	20	41	0.03
BJ	20	41	0.0333
BJ	20	39	0.0133
BJ	20	37	0.00667
BJ	20	37	0.0167
BJ	20	39	0.03
BJ	20	41	0.0233
BJ	20	39	0.0167
BJ	20	37	0.0167
BJ	20	43	0.04
BJ	20	45	0.0433
BJ	20	37	0.01
BJ	20	37	0.0367
BJ	20	39	0.01
BJ	20	41	0.01
BJ	20	43	0.0467
BJ	20	41	0.02
BJ	20	41	0.0133
BJ	20	37	0.00667
BJ	20	37	0.01
BJ	20	41	0.0133
BJ	20	41	0.0167
BJ	20	39	0.03
BJ	20	39	0.0167
BJ	20	45	0.04
BJ	20	41	0.04
BJ	20	45	0.05
BJ	20	41	0.0267
BJ	20	43	0.03
BJ	20	43	0.03
BJ	20	43	0.0367
BJ	20	37	0.01
BJ	20	35	0.00667
BJ	20	37	0.02
BJ	20	41	0.02
BJ	20	41	0.05
BJ	20	41	0.0233
BJ	20	37	0.0333
BJ	20	41	0.0133
BJ	20	43	0.0133
BJ	20	43	0.0333
BJ	20	43	0.0333
BJ	20	45	0.0467
BJ	20	43	0.0267
BJ	20	43	0.04
BJ	20	43	0.213
BJ	20	37	0.0167
BJ	20	37	0.01
BJ	20	43	0.0333
BJ	20	43	0.0233
BJ	20	43	0.0233
BJ	20	37	0.0133
BJ	20	43	0.0167
BJ	20	37	0.01
BJ	20	37	0.02
BJ	20	41	0.02
BJ	20	43	0.0267
BJ	20	43	0.0267
BJ	20	39	0.0133
BJ	20	43	0.0367
BJ	20	41	0.0733
BJ	20	39	0.0233
BJ	20	39	0.0133
BJ	20	39	0.03
BJ	20	37	0.01
BJ	20	45	0.0167
BJ	20	37	0.0133
BJ	20	43	0.03
BJ	20	41	0.0167
BJ	20	39	0.0567
BJ	20	39	0.0267
BJ	20	41	0.02
BJ	20	41	0.0133
BJ	20	41	0.03
BJ	20	39	0.0267
BJ	20	45	0.0233
BJ	20	37	0.00667
BJ	20	41	0.0333
BJ	20	39	0.02
BJ	20	41	0.0233
BJ	20	35	0.01
BJ	20	41	0.0133
BJ	20	41	0.01
BJ	20	35	0.00667
BJ	20	39	0.0133
BJ	20	41	0.0133
BJ	20	43	0.0133
BJ	20	41	0.0267
BJ	20	39	0.01
BJ	20	39	0.03
BJ	20	35	0.0167
BJ	20	41	0.06
BJ	20	41	0.0167
BJ	20	41	0.0367
BJ	20	37	0.02
BJ	20	41	0.04
BJ	20	41	0.0133
BJ	22	41	0.01
BJ	22	43	0.0267
BJ	22	41	0.0133
BJ	22	43	0.04
BJ	22	43	0.0233
BJ	22	45	0.0167
BJ	22	45	0.0167
BJ	22	43	0.0433
BJ	22	47	0.0233
BJ	22	45	0.03
BJ	22	49	0.06
BJ	22	43	0.0333
BJ	22	39	0.01
BJ	22	49	0.0233
BJ	22	47	0.0333
BJ	22	49	0.137
BJ	22	43	0.0167
BJ	22	47	0.02
BJ	22	47	0.04
BJ	22	43	0.0267
BJ	22	43	0.0267
BJ	22	47	0.0533
BJ	22	45	0.0433
BJ	22	47	0.0367
BJ	22	47	0.0633
BJ	22	49	0.0167
BJ	22	43	0.0267
BJ	22	51	0.0633
BJ	22	43	0.0767
BJ	22	39	0.0167
BJ	22	43	0.0333
BJ	22	49	0.0967
BJ	22	45	0.04
BJ	22	45	0.0133
BJ	22	45	0.03
BJ	22	47	0.0567
BJ	22	39	0.01
BJ	22	43	0.03
BJ	22	47	0.02
BJ	22	47	0.03
BJ	22	49	0.08
BJ	22	45	0.0367
BJ	22	49	0.0233
BJ	22	45	0.0333
BJ	22	45	0.03
BJ	22	43	0.04
BJ	22	45	0.05
BJ	22	47	0.05
BJ	22	45	0.08
BJ	22	47	0.04
BJ	22	51	0.0667
BJ	22	49	0.0633
BJ	22	45	0.0167
BJ	22	49	0.0567
BJ	22	45	0.05
BJ	22	43	0.03
BJ	22	43	0.02
BJ	22	47	0.0333
BJ	22	43	0.07
BJ	22	49	0.06
BJ	22	45	0.0333
BJ	22	43	0.0167
BJ	22	45	0.0167
BJ	22	47	0.0633
BJ	22	49	0.04
BJ	22	47	0.05
BJ	22	47	0.0667
BJ	22	43	0.0133
BJ	22	47	0.05
BJ	22	49	0.04
BJ	22	43	0.0167
BJ	22	45	0.0833
BJ	22	47	0.05
BJ	22	45	0.0133
BJ	22	43	0.04
BJ	22	45	0.0767
BJ	22	49	0.0533
BJ	22	47	0.08
BJ	22	47	0.22
BJ	22	43	0.0133
BJ	22	45	0.0267
BJ	22	43	0.01
BJ	22	45	0.02
BJ	22	43	0.0267
BJ	22	37	0.0133
BJ	22	47	0.11
BJ	22	45	0.0167
BJ	22	45	0.03
BJ	22	47	0.0467
BJ	22	49	0.02
BJ	22	47	0.0367
BJ	22	41	0.0133
BJ	22	47	0.0333
BJ	22	45	0.0367
BJ	22	49	0.04
BJ	22	39	0.0233
BJ	22	51	0.0667
BJ	22	45	0.0267
BJ	22	47	0.06
BJ	22	41	0.0133
BJ	24	49	0.09
BJ	24	55	0.277
BJ	24	47	0.02
BJ	24	49	0.04
BJ	24	49	0.0367
BJ	24	55	0.0267
BJ	24	49	0.0633
BJ	24	49	0.13
BJ	24	51	0.06
BJ	24	53	0.06
BJ	24	57	0.677
BJ	24	43	0.0167
BJ	24	47	0.0467
BJ	24	51	0.0367
BJ	24	51	0.0467
BJ	24	47	0.03
BJ	24	49	0.02
BJ	24	51	0.0633
BJ	24	47	0.0467
BJ	24	53	0.0433
BJ	24	51	0.0433
BJ	24	51	0.02
BJ	24	47	0.02
BJ	24	49	0.07
BJ	24	47	0.04
BJ	24	55	0.187
BJ	24	53	0.0267
BJ	24	45	0.0133
BJ	24	49	0.0333
BJ	24	47	0.05
BJ	24	49	0.0433
BJ	24	47	0.0533
BJ	24	51	0.0267
BJ	24	47	0.0233
BJ	24	51	0.0967
BJ	24	51	0.0633
BJ	24	51	0.0767
BJ	24	49	0.0233
BJ	24	51	0.0433
BJ	24	53	0.0967
BJ	24	51	0.0833
BJ	24	49	0.0433
BJ	24	51	0.04
BJ	24	55	0.0533
BJ	24	47	0.02
BJ	24	53	0.0267
BJ	24	49	0.0233
BJ	24	51	0.05
BJ	24	47	0.0367
BJ	24	53	0.113
BJ	24	47	0.04
BJ	24	51	0.0467
BJ	24	51	0.0267
BJ	24	57	0.0333
BJ	24	53	0.0767
BJ	24	53	0.0733
BJ	24	51	0.0533
BJ	24	51	0.05
BJ	24	47	0.0333
BJ	24	51	0.0467
BJ	24	55	0.0833
BJ	24	51	0.05
BJ	24	55	0.0833
BJ	24	45	0.04
BJ	24	51	0.0633
BJ	24	49	0.0333
BJ	24	53	0.0733
BJ	24	45	0.0133
BJ	24	49	0.0433
BJ	24	53	0.0333
BJ	24	53	0.03
BJ	24	51	0.06
BJ	24	47	0.0167
BJ	24	55	0.337
BJ	24	51	0.07
BJ	24	51	0.463
BJ	24	47	0.0433
BJ	24	49	0.0833
BJ	24	47	0.0167
BJ	24	53	0.333
BJ	24	49	0.0467
BJ	24	51	0.0967
BJ	24	45	0.137
BJ	24	49	0.147
BJ	24	47	0.113
BJ	24	51	0.07
BJ	24	51	0.0733
BJ	24	53	0.06
BJ	24	53	0.06
BJ	24	51	0.0767
BJ	24	53	0.07
BJ	24	47	0.123
BJ	24	47	0.04
BJ	24	47	0.05
BJ	24	49	0.0833
BJ	24	53	0.15
BJ	24	53	0.21
BJ	24	49	0.0267
BJ	24	51	0.05
BJ	24	49	0.0467
BJ	26	57	0.07
BJ	26	53	0.0633
BJ	26	55	0.03
BJ	26	51	0.0767
BJ	26	55	0.0567
BJ	26	61	0.173
BJ	26	57	0.14
BJ	26	53	0.0533
BJ	26	55	0.0867
BJ	26	57	0.0867
BJ	26	51	0.0367
BJ	26	57	0.253
BJ	26	53	0.0767
BJ	26	51	0.0233
BJ	26	55	0.0867
BJ	26	55	0.0533
BJ	26	53	0.0633
BJ	26	57	0.0767
BJ	26	55	0.06
BJ	26	59	0.0667
BJ	26	59	0.183
BJ	26	49	0.06
BJ	26	55	0.0333
BJ	26	55	0.0767
BJ	26	59	0.123
BJ	26	55	0.0633
BJ	26	55	0.0333
BJ	26	53	0.0667
BJ	26	55	0.0333
BJ	26	61	0.43
BJ	26	49	0.0433
BJ	26	61	0.127
BJ	26	55	0.08
BJ	26	51	0.0467
BJ	26	55	0.0833
BJ	26	55	0.07
BJ	26	51	0.0467
BJ	26	57	0.18
BJ	26	57	0.233
BJ	26	53	0.06
BJ	26	57	0.0933
BJ	26	57	0.0667
BJ	26	49	0.0767
BJ	26	57	0.0567
BJ	26	55	0.0933
BJ	26	55	0.0967
BJ	26	55	0.153
BJ	26	59	0.0933
BJ	26	49	0.0367
BJ	26	53	0.343
BJ	26	51	0.13
BJ	26	55	0.113
BJ	26	55	0.167
BJ	26	49	0.0567
BJ	26	55	0.0667
BJ	26	61	0.113
BJ	26	53	0.0633
BJ	26	53	0.0567
BJ	26	59	0.227
BJ	26	59	0.0633
BJ	26	59	0.187
BJ	26	57	0.0867
BJ	26	57	0.0733
BJ	26	53	0.0333
BJ	26	51	0.08
BJ	26	55	0.0633
BJ	26	59	0.117
BJ	26	55	0.127
BJ	26	57	0.0633
BJ	26	51	0.07
BJ	26	57	0.0567
BJ	26	59	0.13
BJ	26	53	0.0367
BJ	26	45	0.01
BJ	26	55	0.0767
BJ	26	55	0.0767
BJ	26	57	0.163
BJ	26	55	0.0333
BJ	26	51	0.117
BJ	26	53	0.0633
BJ	26	55	0.0933
BJ	26	55	0.0467
BJ	26	53	0.0467
BJ	26	59	0.19
BJ	26	55	0.05
BJ	26	53	0.08
BJ	26	51	0.0267
BJ	26	53	0.0467
BJ	26	53	0.0867
BJ	26	59	0.727
BJ	26	59	0.0433
BJ	26	55	0.0867
BJ	26	55	0.05
BJ	26	55	0.04
BJ	26	59	0.0533
BJ	26	55	0.07
BJ	26	59	0.19
BJ	26	49	0.0233
BJ	26	49	0.02
BJ	26	59	0.117
BJ	28	61	0.46
BJ	28	59	0.143
BJ	28	59	0.28
BJ	28	55	0.0633
BJ	28	61	0.217
BJ	28	61	0.32
BJ	28	57	0.0367
BJ	28	55	0.0967
BJ	28	57	0.08
BJ	28	63	0.143
BJ	28	61	0.263
BJ	28	61	0.0933
BJ	28	57	0.0833
BJ	28	53	0.0333
BJ	28	63	0.187
BJ	28	59	0.0967
BJ	28	61	0.26
BJ	28	59	0.0833
BJ	28	65	0.94
BJ	28	59	0.0433
BJ	28	61	0.0967
BJ	28	69	0.237
BJ	28	55	0.107
BJ	28	59	0.0833
BJ	28	63	1.59
BJ	28	61	0.197
BJ	28	55	0.113
BJ	28	57	0.137
BJ	28	61	0.0733
BJ	28	59	0.297
BJ	28	51	0.18
BJ	28	55	0.11
BJ	28	57	0.0667
BJ	28	63	0.393
BJ	28	61	0.0433
BJ	28	63	0.143
BJ	28	59	0.0667
BJ	28	57	0.167
BJ	28	51	0.04
BJ	28	65	0.21
BJ	28	57	0.113
BJ	28	55	0.11
BJ	28	65	0.203
BJ	28	55	0.0867
BJ	28	59	0.193
BJ	28	57	0.17
BJ	28	55	0.09
BJ	28	61	0.0833
BJ	28	61	0.22
BJ	28	57	0.133
BJ	28	57	0.137
BJ	28	57	0.123
BJ	28	59	0.0633
BJ	28	55	0.0733
BJ	28	53	0.0867
BJ	28	61	0.1
BJ	28	59	0.03
BJ	28	67	0.133
BJ	28	65	6.71
BJ	28	59	0.0833
BJ	28	59	0.0867
BJ	28	57	0.0633
BJ	28	57	0.03
BJ	28	57	0.343
BJ	28	59	0.0367
BJ	28	59	0.137
BJ	28	61	0.127
BJ	28	59	0.0867
BJ	28	55	0.05
BJ	28	53	0.03
BJ	28	57	0.147
BJ	28	55	0.06
BJ	28	59	0.0467
BJ	28	59	0.15
BJ	28	57	0.103
BJ	28	57	0.0833
BJ	28	63	0.127
BJ	28	61	0.123
BJ	28	55	0.07
BJ	28	59	0.42
BJ	28	63	0.167
BJ	28	55	0.0333
BJ	28	59	0.293
BJ	28	59	0.0467
BJ	28	57	0.0933
BJ	28	59	0.0467
BJ	28	63	0.283
BJ	28	53	0.0667
BJ	28	55	0.11
BJ	28	65	0.153
BJ	28	59	0.0433
BJ	28	57	0.08
BJ	28	59	0.11
BJ	28	63	0.0933
BJ	28	63	0.133
BJ	28	57	0.76
BJ	28	57	0.13
BJ	28	59	0.09
BJ	28	59	0.08
BJ	28	59	0.04
BJ	30	63	0.1
BJ	30	65	0.113
BJ	30	59	0.107
BJ	30	61	0.0733
BJ	30	71	0.197
BJ	30	59	0.103
BJ	30	59	0.0833
BJ	30	67	0.23
BJ	30	57	0.0833
BJ	30	57	0.373
BJ	30	63	0.257
BJ	30	69	0.517
BJ	30	59	0.0367
BJ	30	65	0.153
BJ	30	65	0.217
BJ	30	61	0.0967
BJ	30	63	0.297
BJ	30	63	0.117
BJ	30	63	0.117
BJ	30	71	0.303
BJ	30	63	0.1
BJ	30	65	0.223
BJ	30	61	0.12
BJ	30	69	0.203
BJ	30	67	0.137
BJ	30	63	0.117
BJ	30	61	0.07
BJ	30	67	0.0833
BJ	30	65	0.1
BJ	30	67	0.553
BJ	30	67	0.147
BJ	30	67	0.0633
BJ	30	65	1.11
BJ	30	63	0.15
BJ	30	61	0.0733
BJ	30	61	0.207
BJ	30	65	0.147
BJ	30	65	0.113
BJ	30	61	0.153
BJ	30	65	0.16
BJ	30	65	0.1
BJ	30	57	0.137
BJ	30	59	0.04
BJ	30	61	0.117
BJ	30	63	0.19
BJ	30	67	0.153
BJ	30	59	0.12
BJ	30	67	0.62
BJ	30	65	0.757
BJ	30	69	0.413
BJ	30	63	0.167
BJ	30	59	0.0833
BJ	30	61	0.0833
BJ	30	65	1.66
BJ	30	59	0.0933
BJ	30	67	0.107
BJ	30	59	0.11
BJ	30	63	0.05
BJ	30	61	0.4
BJ	30	61	0.113
BJ	30	67	0.16
BJ	30	63	0.107
BJ	30	67	0.113
BJ	30	59	0.21
BJ	30	59	0.0667
BJ	30	65	0.13
BJ	30	63	0.29
BJ	30	57	0.0867
BJ	30	59	0.0867
BJ	30	63	0.133
BJ	30	65	0.397
BJ	30	65	0.113
BJ	30	67	0.157
BJ	30	65	0.193
BJ	30	73	0.183
BJ	30	65	0.163
BJ	30	71	0.167
BJ	30	63	0.117
BJ	30	65	0.25
BJ	30	63	0.247
BJ	30	63	0.283
BJ	30	61	0.157
BJ	30	69	0.0933
BJ	30	63	0.0733
BJ	30	61	0.13
BJ	30	61	0.0867
BJ	30	63	0.1
BJ	30	63	0.147
BJ	30	63	0.123
BJ	30	59	0.0967
BJ	30	63	0.557
BJ	30	61	0.123
BJ	30	63	0.0833
BJ	30	61	0.127
BJ	30	67	0.143
BJ	30	63	0.227
BJ	30	61	0.563
BJ	30	63	0.0767
BJ	30	65	0.167
BJ	30	65	1.03
BJ	32	73	0.31
BJ	32	61	0.16
BJ	32	73	0.187
BJ	32	71	0.107
BJ	32	65	1.38
BJ	32	71	0.207
BJ	32	69	0.147
BJ	32	73	0.557
BJ	32	69	0.153
BJ	32	67	0.183
BJ	32	65	0.187
BJ	32	65	0.05
BJ	32	63	0.11
BJ	32	67	0.13
BJ	32	71	0.113
BJ	32	59	0.0667
BJ	32	71	0.313
BJ	32	63	0.0733
BJ	32	67	0.19
BJ	32	69	0.153
BJ	32	65	0.133
BJ	32	73	0.21
BJ	32	65	0.193
BJ	32	65	0.173
BJ	32	65	0.197
BJ	32	63	0.107
BJ	32	71	0.37
BJ	32	67	0.17
BJ	32	67	0.0667
BJ	32	69	0.0533
BJ	32	67	0.15
BJ	32	69	9.92
BJ	32	71	0.347
BJ	32	65	0.0733
BJ	32	67	0.163
BJ	32	69	0.587
BJ	32	71	0.66
BJ	32	71	0.38
BJ	32	67	0.113
BJ	32	73	0.207
BJ	32	71	0.15
BJ	32	63	0.0733
BJ	32	69	0.157
BJ	32	69	0.173
BJ	32	71	0.08
BJ	32	67	0.133
BJ	32	73	0.497
BJ	32	65	0.0933
BJ	32	67	0.267
BJ	32	69	0.613
BJ	32	69	0.15
BJ	32	69	0.283
BJ	32	67	0.103
BJ	32	69	0.343
BJ	32	67	0.487
BJ	32	69	0.657
BJ	32	71	0.297
BJ	32	67	0.15
BJ	32	73	2.68
BJ	32	71	0.243
BJ	32	61	0.127
BJ	32	73	0.207
BJ	32	69	0.133
BJ	32	63	0.143
BJ	32	67	0.357
BJ	32	65	0.117
BJ	32	67	0.167
BJ	32	63	0.113
BJ	32	67	0.17
BJ	32	73	0.337
BJ	32	63	0.12
BJ	32	67	0.967
BJ	32	67	0.143
BJ	32	73	0.797
BJ	32	71	0.163
BJ	32	75	0.223
BJ	32	69	2.23
BJ	32	73	0.183
BJ	32	69	0.357
BJ	32	71	0.173
BJ	32	67	0.153
BJ	32	65	0.22
BJ	32	69	0.24
BJ	32	65	0.11
BJ	32	71	0.473
BJ	32	67	0.06
BJ	32	75	0.327
BJ	32	73	0.173
BJ	32	67	1.45
BJ	32	67	0.147
BJ	32	73	0.193
BJ	32	71	0.207
BJ	32	67	0.153
BJ	32	65	0.107
BJ	32	69	1.34
BJ	32	71	0.36
BJ	32	69	0.153
BJ	32	67	0.26
BJ	32	69	0.173
BJ	32	67	0.23
BJ	34	79	0.203
BJ	34	69	0.153
BJ	34	69	0.11
BJ	34	69	0.213
BJ	34	71	0.643
BJ	34	71	0.157
BJ	34	71	0.177
BJ	34	73	5.31
BJ	34	75	0.327
BJ	34	73	0.91
BJ	34	71	0.18
BJ	34	77	0.497
BJ	34	75	0.39
BJ	34	71	0.653
BJ	34	71	0.35
BJ	34	71	0.17
BJ	34	79	0.287
BJ	34	73	0.243
BJ	34	75	0.22
BJ	34	69	0.69
BJ	34	77	0.143
BJ	34	69	0.547
BJ	34	71	0.317
BJ	34	75	0.233
BJ	34	79	0.393
BJ	34	79	0.607
BJ	34	79	0.157
BJ	34	69	0.24
BJ	34	73	1.67
BJ	34	69	0.13
BJ	34	73	0.593
BJ	34	71	0.183
BJ	34	73	0.127
BJ	34	75	1.48
BJ	34	67	0.227
BJ	34	73	0.303
BJ	34	65	0.0933
BJ	34	79	2.95
BJ	34	71	0.143
BJ	34	73	0.217
BJ	34	71	0.463
BJ	34	69	0.16
BJ	34	71	0.197
BJ	34	67	0.193
BJ	34	73	0.16
BJ	34	67	0.467
BJ	34	75	0.233
BJ	34	79	1.91
BJ	34	77	1.12
BJ	34	71	0.173
BJ	34	73	0.48
BJ	34	75	0.337
BJ	34	75	0.54
BJ	34	75	0.393
BJ	34	65	0.313
BJ	34	79	14.2
BJ	34	79	0.397
BJ	34	73	0.307
BJ	34	71	0.0567
BJ	34	65	0.153
BJ	34	79	0.36
BJ	34	67	0.293
BJ	34	73	0.173
BJ	34	75	0.193
BJ	34	71	0.443
BJ	34	73	0.863
BJ	34	73	0.173
BJ	34	73	0.32
BJ	34	71	0.303
BJ	34	79	0.957
BJ	34	67	0.203
BJ	34	73	0.117
BJ	34	75	0.117
BJ	34	65	0.203
BJ	34	67	0.517
BJ	34	77	0.48
BJ	34	77	0.3
BJ	34	73	0.157
BJ	34	67	0.117
BJ	34	71	0.557
BJ	34	69	0.187
BJ	34	75	0.297
BJ	34	71	0.0733
BJ	34	71	0.273
BJ	34	75	4.41
BJ	34	65	0.0567
BJ	34	69	0.167
BJ	34	71	0.157
BJ	34	79	0.103
BJ	34	71	2.07
BJ	34	73	1.01
BJ	34	75	1.02
BJ	34	71	0.217
BJ	34	73	0.647
BJ	34	73	0.14
BJ	34	71	3.57
BJ	34	79	1.42
BJ	34	73	0.327
BJ	34	69	0.12
BJ	34	71	0.45
BJ	36	71	0.267
BJ	36	79	1.67
BJ	36	77	8.26
BJ	36	73	0.363
BJ	36	69	0.143
BJ	36	81	0.46
BJ	36	77	2.13
BJ	36	77	0.193
BJ	36	79	0.577
BJ	36	77	0.293
BJ	36	83	0.403
BJ	36	75	0.187
BJ	36	79	0.25
BJ	36	77	1.45
BJ	36	75	0.187
BJ	36	75	0.797
BJ	36	67	0.28
BJ	36	77	0.153
BJ	36	75	0.553
BJ	36	79	1.17
BJ	36	75	0.467
BJ	36	83	0.227
BJ	36	71	0.657
BJ	36	79	0.52
BJ	36	79	0.35
BJ	36	75	2.53
BJ	36	85	0.823
BJ	36	69	0.0567
BJ	36	79	0.54
BJ	36	69	0.207
BJ	36	73	0.0733
BJ	36	77	0.253
BJ	36	77	0.307
BJ	36	79	1.71
BJ	36	79	0.443
BJ	36	81	0.703
BJ	36	77	0.29
BJ	36	79	0.2
BJ	36	71	0.263
BJ	36	73	0.133
BJ	36	77	0.377
BJ	36	77	0.803
BJ	36	73	0.72
BJ	36	77	0.213
BJ	36	77	0.643
BJ	36	77	0.487
BJ	36	71	0.16
BJ	36	75	0.25
BJ	36	79	0.307
BJ	36	79	0.433
BJ	36	73	0.227
BJ	36	75	0.23
BJ	36	73	0.187
BJ	36	77	0.397
BJ	36	79	0.603
BJ	36	81	0.383
BJ	36	79	1.07
BJ	36	79	0.64
BJ	36	79	0.15
BJ	36	69	0.26
BJ	36	81	0.477
BJ	36	77	2.14
BJ	36	75	0.08
BJ	36	79	0.437
BJ	36	71	0.107
BJ	36	81	3.31
BJ	36	77	0.103
BJ	36	85	2.6
BJ	36	79	0.357
BJ	36	73	0.143
BJ	36	79	0.18
BJ	36	77	1.08
BJ	36	77	0.23
BJ	36	79	0.187
BJ	36	73	0.43
BJ	36	75	2.72
BJ	36	83	1.59
BJ	36	75	0.243
BJ	36	75	0.15
BJ	36	75	0.327
BJ	36	77	0.273
BJ	36	81	1.71
BJ	36	83	7.45
BJ	36	77	0.3
BJ	36	73	0.16
BJ	36	79	0.217
BJ	36	79	0.413
BJ	36	71	0.43
BJ	36	79	0.177
BJ	36	75	0.48
BJ	36	81	0.233
BJ	36	73	0.243
BJ	36	73	0.0867
BJ	36	75	0.863
BJ	36	79	0.73
BJ	36	71	0.687
BJ	36	81	2.03
BJ	36	77	0.187
BJ	36	71	1.35
BJ	36	77	0.15
BJ	38	83	3.17
BJ	38	83	0.47
BJ	38	85	0.133
BJ	38	79	0.107
BJ	38	85	1.39
BJ	38	83	0.733
BJ	38	79	0.157
BJ	38	85	0.72
BJ	38	77	0.413
BJ	38	79	0.217
BJ	38	79	0.29
BJ	38	81	1.95
BJ	38	83	0.167
BJ	38	81	0.823
BJ	38	81	0.29
BJ	38	79	0.353
BJ	38	79	1.06
BJ	38	81	0.28
BJ	38	85	0.247
BJ	38	85	11.9
BJ	38	77	1.21
BJ	38	87	5.25
BJ	38	81	0.257
BJ	38	77	0.107
BJ	38	81	0.347
BJ	38	83	0.98
BJ	38	89	0.15
BJ	38	85	0.683
BJ	38	79	0.44
BJ	38	79	0.423
BJ	38	77	0.233
BJ	38	81	0.303
BJ	38	83	0.417
BJ	38	75	0.217
BJ	38	81	0.323
BJ	38	85	0.52
BJ	38	81	1.24
BJ	38	83	0.26
BJ	38	79	0.373
BJ	38	81	0.533
BJ	38	83	0.293
BJ	38	85	0.24
BJ	38	83	0.537
BJ	38	87	0.4
BJ	38	79	0.377
BJ	38	83	0.53
BJ	38	81	1.21
BJ	38	85	2.71
BJ	38	75	0.833
BJ	38	81	7.07
BJ	38	89	0.383
BJ	38	77	0.2
BJ	38	73	0.487
BJ	38	75	0.48
BJ	38	77	0.533
BJ	38	85	0.513
BJ	38	91	0.77
BJ	38	77	0.25
BJ	38	91	0.653
BJ	38	95	0.367
BJ	38	81	0.197
BJ	38	89	1.81
BJ	38	89	6.65
BJ	38	85	1.4
BJ	38	83	0.737
BJ	38	87	1.04
BJ	38	85	0.28
BJ	38	83	1.11
BJ	38	87	0.613
BJ	38	81	0.183
BJ	38	87	2.58
BJ	38	87	0.43
BJ	38	77	0.107
BJ	38	81	1.17
BJ	38	85	0.38
BJ	38	85	0.393
BJ	38	77	0.297
BJ	38	85	4.01
BJ	38	85	0.153
BJ	38	81	1.27
BJ	38	81	0.493
BJ	38	75	0.08
BJ	38	83	0.25
BJ	38	75	0.387
BJ	38	87	0.717
BJ	38	85	0.92
BJ	38	79	0.1
BJ	38	81	0.547
BJ	38	81	1.84
BJ	38	83	3.79
BJ	38	75	1.38
BJ	38	81	0.933
BJ	38	75	0.4
BJ	38	83	0.437
BJ	38	83	0.637
BJ	38	75	0.217
BJ	38	83	1.19
BJ	38	85	0.837
BJ	38	83	0.813
BJ	38	87	0.58
BJ	40	85	0.58
BJ	40	85	1.23
BJ	40	87	0.49
BJ	40	85	0.43
BJ	40	87	0.383
BJ	40	85	0.367
BJ	40	91	0.833
BJ	40	85	1.36
BJ	40	85	0.723
BJ	40	83	0.337
BJ	40	87	0.2
BJ	40	85	0.65
BJ	40	89	0.38
BJ	40	85	0.12
BJ	40	83	0.29
BJ	40	85	0.657
BJ	40	89	1.45
BJ	40	89	0.473
BJ	40	83	0.507
BJ	40	87	0.937
BJ	40	81	0.38
BJ	40	83	0.273
BJ	40	87	1.06
BJ	40	91	0.337
BJ	40	85	0.94
BJ	40	87	0.353
BJ	40	89	0.913
BJ	40	87	6.17
BJ	40	95	4.24
BJ	40	85	3.16
BJ	40	81	0.38
BJ	40	87	0.367
BJ	40	87	3.05
BJ	40	85	0.433
BJ	40	85	27.9
BJ	40	89	1.02
BJ	40	89	0.173
BJ	40	79	0.533
BJ	40	91	2.03
BJ	40	87	0.433
BJ	40	85	1.52
BJ	40	85	1.47
BJ	40	87	3.56
BJ	40	79	0.29
BJ	40	93	0.487
BJ	40	85	1.62
BJ	40	79	0.347
BJ	40	93	0.383
BJ	40	83	0.7
BJ	40	91	0.397
BJ	40	85	0.603
BJ	40	95	3.54
BJ	40	89	0.27
BJ	40	89	0.667
BJ	40	83	0.773
BJ	40	85	0.923
BJ	40	81	0.71
BJ	40	87	0.287
BJ	40	87	0.433
BJ	40	87	1.2
BJ	40	89	1.47
BJ	40	87	0.583
BJ	40	87	0.653
BJ	40	91	0.79
BJ	40	87	12.5
BJ	40	85	0.157
BJ	40	79	0.293
BJ	40	75	0.167
BJ	40	83	0.837
BJ	40	89	0.583
BJ	40	87	2.25
BJ	40	85	0.42
BJ	40	93	0.513
BJ	40	83	0.727
BJ	40	89	1.28
BJ	40	93	1.18
BJ	40	83	2.63
BJ	40	87	1.79
BJ	40	95	1.11
BJ	40	85	0.977
BJ	40	87	0.567
BJ	40	89	9.91
BJ	40	83	87.1
BJ	40	89	0.667
BJ	40	93	4.26
BJ	40	89	0.51
BJ	40	81	0.49
BJ	40	83	1.47
BJ	40	87	0.423
BJ	40	77	0.22
BJ	40	89	0.657
BJ	40	83	0.377
BJ	40	81	0.597
BJ	40	99	4.24
BJ	40	81	0.583
BJ	40	85	0.753
BJ	40	85	1.31
BJ	40	83	0.41
BJ	40	87	0.317
BJ	40	85	1.82
BHKK	10	17	0.039999
BHKK	10	21	0.056666
BHKK	10	19	0.046666
BHKK	10	15	0.033333
BHKK	10	15	0.029999
BHKK	10	15	0.033333
BHKK	10	17	0.039999
BHKK	10	19	0.049999
BHKK	10	15	0.029999
BHKK	10	19	0.049999
BHKK	10	19	0.049999
BHKK	10	17	0.039999
BHKK	10	17	0.039999
BHKK	10	17	0.039999
BHKK	10	15	0.029999
BHKK	10	21	0.056666
BHKK	10	17	0.039999
BHKK	10	21	0.056666
BHKK	10	17	0.039999
BHKK	10	17	0.039999
BHKK	10	19	0.049999
BHKK	10	19	0.046666
BHKK	10	19	0.049999
BHKK	10	19	0.046666
BHKK	10	15	0.029999
BHKK	10	19	0.046666
BHKK	10	15	0.029999
BHKK	10	19	0.049999
BHKK	10	19	0.049999
BHKK	10	19	0.049999
BHKK	10	19	0.049999
BHKK	10	15	0.029999
BHKK	10	19	0.046666
BHKK	10	17	0.039999
BHKK	10	19	0.049999
BHKK	10	21	0.056666
BHKK	10	17	0.039999
BHKK	10	17	0.039999
BHKK	10	21	0.056666
BHKK	10	21	0.056666
BHKK	10	19	0.046666
BHKK	10	17	0.039999
BHKK	10	15	0.029999
BHKK	10	17	0.039999
BHKK	10	17	0.039999
BHKK	10	19	0.049999
BHKK	10	19	0.049999
BHKK	10	17	0.039999
BHKK	10	15	0.033333
BHKK	10	19	0.049999
BHKK	10	17	0.039999
BHKK	10	19	0.049999
BHKK	10	15	0.033333
BHKK	10	15	0.029999
BHKK	10	21	0.056666
BHKK	10	15	0.029999
BHKK	10	19	0.046666
BHKK	10	15	0.029999
BHKK	10	17	0.039999
BHKK	10	19	0.049999
BHKK	10	19	0.049999
BHKK	10	19	0.049999
BHKK	10	17	0.039999
BHKK	10	17	0.039999
BHKK	10	17	0.039999
BHKK	10	19	0.049999
BHKK	10	19	0.049999
BHKK	10	19	0.049999
BHKK	10	15	0.029999
BHKK	10	21	0.056666
BHKK	10	19	0.049999
BHKK	10	15	0.033333
BHKK	10	19	0.049999
BHKK	10	19	0.049999
BHKK	10	19	0.049999
BHKK	10	17	0.039999
BHKK	10	17	0.039999
BHKK	10	17	0.039999
BHKK	10	19	0.046666
BHKK	10	19	0.049999
BHKK	10	15	0.029999
BHKK	10	15	0.033333
BHKK	10	17	0.039999
BHKK	10	17	0.039999
BHKK	10	17	0.039999
BHKK	10	17	0.039999
BHKK	10	15	0.029999
BHKK	10	19	0.046666
BHKK	10	19	0.046666
BHKK	10	19	0.049999
BHKK	10	17	0.039999
BHKK	10	19	0.049999
BHKK	10	17	0.039999
BHKK	10	17	0.036666
BHKK	10	13	0.023333
BHKK	10	17	0.039999
BHKK	10	19	0.049999
BHKK	10	17	0.039999
BHKK	10	19	0.049999
BHKK	10	19	0.046666
BHKK	12	23	0.359999
BHKK	12	23	0.359999
BHKK	12	21	0.306666
BHKK	12	23	0.359999
BHKK	12	21	0.306666
BHKK	12	23	0.359999
BHKK	12	25	0.413333
BHKK	12	27	0.469999
BHKK	12	21	0.306666
BHKK	12	23	0.359999
BHKK	12	21	0.306666
BHKK	12	19	0.249999
BHKK	12	19	0.253333
BHKK	12	23	0.363333
BHKK	12	25	0.416666
BHKK	12	27	0.469999
BHKK	12	17	0.196666
BHKK	12	25	0.413333
BHKK	12	17	0.196666
BHKK	12	23	0.359999
BHKK	12	23	0.359999
BHKK	12	21	0.306666
BHKK	12	23	0.359999
BHKK	12	21	0.306666
BHKK	12	25	0.413333
BHKK	12	25	0.416666
BHKK	12	25	0.413333
BHKK	12	19	0.249999
BHKK	12	23	0.359999
BHKK	12	21	0.306666
BHKK	12	23	0.359999
BHKK	12	21	0.306666
BHKK	12	23	0.359999
BHKK	12	23	0.359999
BHKK	12	23	0.359999
BHKK	12	23	0.359999
BHKK	12	23	0.359999
BHKK	12	21	0.306666
BHKK	12	21	0.306666
BHKK	12	23	0.359999
BHKK	12	21	0.306666
BHKK	12	21	0.306666
BHKK	12	19	0.249999
BHKK	12	21	0.306666
BHKK	12	23	0.359999
BHKK	12	23	0.359999
BHKK	12	21	0.306666
BHKK	12	23	0.359999
BHKK	12	21	0.306666
BHKK	12	25	0.416666
BHKK	12	23	0.359999
BHKK	12	27	0.469999
BHKK	12	25	0.416666
BHKK	12	25	0.416666
BHKK	12	23	0.359999
BHKK	12	23	0.359999
BHKK	12	21	0.306666
BHKK	12	23	0.359999
BHKK	12	23	0.363333
BHKK	12	25	0.416666
BHKK	12	23	0.359999
BHKK	12	25	0.416666
BHKK	12	21	0.306666
BHKK	12	21	0.306666
BHKK	12	23	0.359999
BHKK	12	21	0.306666
BHKK	12	25	0.416666
BHKK	12	21	0.306666
BHKK	12	23	0.359999
BHKK	12	25	0.416666
BHKK	12	25	0.416666
BHKK	12	21	0.306666
BHKK	12	19	0.249999
BHKK	12	23	0.363333
BHKK	12	25	0.416666
BHKK	12	21	0.306666
BHKK	12	23	0.363333
BHKK	12	23	0.359999
BHKK	12	25	0.416666
BHKK	12	25	0.416666
BHKK	12	23	0.356666
BHKK	12	19	0.253333
BHKK	12	21	0.306666
BHKK	12	23	0.359999
BHKK	12	25	0.416666
BHKK	12	21	0.306666
BHKK	12	21	0.306666
BHKK	12	21	0.306666
BHKK	12	25	0.416666
BHKK	12	23	0.359999
BHKK	12	27	0.469999
BHKK	12	23	0.359999
BHKK	12	23	0.363333
BHKK	12	19	0.253333
BHKK	12	21	0.306666
BHKK	12	21	0.306666
BHKK	12	23	0.359999
BHKK	12	21	0.306666
BHKK	12	25	0.416666
BHKK	12	21	0.306666
BHKK	14	29	2.85
BHKK	14	29	2.85333
BHKK	14	27	2.52333
BHKK	14	27	2.52
BHKK	14	25	2.19
BHKK	14	29	2.85333
BHKK	14	27	2.52333
BHKK	14	29	2.85
BHKK	14	25	2.19
BHKK	14	27	2.52333
BHKK	14	27	2.52
BHKK	14	27	2.52333
BHKK	14	27	2.52333
BHKK	14	29	2.85333
BHKK	14	25	2.19
BHKK	14	27	2.52
BHKK	14	29	2.85333
BHKK	14	31	3.18333
BHKK	14	25	2.19
BHKK	14	27	2.51667
BHKK	14	25	2.19
BHKK	14	29	2.85333
BHKK	14	31	3.18667
BHKK	14	29	2.85
BHKK	14	29	2.85333
BHKK	14	23	1.85667
BHKK	14	27	2.52333
BHKK	14	23	1.85667
BHKK	14	29	2.85
BHKK	14	29	2.85667
BHKK	14	25	2.19
BHKK	14	21	1.52333
BHKK	14	29	2.85333
BHKK	14	31	3.18667
BHKK	14	25	2.18333
BHKK	14	25	2.19
BHKK	14	29	2.85
BHKK	14	29	2.85333
BHKK	14	25	2.19
BHKK	14	23	1.86
BHKK	14	27	2.52333
BHKK	14	29	2.85333
BHKK	14	27	2.52333
BHKK	14	25	2.18667
BHKK	14	25	2.19
BHKK	14	21	1.52333
BHKK	14	23	1.86
BHKK	14	25	2.18667
BHKK	14	25	2.18667
BHKK	14	33	3.51333
BHKK	14	29	2.85333
BHKK	14	25	2.19
BHKK	14	29	2.85333
BHKK	14	27	2.52333
BHKK	14	27	2.52
BHKK	14	23	1.85667
BHKK	14	27	2.52
BHKK	14	29	2.85333
BHKK	14	25	2.19
BHKK	14	25	2.18667
BHKK	14	25	2.19
BHKK	14	27	2.51667
BHKK	14	29	2.85667
BHKK	14	27	2.52333
BHKK	14	27	2.52
BHKK	14	29	2.85333
BHKK	14	29	2.85
BHKK	14	27	2.52667
BHKK	14	27	2.52333
BHKK	14	27	2.52
BHKK	14	25	2.19
BHKK	14	31	3.18333
BHKK	14	25	2.19
BHKK	14	29	2.85333
BHKK	14	29	2.85333
BHKK	14	25	2.19
BHKK	14	27	2.52
BHKK	14	25	2.19
BHKK	14	31	3.18667
BHKK	14	25	2.19
BHKK	14	23	1.85
BHKK	14	27	2.52333
BHKK	14	27	2.52333
BHKK	14	29	2.85333
BHKK	14	27	2.52667
BHKK	14	25	2.19
BHKK	14	25	2.19
BHKK	14	27	2.52333
BHKK	14	25	2.19
BHKK	14	31	3.18333
BHKK	14	27	2.52
BHKK	14	29	2.85333
BHKK	14	23	1.85
BHKK	14	25	2.19
BHKK	14	29	2.85333
BHKK	14	27	2.51667
BHKK	14	27	2.52
BHKK	14	23	1.85667
BHKK	14	29	2.85333
BHKK	14	27	2.52333
BHKK	16	35	20.4167
BHKK	16	29	14.6367
BHKK	16	33	18.5
BHKK	16	33	18.4967
BHKK	16	31	16.5667
BHKK	16	35	20.4167
BHKK	16	27	12.7133
BHKK	16	33	18.49
BHKK	16	31	16.57
BHKK	16	33	18.4867
BHKK	16	33	18.4867
BHKK	16	31	16.57
BHKK	16	31	16.5667
BHKK	16	27	12.71
BHKK	16	29	14.6433
BHKK	16	31	16.5667
BHKK	16	33	18.4933
BHKK	16	31	16.5633
BHKK	16	29	14.6367
BHKK	16	31	16.57
BHKK	16	31	16.5667
BHKK	16	31	16.5667
BHKK	16	33	18.4933
BHKK	16	31	16.57
BHKK	16	29	14.64
BHKK	16	37	22.3333
BHKK	16	31	16.57
BHKK	16	33	18.49
BHKK	16	31	16.57
BHKK	16	33	18.4867
BHKK	16	29	14.6467
BHKK	16	33	18.4967
BHKK	16	31	16.5633
BHKK	16	31	16.57
BHKK	16	35	20.41
BHKK	16	29	14.6433
BHKK	16	33	18.4967
BHKK	16	31	16.5733
BHKK	16	31	16.56
BHKK	16	31	16.5633
BHKK	16	29	14.64
BHKK	16	33	18.48
BHKK	16	33	18.4867
BHKK	16	27	12.71
BHKK	16	29	14.6367
BHKK	16	29	14.64
BHKK	16	31	16.57
BHKK	16	31	16.5667
BHKK	16	31	16.5633
BHKK	16	31	16.57
BHKK	16	33	18.5
BHKK	16	31	16.57
BHKK	16	31	16.57
BHKK	16	33	18.49
BHKK	16	35	20.4167
BHKK	16	33	18.4933
BHKK	16	35	20.4167
BHKK	16	35	20.4033
BHKK	16	29	14.6433
BHKK	16	29	14.64
BHKK	16	31	16.5667
BHKK	16	31	16.5767
BHKK	16	33	18.4933
BHKK	16	31	16.5633
BHKK	16	29	14.64
BHKK	16	31	16.5733
BHKK	16	35	20.4167
BHKK	16	33	18.49
BHKK	16	33	18.4933
BHKK	16	31	16.5633
BHKK	16	31	16.57
BHKK	16	33	18.4867
BHKK	16	31	16.5567
BHKK	16	31	16.57
BHKK	16	29	14.6433
BHKK	16	25	10.7733
BHKK	16	29	14.6467
BHKK	16	31	16.5633
BHKK	16	35	20.42
BHKK	16	31	16.5667
BHKK	16	29	14.6333
BHKK	16	27	12.71
BHKK	16	31	16.5667
BHKK	16	31	16.5667
BHKK	16	31	16.57
BHKK	16	35	20.42
BHKK	16	29	14.6367
BHKK	16	35	20.4133
BHKK	16	31	16.5567
BHKK	16	29	14.6467
BHKK	16	31	16.57
BHKK	16	35	20.4133
BHKK	16	25	10.7767
BHKK	16	33	18.4967
BHKK	16	31	16.57
BHKK	16	31	16.5733
BHKK	16	33	18.4967
BHKK	16	29	14.6367
BHKK	16	33	18.4833
BHKK	16	33	18.4967
BHKK	18	33	85.98
BHKK	18	33	85.72
BHKK	18	37	105.583
BHKK	18	35	95.8
BHKK	18	39	115.573
BHKK	18	33	85.5633
BHKK	18	29	65.6833
BHKK	18	37	105.697
BHKK	18	35	95.7467
BHKK	18	33	85.7533
BHKK	18	35	96.4767
BHKK	18	33	85.77
BHKK	18	41	125.643
BHKK	18	29	65.8933
BHKK	18	37	105.63
BHKK	18	35	96.4633
BHKK	18	41	126.417
BHKK	18	35	95.9533
BHKK	18	31	76.8333
BHKK	18	41	126.57
BHKK	18	39	116.92
BHKK	18	37	105.713
BHKK	18	37	105.48
BHKK	18	37	105.613
BHKK	18	41	125.44
BHKK	18	37	105.45
BHKK	18	37	105.493
BHKK	18	37	105.717
BHKK	18	35	95.5733
BHKK	18	35	95.5267
BHKK	18	41	125.377
BHKK	18	37	105.507
BHKK	18	39	115.663
BHKK	18	39	115.63
BHKK	18	41	125.667
BHKK	18	35	96.0633
BHKK	18	35	95.7967
BHKK	18	33	86.69
BHKK	18	33	85.6767
BHKK	18	39	115.427
BHKK	18	35	95.5233
BHKK	18	37	106.543
BHKK	18	33	85.7933
BHKK	18	37	107.65
BHKK	18	33	87.0433
BHKK	18	39	116.697
BHKK	18	37	105.503
BHKK	18	37	105.673
BHKK	18	37	105.707
BHKK	18	35	96.2967
BHKK	18	37	106.083
BHKK	18	37	105.73
BHKK	18	39	115.753
BHKK	18	33	85.7
BHKK	18	39	116.053
BHKK	18	37	105.75
BHKK	18	31	75.76
BHKK	18	33	85.8433
BHKK	18	35	95.6367
BHKK	18	39	115.46
BHKK	18	37	105.477
BHKK	18	39	116.703
BHKK	18	33	88.3333
BHKK	18	35	97.6733
BHKK	18	39	116.353
BHKK	18	31	75.63
BHKK	18	37	106.753
BHKK	18	35	95.5467
BHKK	18	35	95.5533
BHKK	18	37	107.593
BHKK	18	33	86.4767
BHKK	18	37	105.62
BHKK	18	35	95.7
BHKK	18	35	95.6567
BHKK	18	35	98.15
BHKK	18	37	105.657
BHKK	18	35	95.5667
BHKK	18	37	106.65
BHKK	18	27	55.6533
BHKK	18	33	85.72
BHKK	18	37	106.71
BHKK	18	33	85.82
BHKK	18	37	105.577
BHKK	18	35	95.96
BHKK	18	33	85.6133
BHKK	18	37	107.003
BHKK	18	39	115.6
BHKK	18	33	85.6267
BHKK	18	35	95.5667
BHKK	18	45	180
BHKK	18	39	115.453
BHKK	18	39	115.997
BHKK	18	35	96.0033
BHKK	18	37	106.21
BHKK	18	33	85.79
BHKK	18	39	116.017
BHKK	18	37	105.717
BHKK	18	37	105.903
BHKK	18	35	96.9567
BHKK	18	35	96.2033
BHKK	20	39	180
BHKK	20	41	180
BHKK	20	47	180
BHKK	20	41	180
BHKK	20	41	180
BHKK	20	39	180
BHKK	20	37	180
BHKK	20	37	180
BHKK	20	39	180
BHKK	20	41	180
BHKK	20	39	180
BHKK	20	37	180
BHKK	20	43	180
BHKK	20	45	180
BHKK	20	37	180
BHKK	20	37	180
BHKK	20	39	180
BHKK	20	41	180
BHKK	20	43	180
BHKK	20	41	180
BHKK	20	41	180
BHKK	20	37	180
BHKK	20	37	180
BHKK	20	41	180
BHKK	20	41	180
BHKK	20	39	180
BHKK	20	39	180
BHKK	20	45	180
BHKK	20	41	180
BHKK	20	45	180
BHKK	20	41	180
BHKK	20	43	180
BHKK	20	43	180
BHKK	20	43	180
BHKK	20	37	180
BHKK	20	35	180
BHKK	20	37	180
BHKK	20	41	180
BHKK	20	41	180
BHKK	20	41	180
BHKK	20	37	180
BHKK	20	41	180
BHKK	20	43	180
BHKK	20	43	180
BHKK	20	43	180
BHKK	20	45	180
BHKK	20	43	180
BHKK	20	43	180
BHKK	20	43	180
BHKK	20	37	180
BHKK	20	37	180
BHKK	20	43	180
BHKK	20	43	180
BHKK	20	43	180
BHKK	20	37	180
BHKK	20	43	180
BHKK	20	37	180
BHKK	20	37	180
BHKK	20	41	180
BHKK	20	43	180
BHKK	20	43	180
BHKK	20	39	180
BHKK	20	43	180
BHKK	20	41	180
BHKK	20	39	180
BHKK	20	39	180
BHKK	20	39	180
BHKK	20	37	180
BHKK	20	45	180
BHKK	20	37	180
BHKK	20	43	180
BHKK	20	41	180
BHKK	20	39	180
BHKK	20	39	180
BHKK	20	41	180
BHKK	20	41	180
BHKK	20	41	180
BHKK	20	39	180
BHKK	20	45	180
BHKK	20	37	180
BHKK	20	41	180
BHKK	20	39	180
BHKK	20	41	180
BHKK	20	35	180
BHKK	20	41	180
BHKK	20	41	180
BHKK	20	35	180
BHKK	20	39	180
BHKK	20	41	180
BHKK	20	43	180
BHKK	20	41	180
BHKK	20	39	180
BHKK	20	39	180
BHKK	20	35	180
BHKK	20	41	180
BHKK	20	41	180
BHKK	20	41	180
BHKK	20	37	180
BHKK	20	41	180
BHKK	20	41	180
BHKK	22	41	180
BHKK	22	43	180
BHKK	22	41	180
BHKK	22	43	180
BHKK	22	43	180
BHKK	22	45	180
BHKK	22	45	180
BHKK	22	43	180
BHKK	22	47	180
BHKK	22	45	180
BHKK	22	49	180
BHKK	22	43	180
BHKK	22	39	180
BHKK	22	49	180
BHKK	22	47	180
BHKK	22	49	180
BHKK	22	43	180
BHKK	22	47	180
BHKK	22	47	180
BHKK	22	43	180
BHKK	22	43	180
BHKK	22	47	180
BHKK	22	45	180
BHKK	22	47	180
BHKK	22	47	180
BHKK	22	49	180
BHKK	22	43	180
BHKK	22	51	180
BHKK	22	43	180
BHKK	22	39	180
BHKK	22	43	180
BHKK	22	49	180
BHKK	22	45	180
BHKK	22	45	180
BHKK	22	45	180
BHKK	22	47	180
BHKK	22	39	180
BHKK	22	43	180
BHKK	22	47	180
BHKK	22	47	180
BHKK	22	49	180
BHKK	22	45	180
BHKK	22	49	180
BHKK	22	45	180
BHKK	22	45	180
BHKK	22	43	180
BHKK	22	45	180
BHKK	22	47	180
BHKK	22	45	180
BHKK	22	47	180
BHKK	22	51	180
BHKK	22	49	180
BHKK	22	45	180
BHKK	22	49	180
BHKK	22	45	180
BHKK	22	43	180
BHKK	22	43	180
BHKK	22	47	180
BHKK	22	43	180
BHKK	22	49	180
BHKK	22	45	180
BHKK	22	43	180
BHKK	22	45	180
BHKK	22	47	180
BHKK	22	49	180
BHKK	22	47	180
BHKK	22	47	180
BHKK	22	43	180
BHKK	22	47	180
BHKK	22	49	180
BHKK	22	43	180
BHKK	22	45	180
BHKK	22	47	180
BHKK	22	45	180
BHKK	22	43	180
BHKK	22	45	180
BHKK	22	49	180
BHKK	22	47	180
BHKK	22	47	180
BHKK	22	43	180
BHKK	22	45	180
BHKK	22	43	180
BHKK	22	45	180
BHKK	22	43	180
BHKK	22	37	180
BHKK	22	47	180
BHKK	22	45	180
BHKK	22	45	180
BHKK	22	47	180
BHKK	22	49	180
BHKK	22	47	180
BHKK	22	41	180
BHKK	22	47	180
BHKK	22	45	180
BHKK	22	49	180
BHKK	22	39	180
BHKK	22	51	180
BHKK	22	45	180
BHKK	22	47	180
BHKK	22	41	180
BHKK	24	49	180
BHKK	24	55	180
BHKK	24	47	180
BHKK	24	49	180
BHKK	24	49	180
BHKK	24	55	180
BHKK	24	49	180
BHKK	24	49	180
BHKK	24	51	180
BHKK	24	53	180
BHKK	24	57	180
BHKK	24	43	180
BHKK	24	47	180
BHKK	24	51	180
BHKK	24	51	180
BHKK	24	47	180
BHKK	24	49	180
BHKK	24	51	180
BHKK	24	47	180
BHKK	24	53	180
BHKK	24	51	180
BHKK	24	51	180
BHKK	24	47	180
BHKK	24	49	180
BHKK	24	47	180
BHKK	24	55	180
BHKK	24	53	180
BHKK	24	45	180
BHKK	24	49	180
BHKK	24	47	180
BHKK	24	49	180
BHKK	24	47	180
BHKK	24	51	180
BHKK	24	47	180
BHKK	24	51	180
BHKK	24	51	180
BHKK	24	51	180
BHKK	24	49	180
BHKK	24	51	180
BHKK	24	53	180
BHKK	24	51	180
BHKK	24	49	180
BHKK	24	51	180
BHKK	24	55	180
BHKK	24	47	180
BHKK	24	53	180
BHKK	24	49	180
BHKK	24	51	180
BHKK	24	47	180
BHKK	24	53	180
BHKK	24	47	180
BHKK	24	51	180
BHKK	24	51	180
BHKK	24	57	180
BHKK	24	53	180
BHKK	24	53	180
BHKK	24	51	180
BHKK	24	51	180
BHKK	24	47	180
BHKK	24	51	180
BHKK	24	55	180
BHKK	24	51	180
BHKK	24	55	180
BHKK	24	45	180
BHKK	24	51	180
BHKK	24	49	180
BHKK	24	53	180
BHKK	24	45	180
BHKK	24	49	180
BHKK	24	53	180
BHKK	24	53	180
BHKK	24	51	180
BHKK	24	47	180
BHKK	24	55	180
BHKK	24	51	180
BHKK	24	51	180
BHKK	24	47	180
BHKK	24	49	180
BHKK	24	47	180
BHKK	24	53	180
BHKK	24	49	180
BHKK	24	51	180
BHKK	24	45	180
BHKK	24	49	180
BHKK	24	47	180
BHKK	24	51	180
BHKK	24	51	180
BHKK	24	53	180
BHKK	24	53	180
BHKK	24	51	180
BHKK	24	53	180
BHKK	24	47	180
BHKK	24	47	180
BHKK	24	47	180
BHKK	24	49	180
BHKK	24	53	180
BHKK	24	53	180
BHKK	24	49	180
BHKK	24	51	180
BHKK	24	49	180
HPR	10	17	0
HPR	10	21	0
HPR	10	19	0
HPR	10	15	0
HPR	10	15	0
HPR	10	15	0
HPR	10	17	0
HPR	10	19	0.00333
HPR	10	15	0
HPR	10	19	0
HPR	10	19	0
HPR	10	17	0
HPR	10	17	0
HPR	10	17	0
HPR	10	15	0
HPR	10	21	0
HPR	10	17	0
HPR	10	21	0
HPR	10	17	0
HPR	10	17	0.00333
HPR	10	19	0
HPR	10	19	0
HPR	10	19	0
HPR	10	19	0
HPR	10	15	0.00333
HPR	10	19	0
HPR	10	15	0
HPR	10	19	0
HPR	10	19	0
HPR	10	19	0
HPR	10	19	0.00333
HPR	10	15	0
HPR	10	19	0.00333
HPR	10	17	0
HPR	10	19	0.00333
HPR	10	21	0
HPR	10	17	0
HPR	10	17	0.00333
HPR	10	21	0.00333
HPR	10	21	0
HPR	10	19	0
HPR	10	17	0
HPR	10	15	0
HPR	10	17	0
HPR	10	17	0
HPR	10	19	0.00333
HPR	10	19	0
HPR	10	17	0.00333
HPR	10	15	0
HPR	10	19	0.00333
HPR	10	17	0
HPR	10	19	0.00333
HPR	10	15	0
HPR	10	15	0
HPR	10	21	0
HPR	10	15	0
HPR	10	19	0.00333
HPR	10	15	0
HPR	10	17	0
HPR	10	19	0
HPR	10	19	0
HPR	10	19	0
HPR	10	17	0
HPR	10	17	0
HPR	10	17	0
HPR	10	19	0
HPR	10	19	0
HPR	10	19	0
HPR	10	15	0
HPR	10	21	0
HPR	10	19	0
HPR	10	15	0
HPR	10	19	0.00333
HPR	10	19	0
HPR	10	19	0
HPR	10	17	0
HPR	10	17	0.00333
HPR	10	17	0
HPR	10	19	0
HPR	10	19	0
HPR	10	15	0
HPR	10	15	0
HPR	10	17	0
HPR	10	17	0
HPR	10	17	0
HPR	10	17	0
HPR	10	15	0
HPR	10	19	0.00333
HPR	10	19	0
HPR	10	19	0.00333
HPR	10	17	0
HPR	10	19	0
HPR	10	17	0.00333
HPR	10	17	0
HPR	10	13	0
HPR	10	17	0
HPR	10	19	0
HPR	10	17	0
HPR	10	19	0
HPR	10	19	0
HPR	12	23	0.01
HPR	12	23	0.00667
HPR	12	21	0
HPR	12	23	0.00333
HPR	12	21	0
HPR	12	23	0.00333
HPR	12	25	0.00667
HPR	12	27	0.03
HPR	12	21	0
HPR	12	23	0.00333
HPR	12	21	0.00333
HPR	12	19	0
HPR	12	19	0
HPR	12	23	0.00667
HPR	12	25	0.00667
HPR	12	27	0.01
HPR	12	17	0
HPR	12	25	0.00333
HPR	12	17	0
HPR	12	23	0.00333
HPR	12	23	0.00333
HPR	12	21	0.00333
HPR	12	23	0.00333
HPR	12	21	0
HPR	12	25	0.00333
HPR	12	25	0.0133
HPR	12	25	0.00333
HPR	12	19	0.00333
HPR	12	23	0
HPR	12	21	0
HPR	12	23	0.00333
HPR	12	21	0.00333
HPR	12	23	0.00333
HPR	12	23	0.00333
HPR	12	23	0.00333
HPR	12	23	0.00667
HPR	12	23	0.00333
HPR	12	21	0
HPR	12	21	0
HPR	12	23	0
HPR	12	21	0.00333
HPR	12	21	0.00333
HPR	12	19	0
HPR	12	21	0
HPR	12	23	0
HPR	12	23	0
HPR	12	21	0.00333
HPR	12	23	0.00333
HPR	12	21	0
HPR	12	25	0.00667
HPR	12	23	0.00333
HPR	12	27	0.0133
HPR	12	25	0.00667
HPR	12	25	0.00333
HPR	12	23	0.00333
HPR	12	23	0
HPR	12	21	0
HPR	12	23	0.00333
HPR	12	23	0.00333
HPR	12	25	0
HPR	12	23	0.00333
HPR	12	25	0.00333
HPR	12	21	0
HPR	12	21	0.00333
HPR	12	23	0.00667
HPR	12	21	0.00333
HPR	12	25	0.00333
HPR	12	21	0.00333
HPR	12	23	0.00667
HPR	12	25	0.00333
HPR	12	25	0
HPR	12	21	0.00333
HPR	12	19	0
HPR	12	23	0.00667
HPR	12	25	0.0133
HPR	12	21	0.00333
HPR	12	23	0.00667
HPR	12	23	0.00333
HPR	12	25	0.00667
HPR	12	25	0.01
HPR	12	23	0.00333
HPR	12	19	0
HPR	12	21	0.00333
HPR	12	23	0
HPR	12	25	0
HPR	12	21	0
HPR	12	21	0.00333
HPR	12	21	0
HPR	12	25	0.00333
HPR	12	23	0.00333
HPR	12	27	0.05
HPR	12	23	0.00667
HPR	12	23	0.00333
HPR	12	19	0
HPR	12	21	0
HPR	12	21	0
HPR	12	23	0.00333
HPR	12	21	0.00333
HPR	12	25	0.00667
HPR	12	21	0
HPR	14	29	0.00333
HPR	14	29	0.04
HPR	14	27	0.00333
HPR	14	27	0.0133
HPR	14	25	0.00333
HPR	14	29	0.0167
HPR	14	27	0.00667
HPR	14	29	0.0233
HPR	14	25	0.00667
HPR	14	27	0.0133
HPR	14	27	0.00333
HPR	14	27	0.0167
HPR	14	27	0.00333
HPR	14	29	0.0667
HPR	14	25	0.00667
HPR	14	27	0.00667
HPR	14	29	0.00667
HPR	14	31	0.0333
HPR	14	25	0.00667
HPR	14	27	0.00667
HPR	14	25	0.00333
HPR	14	29	0.01
HPR	14	31	0.04
HPR	14	29	0.00667
HPR	14	29	0.00333
HPR	14	23	0.00333
HPR	14	27	0.02
HPR	14	23	0
HPR	14	29	0.0133
HPR	14	29	0.0133
HPR	14	25	0.00333
HPR	14	21	0
HPR	14	29	0.0133
HPR	14	31	0.04
HPR	14	25	0.00333
HPR	14	25	0.00333
HPR	14	29	0.0133
HPR	14	29	0.0133
HPR	14	25	0
HPR	14	23	0.00333
HPR	14	27	0.0167
HPR	14	29	0.0133
HPR	14	27	0.00667
HPR	14	25	0.00333
HPR	14	25	0.00667
HPR	14	21	0
HPR	14	23	0.00333
HPR	14	25	0.00667
HPR	14	25	0.00667
HPR	14	33	0.01
HPR	14	29	0.01
HPR	14	25	0
HPR	14	29	0.0167
HPR	14	27	0
HPR	14	27	0.0133
HPR	14	23	0.00333
HPR	14	27	0.00667
HPR	14	29	0.0133
HPR	14	25	0.00667
HPR	14	25	0
HPR	14	25	0.00333
HPR	14	27	0.00333
HPR	14	29	0.00667
HPR	14	27	0.00333
HPR	14	27	0.01
HPR	14	29	0.0367
HPR	14	29	0.03
HPR	14	27	0.02
HPR	14	27	0.0133
HPR	14	27	0.01
HPR	14	25	0.01
HPR	14	31	0.0367
HPR	14	25	0.01
HPR	14	29	0.03
HPR	14	29	0.02
HPR	14	25	0.00667
HPR	14	27	0.00667
HPR	14	25	0.00333
HPR	14	31	0.0533
HPR	14	25	0.00333
HPR	14	23	0
HPR	14	27	0.00667
HPR	14	27	0.02
HPR	14	29	0.01
HPR	14	27	0.00333
HPR	14	25	0.0133
HPR	14	25	0.00333
HPR	14	27	0.00667
HPR	14	25	0.00333
HPR	14	31	0.0167
HPR	14	27	0.00667
HPR	14	29	0.01
HPR	14	23	0.00333
HPR	14	25	0
HPR	14	29	0.00333
HPR	14	27	0.02
HPR	14	27	0.00667
HPR	14	23	0
HPR	14	29	0.00667
HPR	14	27	0.00333
HPR	16	35	0.0233
HPR	16	29	0.0133
HPR	16	33	0.0167
HPR	16	33	0.01
HPR	16	31	0.0267
HPR	16	35	0.0533
HPR	16	27	0.00333
HPR	16	33	0.0767
HPR	16	31	0.03
HPR	16	33	0.0467
HPR	16	33	0.03
HPR	16	31	0.00333
HPR	16	31	0.00667
HPR	16	27	0.00667
HPR	16	29	0.00333
HPR	16	31	0.0833
HPR	16	33	0.0533
HPR	16	31	0.00333
HPR	16	29	0.01
HPR	16	31	0.00667
HPR	16	31	0.0533
HPR	16	31	0.01
HPR	16	33	0.02
HPR	16	31	0.00667
HPR	16	29	0.00667
HPR	16	37	0.00667
HPR	16	31	0.00333
HPR	16	33	0.0133
HPR	16	31	0.00333
HPR	16	33	0.09
HPR	16	29	0.00667
HPR	16	33	0.0233
HPR	16	31	0.0267
HPR	16	31	0.02
HPR	16	35	0.1
HPR	16	29	0.0267
HPR	16	33	0.00333
HPR	16	31	0.01
HPR	16	31	0.00667
HPR	16	31	0.01
HPR	16	29	0.00667
HPR	16	33	0.00667
HPR	16	33	0.02
HPR	16	27	0.00333
HPR	16	29	0.00667
HPR	16	29	0.01
HPR	16	31	0.02
HPR	16	31	0.0167
HPR	16	31	0.02
HPR	16	31	0.01
HPR	16	33	0.0467
HPR	16	31	0.0667
HPR	16	31	0.00333
HPR	16	33	0.0333
HPR	16	35	0.103
HPR	16	33	0.01
HPR	16	35	0.00667
HPR	16	35	0.0867
HPR	16	29	0.0133
HPR	16	29	0.01
HPR	16	31	0.04
HPR	16	31	0.117
HPR	16	33	0.0467
HPR	16	31	0.04
HPR	16	29	0.0167
HPR	16	31	0.0167
HPR	16	35	0.0133
HPR	16	33	0.00333
HPR	16	33	0.0233
HPR	16	31	0.03
HPR	16	31	0.0133
HPR	16	33	0.01
HPR	16	31	0.0133
HPR	16	31	0.03
HPR	16	29	0.01
HPR	16	25	0.00333
HPR	16	29	0.0133
HPR	16	31	0.05
HPR	16	35	0.00667
HPR	16	31	0.0233
HPR	16	29	0.00667
HPR	16	27	0.00333
HPR	16	31	0.01
HPR	16	31	0.02
HPR	16	31	0.00667
HPR	16	35	0.0267
HPR	16	29	0.0167
HPR	16	35	0.05
HPR	16	31	0.00667
HPR	16	29	0.0267
HPR	16	31	0.0333
HPR	16	35	0.04
HPR	16	25	0.00667
HPR	16	33	0.02
HPR	16	31	0.0167
HPR	16	31	0.01
HPR	16	33	0.00667
HPR	16	29	0.02
HPR	16	33	0.0133
HPR	16	33	0.0133
HPR	18	33	0.0233
HPR	18	33	0.00667
HPR	18	37	0.05
HPR	18	35	0.0233
HPR	18	39	0.07
HPR	18	33	0.07
HPR	18	29	0.00333
HPR	18	37	0.04
HPR	18	35	0.0767
HPR	18	33	0.00667
HPR	18	35	0.07
HPR	18	33	0.00667
HPR	18	41	0.127
HPR	18	29	0.0133
HPR	18	37	0.0433
HPR	18	35	0.03
HPR	18	41	0.177
HPR	18	35	0.0533
HPR	18	31	0.0133
HPR	18	41	0.14
HPR	18	39	0.407
HPR	18	37	0.0167
HPR	18	37	0.06
HPR	18	37	0.0433
HPR	18	41	0.04
HPR	18	37	0.167
HPR	18	37	0.03
HPR	18	37	0.517
HPR	18	35	0.03
HPR	18	35	0.0967
HPR	18	41	0.553
HPR	18	37	0.02
HPR	18	39	0.243
HPR	18	39	0.233
HPR	18	41	0.64
HPR	18	35	0.0167
HPR	18	35	0.05
HPR	18	33	0.0233
HPR	18	33	0.00667
HPR	18	39	0.237
HPR	18	35	0.0533
HPR	18	37	0.1
HPR	18	33	0.0733
HPR	18	37	0.0433
HPR	18	33	0.01
HPR	18	39	0.163
HPR	18	37	0.0333
HPR	18	37	0.0967
HPR	18	37	0.02
HPR	18	35	0.06
HPR	18	37	0.107
HPR	18	37	0.0367
HPR	18	39	0.243
HPR	18	33	0.01
HPR	18	39	0.08
HPR	18	37	0.17
HPR	18	31	0.02
HPR	18	33	0.00667
HPR	18	35	0.0167
HPR	18	39	0.183
HPR	18	37	0.06
HPR	18	39	0.0967
HPR	18	33	0.03
HPR	18	35	0.0667
HPR	18	39	0.00667
HPR	18	31	0.0167
HPR	18	37	0.103
HPR	18	35	0.00667
HPR	18	35	0.0367
HPR	18	37	0.0267
HPR	18	33	0.0233
HPR	18	37	0.0167
HPR	18	35	0.0333
HPR	18	35	0.0333
HPR	18	35	0.0267
HPR	18	37	0.0233
HPR	18	35	0.04
HPR	18	37	0.263
HPR	18	27	0.00333
HPR	18	33	0.0333
HPR	18	37	0.0167
HPR	18	33	0.0367
HPR	18	37	0.06
HPR	18	35	0.113
HPR	18	33	0.0567
HPR	18	37	0.0533
HPR	18	39	0.0133
HPR	18	33	0.0167
HPR	18	35	0.03
HPR	18	45	0.227
HPR	18	39	0.397
HPR	18	39	0.0333
HPR	18	35	0.0167
HPR	18	37	0.203
HPR	18	33	0.0333
HPR	18	39	0.163
HPR	18	37	0.0333
HPR	18	37	0.0567
HPR	18	35	0.0133
HPR	18	35	0.02
HPR	20	39	0.1
HPR	20	41	0.32
HPR	20	47	2.23
HPR	20	41	0.137
HPR	20	41	0.06
HPR	20	39	0.0367
HPR	20	37	0.107
HPR	20	37	0.0967
HPR	20	39	0.17
HPR	20	41	0.0367
HPR	20	39	0.123
HPR	20	37	0.0467
HPR	20	43	0.0633
HPR	20	45	0.0767
HPR	20	37	0.0167
HPR	20	37	0.0867
HPR	20	39	0.03
HPR	20	41	0.0667
HPR	20	43	0.377
HPR	20	41	0.0767
HPR	20	41	0.0333
HPR	20	37	0.0133
HPR	20	37	0.113
HPR	20	41	0.127
HPR	20	41	0.123
HPR	20	39	0.117
HPR	20	39	0.03
HPR	20	45	0.9
HPR	20	41	0.167
HPR	20	45	0.177
HPR	20	41	0.297
HPR	20	43	0.733
HPR	20	43	0.14
HPR	20	43	0.18
HPR	20	37	0.0367
HPR	20	35	0.0167
HPR	20	37	0.0567
HPR	20	41	0.147
HPR	20	41	0.577
HPR	20	41	0.153
HPR	20	37	0.0133
HPR	20	41	0.0533
HPR	20	43	0.103
HPR	20	43	0.143
HPR	20	43	0.08
HPR	20	45	0.107
HPR	20	43	0.06
HPR	20	43	1.57
HPR	20	43	1.83
HPR	20	37	0.02
HPR	20	37	0.02
HPR	20	43	0.543
HPR	20	43	0.0733
HPR	20	43	0.0667
HPR	20	37	0.0167
HPR	20	43	0.143
HPR	20	37	0.0333
HPR	20	37	0.0733
HPR	20	41	0.39
HPR	20	43	1.76
HPR	20	43	0.0467
HPR	20	39	0.00667
HPR	20	43	0.42
HPR	20	41	0.103
HPR	20	39	0.117
HPR	20	39	0.0633
HPR	20	39	0.113
HPR	20	37	0.0233
HPR	20	45	0.0733
HPR	20	37	0.137
HPR	20	43	0.277
HPR	20	41	0.07
HPR	20	39	0.0367
HPR	20	39	0.09
HPR	20	41	0.15
HPR	20	41	0.0967
HPR	20	41	0.473
HPR	20	39	0.18
HPR	20	45	0.147
HPR	20	37	0.02
HPR	20	41	0.203
HPR	20	39	0.113
HPR	20	41	0.0867
HPR	20	35	0.0233
HPR	20	41	0.05
HPR	20	41	0.04
HPR	20	35	0.0133
HPR	20	39	0.06
HPR	20	41	0.143
HPR	20	43	0.06
HPR	20	41	0.253
HPR	20	39	0.06
HPR	20	39	0.0833
HPR	20	35	0.02
HPR	20	41	0.557
HPR	20	41	0.263
HPR	20	41	0.197
HPR	20	37	0.0833
HPR	20	41	0.54
HPR	20	41	0.2
HPR	22	41	0.22
HPR	22	43	1.99
HPR	22	41	0.0733
HPR	22	43	0.133
HPR	22	43	0.153
HPR	22	45	0.1
HPR	22	45	0.237
HPR	22	43	0.17
HPR	22	47	0.0533
HPR	22	45	1.7
HPR	22	49	0.787
HPR	22	43	0.1
HPR	22	39	0.0533
HPR	22	49	0.08
HPR	22	47	0.69
HPR	22	49	0.403
HPR	22	43	0.0167
HPR	22	47	0.42
HPR	22	47	0.827
HPR	22	43	0.247
HPR	22	43	0.03
HPR	22	47	0.66
HPR	22	45	0.223
HPR	22	47	1.3
HPR	22	47	0.237
HPR	22	49	0.33
HPR	22	43	0.107
HPR	22	51	2.45
HPR	22	43	0.37
HPR	22	39	0.0967
HPR	22	43	0.24
HPR	22	49	0.563
HPR	22	45	0.32
HPR	22	45	0.433
HPR	22	45	0.157
HPR	22	47	0.0633
HPR	22	39	0.04
HPR	22	43	0.08
HPR	22	47	1.28
HPR	22	47	1.05
HPR	22	49	0.333
HPR	22	45	0.48
HPR	22	49	4.6
HPR	22	45	0.04
HPR	22	45	0.223
HPR	22	43	1.4
HPR	22	45	0.0667
HPR	22	47	0.95
HPR	22	45	0.387
HPR	22	47	1.27
HPR	22	51	2.05
HPR	22	49	0.507
HPR	22	45	0.457
HPR	22	49	6.14
HPR	22	45	0.703
HPR	22	43	0.24
HPR	22	43	0.0267
HPR	22	47	0.08
HPR	22	43	0.14
HPR	22	49	0.0433
HPR	22	45	0.21
HPR	22	43	0.0833
HPR	22	45	0.0933
HPR	22	47	0.147
HPR	22	49	1.09
HPR	22	47	0.833
HPR	22	47	0.123
HPR	22	43	0.0167
HPR	22	47	0.72
HPR	22	49	0.61
HPR	22	43	0.0467
HPR	22	45	0.51
HPR	22	47	0.293
HPR	22	45	0.0333
HPR	22	43	0.443
HPR	22	45	0.31
HPR	22	49	0.49
HPR	22	47	0.73
HPR	22	47	0.0667
HPR	22	43	0.153
HPR	22	45	0.04
HPR	22	43	0.0567
HPR	22	45	0.0833
HPR	22	43	0.04
HPR	22	37	0.0167
HPR	22	47	0.42
HPR	22	45	0.127
HPR	22	45	0.78
HPR	22	47	0.143
HPR	22	49	0.35
HPR	22	47	1.15
HPR	22	41	0.06
HPR	22	47	0.943
HPR	22	45	0.0967
HPR	22	49	0.22
HPR	22	39	0.27
HPR	22	51	0.547
HPR	22	45	0.13
HPR	22	47	0.617
HPR	22	41	0.13
HPR	24	49	0.287
HPR	24	55	8.62
HPR	24	47	0.2
HPR	24	49	0.0567
HPR	24	49	0.14
HPR	24	55	0.35
HPR	24	49	0.147
HPR	24	49	0.503
HPR	24	51	0.04
HPR	24	53	0.467
HPR	24	57	41.4
HPR	24	43	0.0433
HPR	24	47	0.307
HPR	24	51	0.417
HPR	24	51	0.257
HPR	24	47	0.467
HPR	24	49	0.33
HPR	24	51	7.74
HPR	24	47	0.673
HPR	24	53	0.187
HPR	24	51	1.41
HPR	24	51	0.513
HPR	24	47	0.0533
HPR	24	49	0.587
HPR	24	47	0.04
HPR	24	55	0.457
HPR	24	53	0.0767
HPR	24	45	0.0367
HPR	24	49	0.0333
HPR	24	47	0.253
HPR	24	49	0.497
HPR	24	47	0.787
HPR	24	51	0.15
HPR	24	47	0.24
HPR	24	51	0.99
HPR	24	51	1.26
HPR	24	51	3.67
HPR	24	49	0.36
HPR	24	51	0.587
HPR	24	53	1.72
HPR	24	51	0.153
HPR	24	49	0.52
HPR	24	51	1.62
HPR	24	55	0.897
HPR	24	47	0.29
HPR	24	53	0.753
HPR	24	49	0.383
HPR	24	51	0.0967
HPR	24	47	0.383
HPR	24	53	1.02
HPR	24	47	0.09
HPR	24	51	10.7
HPR	24	51	0.227
HPR	24	57	0.8
HPR	24	53	2.03
HPR	24	53	2.85
HPR	24	51	0.09
HPR	24	51	0.36
HPR	24	47	2.75
HPR	24	51	0.417
HPR	24	55	1.03
HPR	24	51	0.563
HPR	24	55	1.98
HPR	24	45	0.227
HPR	24	51	0.7
HPR	24	49	0.88
HPR	24	53	0.737
HPR	24	45	0.237
HPR	24	49	0.22
HPR	24	53	0.253
HPR	24	53	1.19
HPR	24	51	6.14
HPR	24	47	0.73
HPR	24	55	2.04
HPR	24	51	0.09
HPR	24	51	0.737
HPR	24	47	0.0833
HPR	24	49	0.697
HPR	24	47	0.103
HPR	24	53	0.817
HPR	24	49	0.217
HPR	24	51	3.31
HPR	24	45	0.25
HPR	24	49	0.717
HPR	24	47	0.22
HPR	24	51	1.41
HPR	24	51	0.457
HPR	24	53	0.893
HPR	24	53	1.9
HPR	24	51	0.97
HPR	24	53	3.36
HPR	24	47	0.15
HPR	24	47	0.18
HPR	24	47	0.35
HPR	24	49	0.593
HPR	24	53	10.1
HPR	24	53	0.907
HPR	24	49	0.107
HPR	24	51	2.88
HPR	24	49	1.55
HPR	26	57	14.2
HPR	26	53	0.667
HPR	26	55	0.273
HPR	26	51	1.16
HPR	26	55	0.133
HPR	26	61	2.29
HPR	26	57	0.24
HPR	26	53	0.0867
HPR	26	55	1.56
HPR	26	57	0.907
HPR	26	51	0.263
HPR	26	57	21
HPR	26	53	0.423
HPR	26	51	0.0867
HPR	26	55	0.127
HPR	26	55	0.513
HPR	26	53	0.517
HPR	26	57	0.663
HPR	26	55	0.623
HPR	26	59	0.23
HPR	26	59	9.37
HPR	26	49	0.643
HPR	26	55	0.257
HPR	26	55	2.05
HPR	26	59	12.4
HPR	26	55	3.08
HPR	26	55	0.987
HPR	26	53	1.86
HPR	26	55	0.0833
HPR	26	61	1.48
HPR	26	49	0.177
HPR	26	61	13.3
HPR	26	55	1.54
HPR	26	51	0.483
HPR	26	55	0.843
HPR	26	55	0.347
HPR	26	51	0.06
HPR	26	57	1.44
HPR	26	57	3.41
HPR	26	53	0.377
HPR	26	57	25.8
HPR	26	57	1.14
HPR	26	49	0.567
HPR	26	57	27.5
HPR	26	55	0.203
HPR	26	55	0.3
HPR	26	55	2.71
HPR	26	59	1.48
HPR	26	49	0.0767
HPR	26	53	1.47
HPR	26	51	3.73
HPR	26	55	0.537
HPR	26	55	5.57
HPR	26	49	4.51
HPR	26	55	0.23
HPR	26	61	8.97
HPR	26	53	8.44
HPR	26	53	5.54
HPR	26	59	2.74
HPR	26	59	0.193
HPR	26	59	2.59
HPR	26	57	0.747
HPR	26	57	1.98
HPR	26	53	0.317
HPR	26	51	1.21
HPR	26	55	2.11
HPR	26	59	9.45
HPR	26	55	1.09
HPR	26	57	0.383
HPR	26	51	0.823
HPR	26	57	0.12
HPR	26	59	2.86
HPR	26	53	0.2
HPR	26	45	0.0133
HPR	26	55	1.2
HPR	26	55	1.49
HPR	26	57	0.583
HPR	26	55	0.457
HPR	26	51	0.323
HPR	26	53	3.36
HPR	26	55	9.1
HPR	26	55	0.783
HPR	26	53	0.953
HPR	26	59	0.31
HPR	26	55	5.8
HPR	26	53	0.777
HPR	26	51	0.16
HPR	26	53	0.33
HPR	26	53	0.433
HPR	26	59	0.93
HPR	26	59	0.367
HPR	26	55	2.59
HPR	26	55	1.61
HPR	26	55	8.2
HPR	26	59	3.79
HPR	26	55	1.16
HPR	26	59	7.1
HPR	26	49	0.23
HPR	26	49	0.243
HPR	26	59	0.523
HPR	28	61	4.59
HPR	28	59	1.82
HPR	28	59	2.62
HPR	28	55	0.577
HPR	28	61	27.6
HPR	28	61	6.14
HPR	28	57	0.277
HPR	28	55	1.14
HPR	28	57	0.58
HPR	28	63	3.31
HPR	28	61	63
HPR	28	61	151
HPR	28	57	0.283
HPR	28	53	0.263
HPR	28	63	4.5
HPR	28	59	2.63
HPR	28	61	6.31
HPR	28	59	7.15
HPR	28	65	8.41
HPR	28	59	0.803
HPR	28	61	0.23
HPR	28	69	5.83
HPR	28	55	20.4
HPR	28	59	0.187
HPR	28	63	8.3
HPR	28	61	6.09
HPR	28	55	1.16
HPR	28	57	4.63
HPR	28	61	18.8
HPR	28	59	2.07
HPR	28	51	1.81
HPR	28	55	0.53
HPR	28	57	0.38
HPR	28	63	8.79
HPR	28	61	37.5
HPR	28	63	2.71
HPR	28	59	0.57
HPR	28	57	2.8
HPR	28	51	0.583
HPR	28	65	0.41
HPR	28	57	0.127
HPR	28	55	2.59
HPR	28	65	2.89
HPR	28	55	1.67
HPR	28	59	2.65
HPR	28	57	1.11
HPR	28	55	0.64
HPR	28	61	2.39
HPR	28	61	2.46
HPR	28	57	41.6
HPR	28	57	0.633
HPR	28	57	1.68
HPR	28	59	73.8
HPR	28	55	0.387
HPR	28	53	0.547
HPR	28	61	0.94
HPR	28	59	3.39
HPR	28	67	10
HPR	28	65	97.9
HPR	28	59	1.35
HPR	28	59	0.147
HPR	28	57	8.73
HPR	28	57	2.36
HPR	28	57	13.9
HPR	28	59	1.24
HPR	28	59	2.45
HPR	28	61	29.9
HPR	28	59	0.73
HPR	28	55	0.353
HPR	28	53	0.737
HPR	28	57	0.617
HPR	28	55	0.37
HPR	28	59	1.61
HPR	28	59	5.35
HPR	28	57	0.23
HPR	28	57	0.133
HPR	28	63	1.2
HPR	28	61	16.1
HPR	28	55	0.103
HPR	28	59	5.23
HPR	28	63	180
HPR	28	55	0.167
HPR	28	59	9.02
HPR	28	59	0.05
HPR	28	57	2.02
HPR	28	59	0.2
HPR	28	63	4.06
HPR	28	53	0.0767
HPR	28	55	1.73
HPR	28	65	2.35
HPR	28	59	0.383
HPR	28	57	0.673
HPR	28	59	59.5
HPR	28	63	6.66
HPR	28	63	20
HPR	28	57	2.92
HPR	28	57	1.31
HPR	28	59	3.66
HPR	28	59	1.4
HPR	28	59	0.693
HPR	30	63	0.363
HPR	30	65	0.463
HPR	30	59	0.153
HPR	30	61	1.94
HPR	30	71	9.76
HPR	30	59	0.207
HPR	30	59	7.5
HPR	30	67	14.3
HPR	30	57	2.03
HPR	30	57	0.697
HPR	30	63	5.5
HPR	30	69	15.7
HPR	30	59	0.127
HPR	30	65	2.6
HPR	30	65	0.46
HPR	30	61	0.403
HPR	30	63	30.9
HPR	30	63	12.1
HPR	30	63	1.67
HPR	30	71	0.517
HPR	30	63	0.977
HPR	30	65	0.343
HPR	30	61	1.45
HPR	30	69	105
HPR	30	67	4.95
HPR	30	63	2.05
HPR	30	61	2.21
HPR	30	67	0.317
HPR	30	65	4.26
HPR	30	67	65.6
HPR	30	67	20
HPR	30	67	9.46
HPR	30	65	2.07
HPR	30	63	14.3
HPR	30	61	0.343
HPR	30	61	1.18
HPR	30	65	0.587
HPR	30	65	6
HPR	30	61	8.66
HPR	30	65	60.4
HPR	30	65	2.91
HPR	30	57	0.58
HPR	30	59	1.29
HPR	30	61	2.38
HPR	30	63	0.693
HPR	30	67	1
HPR	30	59	0.747
HPR	30	67	1.9
HPR	30	65	1.04
HPR	30	69	41.4
HPR	30	63	4.48
HPR	30	59	0.637
HPR	30	61	5.61
HPR	30	65	3.41
HPR	30	59	0.713
HPR	30	67	4.08
HPR	30	59	0.22
HPR	30	63	0.207
HPR	30	61	2.69
HPR	30	61	5.14
HPR	30	67	5.31
HPR	30	63	2.06
HPR	30	67	0.813
HPR	30	59	9.66
HPR	30	59	0.263
HPR	30	65	1.43
HPR	30	63	1.25
HPR	30	57	3.81
HPR	30	59	1.94
HPR	30	63	23.3
HPR	30	65	3.98
HPR	30	65	1.34
HPR	30	67	0.853
HPR	30	65	1.47
HPR	30	73	2.75
HPR	30	65	1.4
HPR	30	71	180
HPR	30	63	5.51
HPR	30	65	2.63
HPR	30	63	180
HPR	30	63	1.21
HPR	30	61	15.5
HPR	30	69	0.573
HPR	30	63	1.2
HPR	30	61	0.797
HPR	30	61	0.727
HPR	30	63	0.18
HPR	30	63	2.68
HPR	30	63	1.88
HPR	30	59	0.263
HPR	30	63	28.7
HPR	30	61	15.7
HPR	30	63	0.19
HPR	30	61	0.3
HPR	30	67	0.533
HPR	30	63	25.9
HPR	30	61	171
HPR	30	63	1.47
HPR	30	65	1.25
HPR	30	65	4.13
HPR	32	73	0.827
HPR	32	61	0.267
HPR	32	73	6.36
HPR	32	71	4.24
HPR	32	65	180
HPR	32	71	11.5
HPR	32	69	1.17
HPR	32	73	180
HPR	32	69	7.01
HPR	32	67	2.47
HPR	32	65	4.41
HPR	32	65	0.707
HPR	32	63	0.343
HPR	32	67	0.53
HPR	32	71	5.52
HPR	32	59	3.27
HPR	32	71	3.4
HPR	32	63	0.48
HPR	32	67	6.04
HPR	32	69	9.37
HPR	32	65	3.13
HPR	32	73	1.01
HPR	32	65	1.86
HPR	32	65	3.97
HPR	32	65	8.2
HPR	32	63	0.523
HPR	32	71	1.95
HPR	32	67	19.2
HPR	32	67	0.14
HPR	32	69	0.163
HPR	32	67	0.143
HPR	32	69	2.81
HPR	32	71	9.57
HPR	32	65	0.89
HPR	32	67	1.95
HPR	32	69	43.4
HPR	32	71	12
HPR	32	71	180
HPR	32	67	0.83
HPR	32	73	46.1
HPR	32	71	18.5
HPR	32	63	0.44
HPR	32	69	14.9
HPR	32	69	2.38
HPR	32	71	2.9
HPR	32	67	0.667
HPR	32	73	180
HPR	32	65	0.807
HPR	32	67	0.797
HPR	32	69	4.08
HPR	32	69	1.52
HPR	32	69	7.36
HPR	32	67	0.217
HPR	32	69	2.58
HPR	32	67	139
HPR	32	69	6.06
HPR	32	71	12.2
HPR	32	67	0.497
HPR	32	73	132
HPR	32	71	22.1
HPR	32	61	7.85
HPR	32	73	180
HPR	32	69	1.48
HPR	32	63	0.77
HPR	32	67	39.3
HPR	32	65	1.63
HPR	32	67	11.8
HPR	32	63	1.92
HPR	32	67	26.6
HPR	32	73	3.94
HPR	32	63	3.07
HPR	32	67	180
HPR	32	67	6.91
HPR	32	73	16.8
HPR	32	71	32.2
HPR	32	75	7.58
HPR	32	69	17
HPR	32	73	9.88
HPR	32	69	2.89
HPR	32	71	4.56
HPR	32	67	6.07
HPR	32	65	30.3
HPR	32	69	0.77
HPR	32	65	1.97
HPR	32	71	180
HPR	32	67	0.943
HPR	32	75	180
HPR	32	73	42.5
HPR	32	67	4.04
HPR	32	67	20.1
HPR	32	73	49.7
HPR	32	71	2.03
HPR	32	67	6.36
HPR	32	65	3.35
HPR	32	69	92.7
HPR	32	71	6.58
HPR	32	69	7.97
HPR	32	67	5.59
HPR	32	69	7.23
HPR	32	67	10.3
HPR	34	79	12.4
HPR	34	69	3.06
HPR	34	69	6.34
HPR	34	69	5.84
HPR	34	71	31.4
HPR	34	71	6.13
HPR	34	71	17.3
HPR	34	73	180
HPR	34	75	19
HPR	34	73	47.2
HPR	34	71	1.75
HPR	34	77	6.46
HPR	34	75	180
HPR	34	71	33.1
HPR	34	71	6.37
HPR	34	71	2.96
HPR	34	79	68.1
HPR	34	73	113
HPR	34	75	4.6
HPR	34	69	24.9
HPR	34	77	2.01
HPR	34	69	19.1
HPR	34	71	29.2
HPR	34	75	1.48
HPR	34	79	180
HPR	34	79	180
HPR	34	79	71.5
HPR	34	69	15
HPR	34	73	28.7
HPR	34	69	180
HPR	34	73	180
HPR	34	71	9.8
HPR	34	73	1.93
HPR	34	75	180
HPR	34	67	7.98
HPR	34	73	3.8
HPR	34	65	0.337
HPR	34	79	17.4
HPR	34	71	0.927
HPR	34	73	4.38
HPR	34	71	8.84
HPR	34	69	17.7
HPR	34	71	56.2
HPR	34	67	2.36
HPR	34	73	180
HPR	34	67	53.4
HPR	34	75	4.34
HPR	34	79	180
HPR	34	77	8.32
HPR	34	71	2.28
HPR	34	73	180
HPR	34	75	21.7
HPR	34	75	145
HPR	34	75	8.5
HPR	34	65	8.02
HPR	34	79	180
HPR	34	79	0.607
HPR	34	73	1.54
HPR	34	71	8.36
HPR	34	65	1.16
HPR	34	79	180
HPR	34	67	34.9
HPR	34	73	6.24
HPR	34	75	180
HPR	34	71	68.9
HPR	34	73	180
HPR	34	73	28.4
HPR	34	73	7.19
HPR	34	71	2.86
HPR	34	79	180
HPR	34	67	2.99
HPR	34	73	6.05
HPR	34	75	0.827
HPR	34	65	3.1
HPR	34	67	54.4
HPR	34	77	1.23
HPR	34	77	7.42
HPR	34	73	7.1
HPR	34	67	1.07
HPR	34	71	82.1
HPR	34	69	8.28
HPR	34	75	78.3
HPR	34	71	2.13
HPR	34	71	2.37
HPR	34	75	19.9
HPR	34	65	0.603
HPR	34	69	1.35
HPR	34	71	0.99
HPR	34	79	7.81
HPR	34	71	3.91
HPR	34	73	3.55
HPR	34	75	8.23
HPR	34	71	180
HPR	34	73	2.6
HPR	34	73	1.66
HPR	34	71	12.4
HPR	34	79	180
HPR	34	73	112
HPR	34	69	2.38
HPR	34	71	11.4
HPR	36	71	6.11
HPR	36	79	89
HPR	36	77	180
HPR	36	73	3.74
HPR	36	69	3.92
HPR	36	81	180
HPR	36	77	180
HPR	36	77	14.9
HPR	36	79	180
HPR	36	77	18.9
HPR	36	83	3.31
HPR	36	75	17.2
HPR	36	79	155
HPR	36	77	180
HPR	36	75	30.7
HPR	36	75	25.5
HPR	36	67	8.35
HPR	36	77	2.34
HPR	36	75	8.85
HPR	36	79	103
HPR	36	75	10.4
HPR	36	83	33.7
HPR	36	71	15
HPR	36	79	0.56
HPR	36	79	24.5
HPR	36	75	9.22
HPR	36	85	180
HPR	36	69	2.93
HPR	36	79	2.66
HPR	36	69	2.58
HPR	36	73	4.75
HPR	36	77	5.9
HPR	36	77	58.1
HPR	36	79	180
HPR	36	79	180
HPR	36	81	180
HPR	36	77	3.47
HPR	36	79	1.64
HPR	36	71	21.8
HPR	36	73	1.69
HPR	36	77	9.82
HPR	36	77	111
HPR	36	73	1.79
HPR	36	77	78.8
HPR	36	77	10.1
HPR	36	77	8.64
HPR	36	71	4.27
HPR	36	75	2.52
HPR	36	79	1.84
HPR	36	79	46.6
HPR	36	73	5.03
HPR	36	75	17.9
HPR	36	73	3.27
HPR	36	77	4.3
HPR	36	79	180
HPR	36	81	180
HPR	36	79	74.2
HPR	36	79	180
HPR	36	79	1.64
HPR	36	69	1.26
HPR	36	81	4.42
HPR	36	77	6.19
HPR	36	75	0.477
HPR	36	79	45.5
HPR	36	71	3.06
HPR	36	81	180
HPR	36	77	2.83
HPR	36	85	180
HPR	36	79	2.24
HPR	36	73	26.9
HPR	36	79	2.75
HPR	36	77	13.6
HPR	36	77	0.57
HPR	36	79	6.37
HPR	36	73	13.8
HPR	36	75	3.46
HPR	36	83	180
HPR	36	75	180
HPR	36	75	9.98
HPR	36	75	25.4
HPR	36	77	9.35
HPR	36	81	180
HPR	36	83	54.2
HPR	36	77	0.77
HPR	36	73	1.99
HPR	36	79	19.6
HPR	36	79	5.11
HPR	36	71	7.12
HPR	36	79	115
HPR	36	75	11.1
HPR	36	81	30.2
HPR	36	73	3.01
HPR	36	73	3.71
HPR	36	75	25
HPR	36	79	180
HPR	36	71	7.99
HPR	36	81	180
HPR	36	77	2.86
HPR	36	71	58.5
HPR	36	77	0.263
HPR	38	83	11.6
HPR	38	83	31.3
HPR	38	85	19
HPR	38	79	11
HPR	38	85	180
HPR	38	83	11.1
HPR	38	79	4.36
HPR	38	85	16.8
HPR	38	77	1.04
HPR	38	79	4.5
HPR	38	79	180
HPR	38	81	30.7
HPR	38	83	110
HPR	38	81	8.45
HPR	38	81	180
HPR	38	79	16.8
HPR	38	79	180
HPR	38	81	10.9
HPR	38	85	14.6
HPR	38	85	180
HPR	38	77	54.6
HPR	38	87	180
HPR	38	81	7.87
HPR	38	77	0.793
HPR	38	81	3.09
HPR	38	83	39.4
HPR	38	89	3.14
HPR	38	85	21.2
HPR	38	79	4
HPR	38	79	10.8
HPR	38	77	4.33
HPR	38	81	180
HPR	38	83	22.8
HPR	38	75	18
HPR	38	81	180
HPR	38	85	180
HPR	38	81	80.4
HPR	38	83	180
HPR	38	79	5.57
HPR	38	81	29.3
HPR	38	83	19.2
HPR	38	85	2.38
HPR	38	83	30.3
HPR	38	87	180
HPR	38	79	1.13
HPR	38	83	37.7
HPR	38	81	180
HPR	38	85	180
HPR	38	75	48
HPR	38	81	180
HPR	38	89	41.8
HPR	38	77	152
HPR	38	73	4.05
HPR	38	75	16.9
HPR	38	77	100
HPR	38	85	15
HPR	38	91	31.2
HPR	38	77	2.35
HPR	38	91	180
HPR	38	95	83.1
HPR	38	81	31.1
HPR	38	89	8.09
HPR	38	89	38
HPR	38	85	180
HPR	38	83	15.7
HPR	38	87	8.78
HPR	38	85	24.5
HPR	38	83	24.8
HPR	38	87	4.56
HPR	38	81	4.81
HPR	38	87	180
HPR	38	87	180
HPR	38	77	3.87
HPR	38	81	180
HPR	38	85	180
HPR	38	85	180
HPR	38	77	6.86
HPR	38	85	37.3
HPR	38	85	4.33
HPR	38	81	180
HPR	38	81	21.4
HPR	38	75	3.56
HPR	38	83	6.13
HPR	38	75	1.4
HPR	38	87	180
HPR	38	85	58.7
HPR	38	79	1.22
HPR	38	81	17.1
HPR	38	81	180
HPR	38	83	180
HPR	38	75	31.1
HPR	38	81	5.26
HPR	38	75	18.7
HPR	38	83	23.5
HPR	38	83	13.4
HPR	38	75	108
HPR	38	83	17.4
HPR	38	85	180
HPR	38	83	180
HPR	38	87	21.6
HPR	40	85	37.5
HPR	40	85	180
HPR	40	87	18
HPR	40	85	84.3
HPR	40	87	180
HPR	40	85	180
HPR	40	91	180
HPR	40	85	180
HPR	40	85	180
HPR	40	83	5.78
HPR	40	87	180
HPR	40	85	51.4
HPR	40	89	180
HPR	40	85	40.7
HPR	40	83	49.7
HPR	40	85	39.8
HPR	40	89	2.89
HPR	40	89	180
HPR	40	83	156
HPR	40	87	180
HPR	40	81	15.7
HPR	40	83	56.3
HPR	40	87	89
HPR	40	91	180
HPR	40	85	7.93
HPR	40	87	26.7
HPR	40	89	180
HPR	40	87	180
HPR	40	95	180
HPR	40	85	180
HPR	40	81	180
HPR	40	87	12
HPR	40	87	180
HPR	40	85	9.06
HPR	40	85	180
HPR	40	89	34.5
HPR	40	89	180
HPR	40	79	1.47
HPR	40	91	180
HPR	40	87	18.5
HPR	40	85	34.2
HPR	40	85	25.4
HPR	40	87	180
HPR	40	79	1
HPR	40	93	180
HPR	40	85	7.64
HPR	40	79	43.1
HPR	40	93	15.5
HPR	40	83	23.6
HPR	40	91	22.5
HPR	40	85	180
HPR	40	95	180
HPR	40	89	180
HPR	40	89	6.4
HPR	40	83	60.4
HPR	40	85	180
HPR	40	81	20
HPR	40	87	28
HPR	40	87	56.3
HPR	40	87	180
HPR	40	89	180
HPR	40	87	132
HPR	40	87	180
HPR	40	91	8.26
HPR	40	87	180
HPR	40	85	8.83
HPR	40	79	180
HPR	40	75	1.43
HPR	40	83	3.52
HPR	40	89	75.3
HPR	40	87	16.8
HPR	40	85	14.5
HPR	40	93	17.3
HPR	40	83	180
HPR	40	89	127
HPR	40	93	180
HPR	40	83	40.3
HPR	40	87	180
HPR	40	95	180
HPR	40	85	10.2
HPR	40	87	180
HPR	40	89	180
HPR	40	83	180
HPR	40	89	180
HPR	40	93	180
HPR	40	89	11.9
HPR	40	81	180
HPR	40	83	30.8
HPR	40	87	115
HPR	40	77	1.7
HPR	40	89	42.6
HPR	40	83	6.63
HPR	40	81	64.4
HPR	40	99	28.1
HPR	40	81	19.8
HPR	40	85	180
HPR	40	85	71.1
HPR	40	83	180
HPR	40	87	180
HPR	40	85	180
