hpr	11	12	0
hpr	12	12	0
hpr	11	12	0
hpr	10	12	0
hpr	11	12	0
hpr	12	12	0
hpr	11	12	0
hpr	11	12	0
hpr	12	12	0
hpr	11	12	0
hpr	12	12	0
hpr	11	12	0
hpr	10	12	0
hpr	11	12	0
hpr	10	12	0
hpr	10	12	0
hpr	9	12	0
hpr	11	12	0
hpr	12	12	0
hpr	11	12	0
hpr	12	12	0
hpr	10	12	0
hpr	10	12	0
hpr	11	12	0
hpr	11	12	0
hpr	11	12	0
hpr	12	12	0
hpr	10	12	0
hpr	12	12	0
hpr	12	12	0
hpr	11	12	0
hpr	10	12	0
hpr	11	12	0
hpr	12	12	0
hpr	11	12	0
hpr	10	12	0
hpr	11	12	0
hpr	11	12	0
hpr	11	12	0
hpr	11	12	0
hpr	10	12	0
hpr	11	12	0
hpr	11	12	0
hpr	11	12	0
hpr	12	12	0
hpr	11	12	0
hpr	12	12	0
hpr	11	12	0
hpr	12	12	0
hpr	12	12	0
hpr	12	14	0
hpr	12	14	0
hpr	12	14	0
hpr	9	14	0
hpr	11	14	0
hpr	12	14	0
hpr	11	14	0
hpr	12	14	0
hpr	11	14	0
hpr	11	14	0
hpr	12	14	0
hpr	12	14	0
hpr	10	14	0
hpr	12	14	0
hpr	11	14	0
hpr	11	14	0
hpr	10	14	0
hpr	12	14	0
hpr	12	14	0
hpr	11	14	0
hpr	10	14	0
hpr	12	14	0
hpr	11	14	0
hpr	11	14	0
hpr	12	14	0
hpr	11	14	0
hpr	12	14	0
hpr	12	14	0
hpr	11	14	0
hpr	10	14	0
hpr	11	14	0
hpr	11	14	0
hpr	11	14	0
hpr	12	14	0
hpr	11	14	0
hpr	11	14	0
hpr	11	14	0
hpr	12	14	0
hpr	12	14	0
hpr	11	14	0
hpr	12	14	0
hpr	12	14	0
hpr	12	14	0
hpr	12	14	0
hpr	12	14	0
hpr	11	14	0
hpr	12	14	0
hpr	11	14	0
hpr	11	14	0
hpr	9	14	0
hpr	12	16	0
hpr	11	16	0
hpr	12	16	0
hpr	12	16	0
hpr	11	16	0
hpr	10	16	0
hpr	12	16	0
hpr	11	16	0
hpr	12	16	0
hpr	12	16	0
hpr	12	16	0
hpr	11	16	0
hpr	12	16	0
hpr	12	16	0
hpr	12	16	0
hpr	12	16	0
hpr	12	16	0
hpr	12	16	0
hpr	12	16	0
hpr	11	16	0
hpr	12	16	0
hpr	11	16	0
hpr	12	16	0
hpr	12	16	0.00333
hpr	12	16	0
hpr	11	16	0
hpr	10	16	0
hpr	12	16	0
hpr	12	16	0
hpr	10	16	0
hpr	10	16	0
hpr	12	16	0
hpr	11	16	0
hpr	11	16	0
hpr	10	16	0
hpr	12	16	0
hpr	11	16	0
hpr	12	16	0
hpr	11	16	0
hpr	12	16	0
hpr	12	16	0.00333
hpr	12	16	0
hpr	11	16	0
hpr	12	16	0
hpr	11	16	0
hpr	11	16	0
hpr	12	16	0
hpr	12	16	0
hpr	12	16	0
hpr	12	16	0
hpr	12	18	0
hpr	12	18	0.00333
hpr	12	18	0
hpr	12	18	0.00333
hpr	12	18	0
hpr	12	18	0
hpr	11	18	0
hpr	12	18	0
hpr	12	18	0.00333
hpr	12	18	0
hpr	12	18	0
hpr	12	18	0.00333
hpr	11	18	0
hpr	12	18	0
hpr	12	18	0.00333
hpr	11	18	0
hpr	11	18	0.00333
hpr	11	18	0
hpr	12	18	0
hpr	12	18	0
hpr	11	18	0.00333
hpr	11	18	0
hpr	12	18	0
hpr	12	18	0.00333
hpr	12	18	0
hpr	12	18	0
hpr	11	18	0
hpr	12	18	0.00333
hpr	12	18	0
hpr	12	18	0
hpr	12	18	0
hpr	12	18	0
hpr	12	18	0.00333
hpr	12	18	0
hpr	12	18	0
hpr	12	18	0
hpr	11	18	0
hpr	11	18	0.00333
hpr	11	18	0
hpr	11	18	0
hpr	12	18	0.00333
hpr	12	18	0
hpr	12	18	0.00333
hpr	12	18	0
hpr	12	18	0.00333
hpr	11	18	0
hpr	12	18	0
hpr	12	18	0
hpr	12	18	0
hpr	12	18	0
hpr	12	20	0.00667
hpr	12	20	0.00667
hpr	12	20	0.00667
hpr	12	20	0.00333
hpr	12	20	0.00333
hpr	12	20	0
hpr	12	20	0.00333
hpr	12	20	0.00333
hpr	12	20	0
hpr	12	20	0.00333
hpr	12	20	0
hpr	12	20	0.00333
hpr	12	20	0
hpr	12	20	0.00333
hpr	11	20	0.00333
hpr	12	20	0.00333
hpr	12	20	0
hpr	12	20	0.00333
hpr	12	20	0.00333
hpr	12	20	0.00333
hpr	12	20	0.00333
hpr	12	20	0.00333
hpr	12	20	0.00333
hpr	12	20	0.00333
hpr	12	20	0.00333
hpr	12	20	0.00333
hpr	12	20	0.00333
hpr	12	20	0
hpr	12	20	0.00333
hpr	12	20	0.00333
hpr	12	20	0
hpr	12	20	0.00333
hpr	12	20	0
hpr	12	20	0.00333
hpr	11	20	0.00667
hpr	12	20	0.00333
hpr	12	20	0.00333
hpr	12	20	0.00333
hpr	12	20	0
hpr	12	20	0.00333
hpr	11	20	0.00333
hpr	12	20	0
hpr	12	20	0
hpr	12	20	0.00333
hpr	12	20	0
hpr	12	20	0.00333
hpr	12	20	0
hpr	12	20	0.00333
hpr	12	20	0.00333
hpr	12	20	0.00333
hpr	12	22	0.00333
hpr	12	22	0
hpr	12	22	0
hpr	12	22	0.00333
hpr	12	22	0.00333
hpr	12	22	0.00667
hpr	12	22	0.00667
hpr	12	22	0.00333
hpr	12	22	0.00667
hpr	12	22	0
hpr	12	22	0
hpr	12	22	0.00333
hpr	12	22	0
hpr	12	22	0
hpr	12	22	0
hpr	12	22	0
hpr	12	22	0.00667
hpr	12	22	0.00667
hpr	12	22	0
hpr	12	22	0
hpr	12	22	0
hpr	12	22	0
hpr	11	22	0.00333
hpr	12	22	0.00333
hpr	12	22	0.00667
hpr	12	22	0
hpr	12	22	0.00333
hpr	12	22	0.00333
hpr	12	22	0
hpr	12	22	0.00333
hpr	12	22	0.00333
hpr	12	22	0
hpr	12	22	0.00333
hpr	12	22	0
hpr	12	22	0.00333
hpr	12	22	0.00333
hpr	12	22	0.00333
hpr	12	22	0.00333
hpr	12	22	0.00333
hpr	12	22	0
hpr	11	22	0.00667
hpr	12	22	0
hpr	12	22	0.00667
hpr	12	22	0
hpr	12	22	0.00333
hpr	12	22	0.00667
hpr	12	22	0.00333
hpr	12	22	0.00333
hpr	11	22	0
hpr	12	22	0.00333
hpr	12	24	0.00667
hpr	12	24	0.00667
hpr	11	24	0.00667
hpr	12	24	0.0167
hpr	12	24	0.01
hpr	12	24	0.01
hpr	12	24	0.00333
hpr	12	24	0.00667
hpr	12	24	0.01
hpr	12	24	0.01
hpr	12	24	0.00667
hpr	12	24	0.0233
hpr	12	24	0.01
hpr	12	24	0
hpr	12	24	0.01
hpr	12	24	0.00333
hpr	12	24	0.01
hpr	12	24	0.00333
hpr	12	24	0.00333
hpr	12	24	0.0133
hpr	12	24	0.01
hpr	12	24	0.00667
hpr	12	24	0.00667
hpr	12	24	0.01
hpr	12	24	0.00333
hpr	12	24	0.01
hpr	12	24	0.00333
hpr	12	24	0.00333
hpr	12	24	0.00333
hpr	12	24	0.00333
hpr	12	24	0.00333
hpr	12	24	0.00667
hpr	12	24	0.00333
hpr	12	24	0.01
hpr	12	24	0.00667
hpr	12	24	0.00667
hpr	12	24	0.01
hpr	12	24	0.01
hpr	12	24	0.00667
hpr	12	24	0.0133
hpr	12	24	0
hpr	12	24	0.00667
hpr	12	24	0.00333
hpr	12	24	0.00333
hpr	12	24	0.02
hpr	12	24	0.00667
hpr	12	24	0.01
hpr	12	24	0.01
hpr	12	24	0.00667
hpr	12	24	0.00333
hpr	12	26	0.0133
hpr	12	26	0.0233
hpr	12	26	0.0333
hpr	12	26	0.01
hpr	12	26	0.02
hpr	12	26	0.02
hpr	12	26	0.0233
hpr	12	26	0.00333
hpr	12	26	0.0167
hpr	12	26	0.0133
hpr	12	26	0.0167
hpr	12	26	0.0167
hpr	12	26	0.01
hpr	12	26	0.03
hpr	12	26	0.01
hpr	12	26	0.02
hpr	12	26	0.0167
hpr	12	26	0.02
hpr	12	26	0.0133
hpr	12	26	0.0133
hpr	12	26	0.0133
hpr	12	26	0.00667
hpr	11	26	0.0167
hpr	12	26	0.02
hpr	12	26	0.0267
hpr	12	26	0.0133
hpr	12	26	0.0233
hpr	12	26	0.02
hpr	12	26	0.0133
hpr	12	26	0.01
hpr	12	26	0.0133
hpr	12	26	0.00667
hpr	12	26	0.0133
hpr	12	26	0.0133
hpr	12	26	0.00667
hpr	12	26	0.03
hpr	12	26	0.01
hpr	12	26	0.0167
hpr	12	26	0.0167
hpr	12	26	0.02
hpr	12	26	0.0233
hpr	12	26	0.02
hpr	12	26	0.0133
hpr	12	26	0.02
hpr	12	26	0.0167
hpr	12	26	0.00667
hpr	12	26	0.02
hpr	12	26	0.0133
hpr	12	26	0.0233
hpr	12	26	0.0167
hpr	12	28	0.0667
hpr	12	28	0.04
hpr	12	28	0.0333
hpr	12	28	0.02
hpr	12	28	0.04
hpr	12	28	0.0167
hpr	12	28	0.0367
hpr	12	28	0.0267
hpr	12	28	0.01
hpr	11	28	0.02
hpr	12	28	0.04
hpr	12	28	0.05
hpr	12	28	0.02
hpr	12	28	0.0133
hpr	12	28	0.01
hpr	12	28	0.04
hpr	12	28	0.03
hpr	12	28	0.0333
hpr	12	28	0.02
hpr	12	28	0.0267
hpr	12	28	0.0267
hpr	11	28	0.0133
hpr	12	28	0.0267
hpr	12	28	0.0333
hpr	12	28	0.04
hpr	12	28	0.05
hpr	12	28	0.0333
hpr	12	28	0.03
hpr	12	28	0.04
hpr	12	28	0.05
hpr	12	28	0.0267
hpr	12	28	0.0433
hpr	12	28	0.0133
hpr	12	28	0.02
hpr	12	28	0.0367
hpr	12	28	0.03
hpr	12	28	0.0567
hpr	12	28	0.04
hpr	12	28	0.0267
hpr	12	28	0.0233
hpr	12	28	0.0467
hpr	12	28	0.0333
hpr	12	28	0.0533
hpr	12	28	0.0267
hpr	12	28	0.0167
hpr	12	28	0.0533
hpr	12	28	0.03
hpr	12	28	0.02
hpr	12	28	0.0267
hpr	12	28	0.0367
hpr	12	30	0.06
hpr	12	30	0.04
hpr	12	30	0.0467
hpr	12	30	0.0633
hpr	12	30	0.0733
hpr	12	30	0.0667
hpr	12	30	0.0667
hpr	12	30	0.05
hpr	12	30	0.0667
hpr	12	30	0.0467
hpr	12	30	0.0633
hpr	12	30	0.04
hpr	12	30	0.02
hpr	12	30	0.0533
hpr	12	30	0.07
hpr	12	30	0.0633
hpr	12	30	0.04
hpr	12	30	0.0467
hpr	12	30	0.0433
hpr	12	30	0.0467
hpr	12	30	0.0333
hpr	12	30	0.02
hpr	12	30	0.0233
hpr	12	30	0.06
hpr	12	30	0.08
hpr	12	30	0.0467
hpr	12	30	0.0633
hpr	12	30	0.0433
hpr	12	30	0.0633
hpr	12	30	0.06
hpr	12	30	0.0533
hpr	12	30	0.04
hpr	12	30	0.0333
hpr	12	30	0.0567
hpr	12	30	0.0533
hpr	12	30	0.06
hpr	12	30	0.06
hpr	12	30	0.0433
hpr	12	30	0.04
hpr	12	30	0.03
hpr	12	30	0.0833
hpr	12	30	0.03
hpr	12	30	0.0567
hpr	12	30	0.0833
hpr	12	30	0.0367
hpr	12	30	0.07
hpr	12	30	0.06
hpr	12	30	0.0367
hpr	12	30	0.0533
hpr	12	30	0.0467
hpr	12	32	0.117
hpr	12	32	0.0433
hpr	12	32	0.07
hpr	12	32	0.0733
hpr	12	32	0.11
hpr	12	32	0.0467
hpr	12	32	0.0633
hpr	12	32	0.0633
hpr	12	32	0.0667
hpr	12	32	0.06
hpr	12	32	0.0667
hpr	12	32	0.0967
hpr	12	32	0.0667
hpr	12	32	0.0667
hpr	12	32	0.0633
hpr	12	32	0.0333
hpr	12	32	0.0367
hpr	12	32	0.0767
hpr	12	32	0.0533
hpr	12	32	0.05
hpr	12	32	0.0767
hpr	12	32	0.0667
hpr	12	32	0.0567
hpr	12	32	0.07
hpr	12	32	0.0867
hpr	12	32	0.0667
hpr	12	32	0.0467
hpr	12	32	0.0733
hpr	12	32	0.06
hpr	12	32	0.09
hpr	12	32	0.07
hpr	12	32	0.04
hpr	12	32	0.107
hpr	12	32	0.0967
hpr	12	32	0.0733
hpr	12	32	0.0567
hpr	12	32	0.07
hpr	12	32	0.0667
hpr	12	32	0.0967
hpr	12	32	0.0333
hpr	12	32	0.0667
hpr	12	32	0.0567
hpr	12	32	0.0767
hpr	12	32	0.05
hpr	12	32	0.0533
hpr	12	32	0.12
hpr	12	32	0.0733
hpr	12	32	0.0433
hpr	12	32	0.0533
hpr	12	32	0.0667
hpr	12	34	0.143
hpr	12	34	0.107
hpr	12	34	0.0567
hpr	12	34	0.107
hpr	12	34	0.11
hpr	12	34	0.0967
hpr	12	34	0.1
hpr	12	34	0.08
hpr	12	34	0.11
hpr	12	34	0.06
hpr	12	34	0.09
hpr	12	34	0.1
hpr	12	34	0.0867
hpr	12	34	0.11
hpr	12	34	0.117
hpr	12	34	0.127
hpr	12	34	0.0533
hpr	12	34	0.117
hpr	12	34	0.0533
hpr	12	34	0.0867
hpr	12	34	0.113
hpr	12	34	0.0867
hpr	12	34	0.107
hpr	12	34	0.103
hpr	12	34	0.0833
hpr	12	34	0.0833
hpr	12	34	0.107
hpr	12	34	0.09
hpr	12	34	0.1
hpr	12	34	0.103
hpr	12	34	0.143
hpr	12	34	0.0933
hpr	12	34	0.09
hpr	12	34	0.117
hpr	12	34	0.13
hpr	12	34	0.117
hpr	12	34	0.0933
hpr	12	34	0.107
hpr	12	34	0.103
hpr	12	34	0.0967
hpr	12	34	0.05
hpr	12	34	0.0833
hpr	12	34	0.0567
hpr	12	34	0.0867
hpr	12	34	0.113
hpr	12	34	0.09
hpr	12	34	0.0433
hpr	12	34	0.0867
hpr	12	34	0.1
hpr	12	34	0.0933
hpr	12	36	0.163
hpr	12	36	0.13
hpr	12	36	0.117
hpr	12	36	0.21
hpr	12	36	0.257
hpr	12	36	0.19
hpr	12	36	0.207
hpr	12	36	0.2
hpr	12	36	0.15
hpr	12	36	0.0967
hpr	12	36	0.19
hpr	12	36	0.14
hpr	12	36	0.19
hpr	12	36	0.19
hpr	12	36	0.277
hpr	12	36	0.293
hpr	12	36	0.177
hpr	12	36	0.14
hpr	12	36	0.19
hpr	12	36	0.213
hpr	12	36	0.22
hpr	12	36	0.2
hpr	12	36	0.14
hpr	12	36	0.08
hpr	12	36	0.193
hpr	12	36	0.173
hpr	12	36	0.137
hpr	12	36	0.203
hpr	12	36	0.187
hpr	12	36	0.117
hpr	12	36	0.06
hpr	12	36	0.167
hpr	12	36	0.163
hpr	12	36	0.28
hpr	12	36	0.26
hpr	12	36	0.11
hpr	12	36	0.193
hpr	12	36	0.177
hpr	12	36	0.123
hpr	12	36	0.203
hpr	12	36	0.14
hpr	12	36	0.253
hpr	12	36	0.25
hpr	12	36	0.217
hpr	12	36	0.217
hpr	12	36	0.133
hpr	12	36	0.21
hpr	12	36	0.233
hpr	12	36	0.23
hpr	12	36	0.25
hpr	12	38	0.337
hpr	12	38	0.203
hpr	12	38	0.24
hpr	12	38	0.127
hpr	12	38	0.133
hpr	12	38	0.167
hpr	12	38	0.31
hpr	12	38	0.273
hpr	12	38	0.21
hpr	12	38	0.297
hpr	12	38	0.21
hpr	12	38	0.227
hpr	12	38	0.23
hpr	12	38	0.307
hpr	12	38	0.3
hpr	12	38	0.17
hpr	12	38	0.257
hpr	12	38	0.187
hpr	12	38	0.21
hpr	12	38	0.297
hpr	12	38	0.27
hpr	12	38	0.263
hpr	12	38	0.283
hpr	12	38	0.21
hpr	12	38	0.223
hpr	12	38	0.183
hpr	12	38	0.18
hpr	12	38	0.2
hpr	12	38	0.327
hpr	12	38	0.337
hpr	12	38	0.283
hpr	12	38	0.233
hpr	12	38	0.24
hpr	12	38	0.26
hpr	12	38	0.223
hpr	12	38	0.3
hpr	12	38	0.22
hpr	12	38	0.18
hpr	12	38	0.29
hpr	12	38	0.25
hpr	12	38	0.16
hpr	12	38	0.25
hpr	12	38	0.25
hpr	12	38	0.343
hpr	12	38	0.163
hpr	12	38	0.23
hpr	12	38	0.263
hpr	12	38	0.35
hpr	12	38	0.32
hpr	12	38	0.233
hpr	12	40	0.33
hpr	12	40	0.363
hpr	12	40	0.327
hpr	12	40	0.283
hpr	12	40	0.14
hpr	12	40	0.437
hpr	12	40	0.35
hpr	12	40	0.29
hpr	12	40	0.23
hpr	12	40	0.223
hpr	12	40	0.387
hpr	12	40	0.387
hpr	12	40	0.403
hpr	12	40	0.31
hpr	12	40	0.227
hpr	12	40	0.3
hpr	12	40	0.273
hpr	12	40	0.403
hpr	12	40	0.183
hpr	12	40	0.4
hpr	12	40	0.303
hpr	12	40	0.253
hpr	12	40	0.243
hpr	12	40	0.347
hpr	12	40	0.43
hpr	12	40	0.423
hpr	12	40	0.267
hpr	12	40	0.2
hpr	12	40	0.31
hpr	12	40	0.14
hpr	12	40	0.203
hpr	12	40	0.383
hpr	12	40	0.353
hpr	12	40	0.333
hpr	12	40	0.35
hpr	12	40	0.337
hpr	12	40	0.297
hpr	12	40	0.293
hpr	12	40	0.417
hpr	12	40	0.307
hpr	12	40	0.38
hpr	12	40	0.3
hpr	12	40	0.227
hpr	12	40	0.323
hpr	12	40	0.38
hpr	12	40	0.313
hpr	12	40	0.407
hpr	12	40	0.42
hpr	12	40	0.383
hpr	12	40	0.333
hpr	12	42	0.467
hpr	12	42	0.367
hpr	12	42	0.247
hpr	12	42	0.19
hpr	12	42	0.35
hpr	12	42	0.443
hpr	12	42	0.39
hpr	12	42	0.297
hpr	12	42	0.35
hpr	12	42	0.367
hpr	12	42	0.22
hpr	12	42	0.313
hpr	12	42	0.267
hpr	12	42	0.3
hpr	12	42	0.29
hpr	12	42	0.297
hpr	12	42	0.33
hpr	12	42	0.323
hpr	12	42	0.323
hpr	12	42	0.417
hpr	12	42	0.38
hpr	12	42	0.453
hpr	12	42	0.287
hpr	12	42	0.433
hpr	12	42	0.38
hpr	12	42	0.393
hpr	12	42	0.383
hpr	12	42	0.29
hpr	12	42	0.253
hpr	12	42	0.42
hpr	12	42	0.313
hpr	12	42	0.38
hpr	12	42	0.33
hpr	12	42	0.27
hpr	12	42	0.33
hpr	12	42	0.33
hpr	12	42	0.417
hpr	12	42	0.14
hpr	12	42	0.327
hpr	12	42	0.273
hpr	12	42	0.323
hpr	12	42	0.307
hpr	12	42	0.23
hpr	12	42	0.357
hpr	12	42	0.427
hpr	12	42	0.403
hpr	12	42	0.37
hpr	12	42	0.32
hpr	12	42	0.25
hpr	12	42	0.34
hpr	12	44	0.453
hpr	12	44	0.533
hpr	12	44	0.387
hpr	12	44	0.38
hpr	12	44	0.42
hpr	12	44	0.433
hpr	12	44	0.41
hpr	12	44	0.543
hpr	12	44	0.383
hpr	12	44	0.37
hpr	12	44	0.32
hpr	12	44	0.353
hpr	12	44	0.32
hpr	12	44	0.39
hpr	12	44	0.313
hpr	12	44	0.39
hpr	12	44	0.457
hpr	12	44	0.363
hpr	12	44	0.44
hpr	12	44	0.537
hpr	12	44	0.577
hpr	12	44	0.483
hpr	12	44	0.443
hpr	12	44	0.477
hpr	12	44	0.383
hpr	12	44	0.33
hpr	12	44	0.31
hpr	12	44	0.387
hpr	12	44	0.46
hpr	12	44	0.317
hpr	12	44	0.34
hpr	12	44	0.37
hpr	12	44	0.497
hpr	12	44	0.383
hpr	12	44	0.33
hpr	12	44	0.403
hpr	12	44	0.447
hpr	12	44	0.497
hpr	12	44	0.407
hpr	12	44	0.44
hpr	12	44	0.387
hpr	12	44	0.41
hpr	12	44	0.443
hpr	12	44	0.307
hpr	12	44	0.55
hpr	12	44	0.527
hpr	12	44	0.427
hpr	12	44	0.407
hpr	12	44	0.4
hpr	12	44	0.36
hpr	12	46	0.453
hpr	12	46	0.597
hpr	12	46	0.54
hpr	12	46	0.58
hpr	12	46	0.413
hpr	12	46	0.383
hpr	12	46	0.45
hpr	12	46	0.413
hpr	12	46	0.623
hpr	12	46	0.613
hpr	12	46	0.62
hpr	12	46	0.657
hpr	12	46	0.59
hpr	12	46	0.347
hpr	12	46	0.37
hpr	12	46	0.367
hpr	12	46	0.323
hpr	12	46	0.547
hpr	12	46	0.443
hpr	12	46	0.393
hpr	12	46	0.563
hpr	12	46	0.387
hpr	12	46	0.45
hpr	12	46	0.53
hpr	12	46	0.61
hpr	12	46	0.397
hpr	12	46	0.577
hpr	12	46	0.597
hpr	12	46	0.477
hpr	12	46	0.363
hpr	12	46	0.3
hpr	12	46	0.703
hpr	12	46	0.52
hpr	12	46	0.38
hpr	12	46	0.223
hpr	12	46	0.47
hpr	12	46	0.493
hpr	12	46	0.493
hpr	12	46	0.49
hpr	12	46	0.647
hpr	12	46	0.437
hpr	12	46	0.463
hpr	12	46	0.573
hpr	12	46	0.503
hpr	12	46	0.577
hpr	12	46	0.553
hpr	12	46	0.583
hpr	12	46	0.437
hpr	12	46	0.577
hpr	12	46	0.503
hpr	12	48	0.693
hpr	12	48	0.813
hpr	12	48	0.413
hpr	12	48	0.6
hpr	12	48	0.64
hpr	12	48	0.697
hpr	12	48	0.433
hpr	12	48	0.45
hpr	12	48	0.65
hpr	12	48	0.79
hpr	12	48	0.697
hpr	12	48	0.74
hpr	12	48	0.597
hpr	12	48	0.59
hpr	12	48	0.557
hpr	12	48	0.367
hpr	12	48	0.517
hpr	12	48	0.423
hpr	12	48	0.597
hpr	12	48	0.527
hpr	12	48	0.47
hpr	12	48	0.313
hpr	12	48	0.53
hpr	12	48	0.713
hpr	12	48	0.507
hpr	12	48	0.553
hpr	12	48	0.557
hpr	12	48	0.547
hpr	12	48	0.48
hpr	12	48	0.663
hpr	12	48	0.53
hpr	12	48	0.553
hpr	12	48	0.903
hpr	12	48	0.437
hpr	12	48	0.78
hpr	12	48	0.797
hpr	12	48	0.533
hpr	12	48	0.573
hpr	12	48	0.497
hpr	12	48	0.63
hpr	12	48	0.613
hpr	12	48	0.623
hpr	12	48	0.61
hpr	12	48	0.743
hpr	12	48	0.603
hpr	12	48	0.497
hpr	12	48	0.663
hpr	12	48	0.813
hpr	12	48	0.523
hpr	12	48	0.587
hpr	12	50	0.36
hpr	12	50	0.6
hpr	12	50	0.53
hpr	12	50	0.637
hpr	12	50	0.443
hpr	12	50	0.38
hpr	12	50	0.577
hpr	12	50	0.45
hpr	12	50	0.66
hpr	12	50	0.53
hpr	12	50	0.487
hpr	12	50	0.54
hpr	12	50	0.53
hpr	12	50	0.487
hpr	12	50	0.637
hpr	12	50	0.41
hpr	12	50	0.457
hpr	12	50	0.54
hpr	12	50	0.637
hpr	12	50	0.56
hpr	12	50	0.643
hpr	12	50	0.213
hpr	12	50	0.55
hpr	12	50	0.45
hpr	12	50	0.493
hpr	12	50	0.527
hpr	12	50	0.373
hpr	12	50	0.63
hpr	12	50	0.427
hpr	12	50	0.497
hpr	12	50	0.657
hpr	12	50	0.563
hpr	12	50	0.45
hpr	12	50	0.39
hpr	12	50	0.657
hpr	12	50	0.523
hpr	12	50	0.713
hpr	12	50	0.723
hpr	12	50	0.463
hpr	12	50	0.527
hpr	12	50	0.363
hpr	12	50	0.62
hpr	12	50	0.6
hpr	12	50	0.707
hpr	12	50	0.453
hpr	12	50	0.527
hpr	12	50	0.547
hpr	12	50	0.413
hpr	12	50	0.5
hpr	12	50	0.703
hpr	12	52	0.86
hpr	12	52	0.767
hpr	12	52	0.777
hpr	12	52	0.787
hpr	12	52	0.827
hpr	12	52	0.923
hpr	12	52	0.68
hpr	12	52	0.94
hpr	12	52	0.77
hpr	12	52	0.727
hpr	12	52	0.907
hpr	12	52	0.487
hpr	12	52	0.62
hpr	12	52	0.877
hpr	12	52	0.637
hpr	12	52	0.83
hpr	12	52	0.727
hpr	12	52	0.693
hpr	12	52	0.66
hpr	12	52	0.633
hpr	12	52	0.96
hpr	12	52	0.63
hpr	12	52	0.767
hpr	12	52	0.773
hpr	12	52	0.717
hpr	12	52	0.57
hpr	12	52	0.777
hpr	12	52	0.827
hpr	12	52	0.503
hpr	12	52	0.907
hpr	12	52	0.837
hpr	12	52	0.573
hpr	12	52	0.67
hpr	12	52	0.73
hpr	12	52	0.6
hpr	12	52	0.8
hpr	12	52	0.693
hpr	12	52	0.7
hpr	12	52	0.983
hpr	12	52	0.86
hpr	12	52	0.767
hpr	12	52	0.803
hpr	12	52	0.793
hpr	12	52	0.777
hpr	12	52	0.7
hpr	12	52	0.807
hpr	12	52	0.873
hpr	12	52	0.76
hpr	12	52	0.71
hpr	12	52	0.857
hpr	12	54	0.443
hpr	12	54	0.883
hpr	12	54	0.667
hpr	12	54	0.783
hpr	12	54	0.287
hpr	12	54	0.53
hpr	12	54	0.757
hpr	12	54	0.637
hpr	12	54	0.767
hpr	12	54	0.62
hpr	12	54	0.707
hpr	12	54	0.473
hpr	12	54	0.85
hpr	12	54	0.54
hpr	12	54	0.747
hpr	12	54	0.703
hpr	12	54	0.567
hpr	12	54	0.713
hpr	12	54	0.91
hpr	12	54	0.903
hpr	12	54	0.813
hpr	12	54	0.683
hpr	12	54	0.62
hpr	12	54	0.48
hpr	12	54	0.74
hpr	12	54	0.587
hpr	12	54	0.847
hpr	12	54	0.75
hpr	12	54	0.627
hpr	12	54	0.603
hpr	12	54	0.867
hpr	12	54	0.747
hpr	12	54	0.797
hpr	12	54	0.487
hpr	12	54	0.913
hpr	12	54	0.61
hpr	12	54	0.74
hpr	12	54	0.45
hpr	12	54	0.81
hpr	12	54	0.483
hpr	12	54	0.717
hpr	12	54	0.573
hpr	12	54	0.653
hpr	12	54	0.593
hpr	12	54	0.63
hpr	12	54	0.487
hpr	12	54	0.63
hpr	12	54	0.863
hpr	12	54	0.417
hpr	12	54	0.57
hpr	12	56	0.59
hpr	12	56	0.683
hpr	12	56	0.55
hpr	12	56	0.68
hpr	12	56	0.757
hpr	12	56	0.783
hpr	12	56	0.723
hpr	12	56	0.663
hpr	12	56	0.61
hpr	12	56	0.623
hpr	12	56	0.707
hpr	12	56	0.89
hpr	12	56	0.76
hpr	12	56	0.507
hpr	12	56	0.753
hpr	12	56	0.673
hpr	12	56	0.847
hpr	12	56	0.68
hpr	12	56	0.873
hpr	12	56	0.67
hpr	12	56	0.603
hpr	12	56	0.487
hpr	12	56	0.84
hpr	12	56	0.737
hpr	12	56	0.87
hpr	12	56	0.583
hpr	12	56	0.46
hpr	12	56	0.493
hpr	12	56	0.687
hpr	12	56	0.843
hpr	12	56	0.75
hpr	12	56	0.713
hpr	12	56	0.533
hpr	12	56	0.733
hpr	12	56	0.757
hpr	12	56	0.583
hpr	12	56	0.717
hpr	12	56	0.753
hpr	12	56	0.457
hpr	12	56	0.687
hpr	12	56	0.82
hpr	12	56	0.79
hpr	12	56	0.647
hpr	12	56	0.607
hpr	12	56	0.657
hpr	12	56	0.363
hpr	12	56	0.63
hpr	12	56	0.667
hpr	12	56	0.887
hpr	12	56	0.663
hpr	12	58	0.283
hpr	12	58	0.367
hpr	12	58	0.647
hpr	12	58	0.47
hpr	12	58	0.473
hpr	12	58	0.37
hpr	12	58	0.75
hpr	12	58	0.383
hpr	12	58	0.357
hpr	12	58	0.367
hpr	12	58	0.743
hpr	12	58	0.88
hpr	12	58	0.573
hpr	12	58	0.497
hpr	12	58	0.63
hpr	12	58	0.36
hpr	12	58	0.407
hpr	12	58	0.533
hpr	12	58	0.653
hpr	12	58	0.517
hpr	12	58	0.583
hpr	12	58	0.643
hpr	12	58	0.513
hpr	12	58	0.253
hpr	12	58	0.28
hpr	12	58	0.6
hpr	12	58	0.493
hpr	12	58	0.57
hpr	12	58	0.33
hpr	12	58	0.723
hpr	12	58	0.333
hpr	12	58	0.587
hpr	12	58	0.46
hpr	12	58	0.713
hpr	12	58	0.81
hpr	12	58	0.77
hpr	12	58	0.54
hpr	12	58	0.593
hpr	12	58	0.627
hpr	12	58	0.413
hpr	12	58	0.487
hpr	12	58	0.493
hpr	12	58	0.693
hpr	12	58	0.763
hpr	12	58	0.72
hpr	12	58	0.667
hpr	12	58	0.44
hpr	12	58	0.523
hpr	12	58	0.777
hpr	12	58	0.527
hpr	12	60	0.447
hpr	12	60	0.407
hpr	12	60	0.303
hpr	12	60	0.777
hpr	12	60	0.507
hpr	12	60	0.367
hpr	12	60	0.443
hpr	12	60	0.547
hpr	12	60	0.7
hpr	12	60	0.46
hpr	12	60	0.43
hpr	12	60	0.52
hpr	12	60	0.44
hpr	12	60	0.553
hpr	12	60	0.31
hpr	12	60	0.33
hpr	12	60	0.303
hpr	12	60	0.473
hpr	12	60	0.49
hpr	12	60	0.613
hpr	12	60	0.503
hpr	12	60	0.467
hpr	12	60	0.51
hpr	12	60	0.427
hpr	12	60	0.39
hpr	12	60	0.45
hpr	12	60	0.51
hpr	12	60	0.493
hpr	12	60	0.38
hpr	12	60	0.5
hpr	12	60	0.32
hpr	12	60	0.46
hpr	12	60	0.63
hpr	12	60	0.59
hpr	12	60	0.54
hpr	12	60	0.57
hpr	12	60	0.547
hpr	12	60	0.443
hpr	12	60	0.567
hpr	12	60	0.327
hpr	12	60	0.41
hpr	12	60	0.467
hpr	12	60	0.5
hpr	12	60	0.61
hpr	12	60	0.503
hpr	12	60	0.517
hpr	12	60	0.323
hpr	12	60	0.48
hpr	12	60	0.543
hpr	12	60	0.557
hpr	12	62	0.63
hpr	12	62	0.43
hpr	12	62	0.597
hpr	12	62	0.22
hpr	12	62	0.583
hpr	12	62	0.577
hpr	12	62	0.413
hpr	12	62	0.45
hpr	12	62	0.447
hpr	12	62	0.437
hpr	12	62	0.433
hpr	12	62	0.563
hpr	12	62	0.547
hpr	12	62	0.557
hpr	12	62	0.4
hpr	12	62	0.433
hpr	12	62	0.47
hpr	12	62	0.44
hpr	12	62	0.457
hpr	12	62	0.46
hpr	12	62	0.47
hpr	12	62	0.487
hpr	12	62	0.417
hpr	12	62	0.527
hpr	12	62	0.43
hpr	12	62	0.393
hpr	12	62	0.553
hpr	12	62	0.523
hpr	12	62	0.41
hpr	12	62	0.403
hpr	12	62	0.423
hpr	12	62	0.4
hpr	12	62	0.497
hpr	12	62	0.457
hpr	12	62	0.38
hpr	12	62	0.51
hpr	12	62	0.523
hpr	12	62	0.42
hpr	12	62	0.417
hpr	12	62	0.367
hpr	12	62	0.587
hpr	12	62	0.543
hpr	12	62	0.373
hpr	12	62	0.427
hpr	12	62	0.523
hpr	12	62	0.413
hpr	12	62	0.58
hpr	12	62	0.363
hpr	12	62	0.267
hpr	12	62	0.527
hpr	12	64	0.253
hpr	12	64	0.323
hpr	12	64	0.29
hpr	12	64	0.187
hpr	12	64	0.283
hpr	12	64	0.263
hpr	12	64	0.257
hpr	12	64	0.157
hpr	12	64	0.287
hpr	12	64	0.3
hpr	12	64	0.263
hpr	12	64	0.26
hpr	12	64	0.287
hpr	12	64	0.29
hpr	12	64	0.373
hpr	12	64	0.297
hpr	12	64	0.22
hpr	12	64	0.17
hpr	12	64	0.297
hpr	12	64	0.167
hpr	12	64	0.273
hpr	12	64	0.383
hpr	12	64	0.323
hpr	12	64	0.307
hpr	12	64	0.333
hpr	12	64	0.343
hpr	12	64	0.267
hpr	12	64	0.277
hpr	12	64	0.28
hpr	12	64	0.277
hpr	12	64	0.197
hpr	12	64	0.167
hpr	12	64	0.21
hpr	12	64	0.27
hpr	12	64	0.273
hpr	12	64	0.283
hpr	12	64	0.32
hpr	12	64	0.343
hpr	12	64	0.21
hpr	12	64	0.277
hpr	12	64	0.307
hpr	12	64	0.313
hpr	12	64	0.287
hpr	12	64	0.187
hpr	12	64	0.273
hpr	12	64	0.323
hpr	12	64	0.273
hpr	12	64	0.277
hpr	12	64	0.327
hpr	12	64	0.31
hpr	12	66	0.31
hpr	12	66	0.267
hpr	12	66	0.263
hpr	12	66	0.26
hpr	12	66	0.263
hpr	12	66	0.267
hpr	12	66	0.263
hpr	12	66	0.263
hpr	12	66	0.26
hpr	12	66	0.267
hpr	12	66	0.257
hpr	12	66	0.263
hpr	12	66	0.257
hpr	12	66	0.263
hpr	12	66	0.267
hpr	12	66	0.263
hpr	12	66	0.263
hpr	12	66	0.263
hpr	12	66	0.263
hpr	12	66	0.263
hpr	12	66	0.267
hpr	12	66	0.26
hpr	12	66	0.263
hpr	12	66	0.263
hpr	12	66	0.267
hpr	12	66	0.263
hpr	12	66	0.267
hpr	12	66	0.263
hpr	12	66	0.26
hpr	12	66	0.267
hpr	12	66	0.263
hpr	12	66	0.267
hpr	12	66	0.257
hpr	12	66	0.267
hpr	12	66	0.263
hpr	12	66	0.263
hpr	12	66	0.263
hpr	12	66	0.263
hpr	12	66	0.263
hpr	12	66	0.263
hpr	12	66	0.26
hpr	12	66	0.263
hpr	12	66	0.26
hpr	12	66	0.253
hpr	12	66	0.257
hpr	12	66	0.263
hpr	12	66	0.263
hpr	12	66	0.263
hpr	12	66	0.263
hpr	12	66	0.263
bj	11	12	0
bj	12	12	0
bj	11	12	0
bj	10	12	0
bj	11	12	0
bj	12	12	0
bj	11	12	0
bj	11	12	0
bj	12	12	0
bj	11	12	0
bj	12	12	0
bj	11	12	0
bj	10	12	0
bj	11	12	0
bj	10	12	0
bj	10	12	0
bj	9	12	0
bj	11	12	0
bj	12	12	0
bj	11	12	0
bj	12	12	0
bj	10	12	0
bj	10	12	0
bj	11	12	0
bj	11	12	0
bj	11	12	0
bj	12	12	0
bj	10	12	0
bj	12	12	0
bj	12	12	0
bj	11	12	0
bj	10	12	0
bj	11	12	0
bj	12	12	0
bj	11	12	0
bj	10	12	0
bj	11	12	0
bj	11	12	0
bj	11	12	0
bj	11	12	0
bj	10	12	0
bj	11	12	0
bj	11	12	0
bj	11	12	0
bj	12	12	0
bj	11	12	0
bj	12	12	0
bj	11	12	0
bj	12	12	0
bj	12	12	0
bj	12	14	0
bj	12	14	0
bj	12	14	0
bj	9	14	0
bj	11	14	0
bj	12	14	0
bj	11	14	0
bj	12	14	0
bj	11	14	0
bj	11	14	0
bj	12	14	0
bj	12	14	0
bj	10	14	0
bj	12	14	0
bj	11	14	0
bj	11	14	0
bj	10	14	0
bj	12	14	0
bj	12	14	0
bj	11	14	0
bj	10	14	0
bj	12	14	0
bj	11	14	0
bj	11	14	0
bj	12	14	0
bj	11	14	0
bj	12	14	0
bj	12	14	0
bj	11	14	0
bj	10	14	0
bj	11	14	0
bj	11	14	0
bj	11	14	0
bj	12	14	0
bj	11	14	0
bj	11	14	0
bj	11	14	0
bj	12	14	0
bj	12	14	0
bj	11	14	0
bj	12	14	0
bj	12	14	0
bj	12	14	0
bj	12	14	0
bj	12	14	0
bj	11	14	0
bj	12	14	0
bj	11	14	0
bj	11	14	0
bj	9	14	0
bj	12	16	0
bj	11	16	0
bj	12	16	0
bj	12	16	0
bj	11	16	0
bj	10	16	0
bj	12	16	0
bj	11	16	0
bj	12	16	0
bj	12	16	0
bj	12	16	0
bj	11	16	0
bj	12	16	0
bj	12	16	0
bj	12	16	0
bj	12	16	0
bj	12	16	0
bj	12	16	0
bj	12	16	0
bj	11	16	0
bj	12	16	0
bj	11	16	0
bj	12	16	0
bj	12	16	0
bj	12	16	0
bj	11	16	0
bj	10	16	0
bj	12	16	0
bj	12	16	0
bj	10	16	0
bj	10	16	0
bj	12	16	0
bj	11	16	0
bj	11	16	0
bj	10	16	0
bj	12	16	0
bj	11	16	0
bj	12	16	0
bj	11	16	0
bj	12	16	0
bj	12	16	0
bj	12	16	0
bj	11	16	0
bj	12	16	0
bj	11	16	0
bj	11	16	0
bj	12	16	0
bj	12	16	0
bj	12	16	0
bj	12	16	0
bj	12	18	0.00333
bj	12	18	0
bj	12	18	0
bj	12	18	0
bj	12	18	0
bj	12	18	0
bj	11	18	0
bj	12	18	0
bj	12	18	0
bj	12	18	0
bj	12	18	0
bj	12	18	0
bj	11	18	0.00333
bj	12	18	0
bj	12	18	0
bj	11	18	0
bj	11	18	0
bj	11	18	0
bj	12	18	0
bj	12	18	0
bj	11	18	0
bj	11	18	0
bj	12	18	0
bj	12	18	0.00333
bj	12	18	0
bj	12	18	0
bj	11	18	0
bj	12	18	0
bj	12	18	0
bj	12	18	0
bj	12	18	0
bj	12	18	0
bj	12	18	0
bj	12	18	0
bj	12	18	0
bj	12	18	0
bj	11	18	0
bj	11	18	0
bj	11	18	0
bj	11	18	0
bj	12	18	0
bj	12	18	0
bj	12	18	0
bj	12	18	0
bj	12	18	0
bj	11	18	0
bj	12	18	0
bj	12	18	0
bj	12	18	0
bj	12	18	0
bj	12	20	0.00333
bj	12	20	0
bj	12	20	0.00333
bj	12	20	0
bj	12	20	0.00333
bj	12	20	0
bj	12	20	0
bj	12	20	0
bj	12	20	0
bj	12	20	0
bj	12	20	0
bj	12	20	0
bj	12	20	0
bj	12	20	0.00333
bj	11	20	0
bj	12	20	0.00333
bj	12	20	0
bj	12	20	0.00333
bj	12	20	0.00333
bj	12	20	0.00333
bj	12	20	0.00333
bj	12	20	0
bj	12	20	0
bj	12	20	0
bj	12	20	0
bj	12	20	0
bj	12	20	0
bj	12	20	0
bj	12	20	0.00333
bj	12	20	0
bj	12	20	0
bj	12	20	0
bj	12	20	0
bj	12	20	0
bj	11	20	0
bj	12	20	0.00333
bj	12	20	0
bj	12	20	0
bj	12	20	0
bj	12	20	0.00333
bj	11	20	0
bj	12	20	0
bj	12	20	0.00333
bj	12	20	0
bj	12	20	0.00333
bj	12	20	0.00333
bj	12	20	0.00333
bj	12	20	0
bj	12	20	0
bj	12	20	0.00333
bj	12	22	0.00333
bj	12	22	0.00333
bj	12	22	0
bj	12	22	0.00333
bj	12	22	0.00333
bj	12	22	0.00333
bj	12	22	0.00667
bj	12	22	0
bj	12	22	0.00333
bj	12	22	0.00333
bj	12	22	0.00333
bj	12	22	0.00333
bj	12	22	0.00333
bj	12	22	0.00333
bj	12	22	0.00333
bj	12	22	0
bj	12	22	0.00333
bj	12	22	0.00333
bj	12	22	0.00333
bj	12	22	0.00667
bj	12	22	0.00333
bj	12	22	0
bj	11	22	0.00333
bj	12	22	0.00333
bj	12	22	0.00333
bj	12	22	0.00333
bj	12	22	0.00333
bj	12	22	0.00333
bj	12	22	0.00333
bj	12	22	0
bj	12	22	0.00333
bj	12	22	0.00333
bj	12	22	0.00333
bj	12	22	0.00333
bj	12	22	0.00333
bj	12	22	0.00333
bj	12	22	0.00333
bj	12	22	0.00333
bj	12	22	0
bj	12	22	0
bj	11	22	0.00333
bj	12	22	0.00333
bj	12	22	0.00333
bj	12	22	0
bj	12	22	0.00333
bj	12	22	0.00333
bj	12	22	0.00333
bj	12	22	0.00333
bj	11	22	0.00333
bj	12	22	0.00333
bj	12	24	0.00667
bj	12	24	0.00667
bj	11	24	0.0167
bj	12	24	0.01
bj	12	24	0.00333
bj	12	24	0.00667
bj	12	24	0.00333
bj	12	24	0.00667
bj	12	24	0.00667
bj	12	24	0.00667
bj	12	24	0.01
bj	12	24	0.0167
bj	12	24	0.00667
bj	12	24	0.00333
bj	12	24	0.00667
bj	12	24	0.00333
bj	12	24	0.00333
bj	12	24	0.00333
bj	12	24	0.00667
bj	12	24	0.00667
bj	12	24	0.00667
bj	12	24	0.00333
bj	12	24	0.00333
bj	12	24	0.00667
bj	12	24	0.00667
bj	12	24	0.00667
bj	12	24	0.00333
bj	12	24	0.00333
bj	12	24	0.00667
bj	12	24	0.00333
bj	12	24	0.00667
bj	12	24	0.00333
bj	12	24	0.01
bj	12	24	0.00667
bj	12	24	0.00667
bj	12	24	0.01
bj	12	24	0.00333
bj	12	24	0.00333
bj	12	24	0.00333
bj	12	24	0.00667
bj	12	24	0.00333
bj	12	24	0.00667
bj	12	24	0.00333
bj	12	24	0.00333
bj	12	24	0.00667
bj	12	24	0.00333
bj	12	24	0.00667
bj	12	24	0.00667
bj	12	24	0.00333
bj	12	24	0.00667
bj	12	26	0.01
bj	12	26	0.01
bj	12	26	0.02
bj	12	26	0.01
bj	12	26	0.02
bj	12	26	0.01
bj	12	26	0.0133
bj	12	26	0.00333
bj	12	26	0.00667
bj	12	26	0.00667
bj	12	26	0.00667
bj	12	26	0.0133
bj	12	26	0.00667
bj	12	26	0.01
bj	12	26	0.00667
bj	12	26	0.01
bj	12	26	0.00667
bj	12	26	0.00667
bj	12	26	0.00333
bj	12	26	0.01
bj	12	26	0.00333
bj	12	26	0.00333
bj	11	26	0.0133
bj	12	26	0.00667
bj	12	26	0.0133
bj	12	26	0.01
bj	12	26	0.0133
bj	12	26	0.01
bj	12	26	0.00667
bj	12	26	0.00333
bj	12	26	0.01
bj	12	26	0.00333
bj	12	26	0.0133
bj	12	26	0.00667
bj	12	26	0.00333
bj	12	26	0.00667
bj	12	26	0.00333
bj	12	26	0.01
bj	12	26	0.00667
bj	12	26	0.00667
bj	12	26	0.01
bj	12	26	0.00667
bj	12	26	0.0133
bj	12	26	0.00667
bj	12	26	0.01
bj	12	26	0.00333
bj	12	26	0.00667
bj	12	26	0.0133
bj	12	26	0.00667
bj	12	26	0.0133
bj	12	28	0.03
bj	12	28	0.02
bj	12	28	0.0333
bj	12	28	0.02
bj	12	28	0.0333
bj	12	28	0.02
bj	12	28	0.0167
bj	12	28	0.0133
bj	12	28	0.0133
bj	11	28	0.01
bj	12	28	0.0233
bj	12	28	0.0267
bj	12	28	0.02
bj	12	28	0.0167
bj	12	28	0.0267
bj	12	28	0.02
bj	12	28	0.0167
bj	12	28	0.0533
bj	12	28	0.0267
bj	12	28	0.0267
bj	12	28	0.02
bj	11	28	0.0167
bj	12	28	0.0333
bj	12	28	0.0133
bj	12	28	0.0133
bj	12	28	0.0333
bj	12	28	0.0267
bj	12	28	0.0167
bj	12	28	0.0267
bj	12	28	0.03
bj	12	28	0.01
bj	12	28	0.0267
bj	12	28	0.02
bj	12	28	0.02
bj	12	28	0.0233
bj	12	28	0.0433
bj	12	28	0.03
bj	12	28	0.02
bj	12	28	0.01
bj	12	28	0.02
bj	12	28	0.0167
bj	12	28	0.02
bj	12	28	0.0433
bj	12	28	0.0167
bj	12	28	0.0167
bj	12	28	0.0233
bj	12	28	0.02
bj	12	28	0.0133
bj	12	28	0.0267
bj	12	28	0.0167
bj	12	30	0.0467
bj	12	30	0.0233
bj	12	30	0.02
bj	12	30	0.03
bj	12	30	0.06
bj	12	30	0.03
bj	12	30	0.0333
bj	12	30	0.0367
bj	12	30	0.0333
bj	12	30	0.0167
bj	12	30	0.02
bj	12	30	0.03
bj	12	30	0.02
bj	12	30	0.0233
bj	12	30	0.03
bj	12	30	0.0133
bj	12	30	0.0133
bj	12	30	0.0167
bj	12	30	0.0333
bj	12	30	0.02
bj	12	30	0.0167
bj	12	30	0.0233
bj	12	30	0.01
bj	12	30	0.03
bj	12	30	0.0167
bj	12	30	0.0167
bj	12	30	0.05
bj	12	30	0.0133
bj	12	30	0.0167
bj	12	30	0.0267
bj	12	30	0.0267
bj	12	30	0.0233
bj	12	30	0.0233
bj	12	30	0.0233
bj	12	30	0.0267
bj	12	30	0.0433
bj	12	30	0.0433
bj	12	30	0.02
bj	12	30	0.0167
bj	12	30	0.01
bj	12	30	0.0233
bj	12	30	0.01
bj	12	30	0.0267
bj	12	30	0.0367
bj	12	30	0.02
bj	12	30	0.0233
bj	12	30	0.0267
bj	12	30	0.0167
bj	12	30	0.04
bj	12	30	0.0167
bj	12	32	0.0367
bj	12	32	0.01
bj	12	32	0.0533
bj	12	32	0.0167
bj	12	32	0.0333
bj	12	32	0.0167
bj	12	32	0.0233
bj	12	32	0.0467
bj	12	32	0.0233
bj	12	32	0.0333
bj	12	32	0.0367
bj	12	32	0.0333
bj	12	32	0.03
bj	12	32	0.0267
bj	12	32	0.0133
bj	12	32	0.02
bj	12	32	0.05
bj	12	32	0.0367
bj	12	32	0.0233
bj	12	32	0.0267
bj	12	32	0.03
bj	12	32	0.0533
bj	12	32	0.0467
bj	12	32	0.02
bj	12	32	0.0333
bj	12	32	0.04
bj	12	32	0.0633
bj	12	32	0.0533
bj	12	32	0.02
bj	12	32	0.0567
bj	12	32	0.03
bj	12	32	0.0233
bj	12	32	0.03
bj	12	32	0.0167
bj	12	32	0.0567
bj	12	32	0.02
bj	12	32	0.0233
bj	12	32	0.03
bj	12	32	0.05
bj	12	32	0.0133
bj	12	32	0.0567
bj	12	32	0.0533
bj	12	32	0.0467
bj	12	32	0.0133
bj	12	32	0.0233
bj	12	32	0.0233
bj	12	32	0.0267
bj	12	32	0.0167
bj	12	32	0.02
bj	12	32	0.0433
bj	12	34	0.0567
bj	12	34	0.05
bj	12	34	0.0533
bj	12	34	0.07
bj	12	34	0.0467
bj	12	34	0.06
bj	12	34	0.0367
bj	12	34	0.0533
bj	12	34	0.04
bj	12	34	0.0433
bj	12	34	0.0267
bj	12	34	0.0167
bj	12	34	0.06
bj	12	34	0.0333
bj	12	34	0.03
bj	12	34	0.0367
bj	12	34	0.0333
bj	12	34	0.0333
bj	12	34	0.0167
bj	12	34	0.0267
bj	12	34	0.143
bj	12	34	0.0433
bj	12	34	0.0467
bj	12	34	0.0433
bj	12	34	0.02
bj	12	34	0.05
bj	12	34	0.0733
bj	12	34	0.06
bj	12	34	0.03
bj	12	34	0.0467
bj	12	34	0.07
bj	12	34	0.0867
bj	12	34	0.0567
bj	12	34	0.07
bj	12	34	0.0633
bj	12	34	0.0633
bj	12	34	0.0333
bj	12	34	0.0167
bj	12	34	0.0367
bj	12	34	0.0533
bj	12	34	0.0267
bj	12	34	0.0333
bj	12	34	0.0333
bj	12	34	0.06
bj	12	34	0.0533
bj	12	34	0.0433
bj	12	34	0.03
bj	12	34	0.0367
bj	12	34	0.0433
bj	12	34	0.0567
bj	12	36	0.08
bj	12	36	0.0467
bj	12	36	0.05
bj	12	36	0.05
bj	12	36	0.107
bj	12	36	0.0667
bj	12	36	0.0667
bj	12	36	0.0467
bj	12	36	0.08
bj	12	36	0.0567
bj	12	36	0.04
bj	12	36	0.05
bj	12	36	0.0833
bj	12	36	0.0733
bj	12	36	0.107
bj	12	36	0.0867
bj	12	36	0.05
bj	12	36	0.04
bj	12	36	0.15
bj	12	36	0.13
bj	12	36	0.113
bj	12	36	0.0767
bj	12	36	0.05
bj	12	36	0.0333
bj	12	36	0.147
bj	12	36	0.05
bj	12	36	0.06
bj	12	36	0.103
bj	12	36	0.0667
bj	12	36	0.113
bj	12	36	0.05
bj	12	36	0.12
bj	12	36	0.0333
bj	12	36	0.07
bj	12	36	0.03
bj	12	36	0.0333
bj	12	36	0.0833
bj	12	36	0.0867
bj	12	36	0.13
bj	12	36	0.0867
bj	12	36	0.0767
bj	12	36	0.07
bj	12	36	0.11
bj	12	36	0.08
bj	12	36	0.137
bj	12	36	0.08
bj	12	36	0.0367
bj	12	36	0.08
bj	12	36	0.107
bj	12	36	0.0833
bj	12	38	0.07
bj	12	38	0.0433
bj	12	38	0.163
bj	12	38	0.117
bj	12	38	0.107
bj	12	38	0.0767
bj	12	38	0.08
bj	12	38	0.11
bj	12	38	0.0833
bj	12	38	0.13
bj	12	38	0.117
bj	12	38	0.257
bj	12	38	0.37
bj	12	38	0.0833
bj	12	38	0.21
bj	12	38	0.06
bj	12	38	0.133
bj	12	38	0.0667
bj	12	38	0.143
bj	12	38	0.0967
bj	12	38	0.327
bj	12	38	0.0533
bj	12	38	0.157
bj	12	38	0.0833
bj	12	38	0.0833
bj	12	38	0.103
bj	12	38	0.113
bj	12	38	0.12
bj	12	38	0.163
bj	12	38	0.12
bj	12	38	0.11
bj	12	38	0.22
bj	12	38	0.24
bj	12	38	0.0733
bj	12	38	0.137
bj	12	38	0.11
bj	12	38	0.183
bj	12	38	0.0833
bj	12	38	0.0567
bj	12	38	0.117
bj	12	38	0.06
bj	12	38	0.12
bj	12	38	0.12
bj	12	38	0.29
bj	12	38	0.04
bj	12	38	0.117
bj	12	38	0.1
bj	12	38	0.257
bj	12	38	0.183
bj	12	38	0.0733
bj	12	40	0.247
bj	12	40	0.243
bj	12	40	0.0767
bj	12	40	0.157
bj	12	40	0.0667
bj	12	40	0.35
bj	12	40	0.23
bj	12	40	0.09
bj	12	40	0.0967
bj	12	40	0.213
bj	12	40	0.377
bj	12	40	0.287
bj	12	40	0.347
bj	12	40	0.407
bj	12	40	0.12
bj	12	40	0.147
bj	12	40	0.197
bj	12	40	0.407
bj	12	40	0.36
bj	12	40	0.1
bj	12	40	0.293
bj	12	40	0.233
bj	12	40	0.15
bj	12	40	0.353
bj	12	40	0.277
bj	12	40	0.147
bj	12	40	0.15
bj	12	40	0.24
bj	12	40	0.163
bj	12	40	0.08
bj	12	40	0.317
bj	12	40	0.207
bj	12	40	0.293
bj	12	40	0.137
bj	12	40	0.197
bj	12	40	0.163
bj	12	40	0.25
bj	12	40	0.1
bj	12	40	0.17
bj	12	40	0.333
bj	12	40	0.297
bj	12	40	0.263
bj	12	40	0.163
bj	12	40	0.15
bj	12	40	0.383
bj	12	40	0.207
bj	12	40	0.15
bj	12	40	0.187
bj	12	40	0.147
bj	12	40	0.317
bj	12	42	0.48
bj	12	42	0.567
bj	12	42	0.577
bj	12	42	0.16
bj	12	42	0.22
bj	12	42	0.617
bj	12	42	0.703
bj	12	42	0.247
bj	12	42	0.17
bj	12	42	0.457
bj	12	42	0.363
bj	12	42	0.227
bj	12	42	0.18
bj	12	42	0.37
bj	12	42	0.273
bj	12	42	0.2
bj	12	42	0.343
bj	12	42	0.21
bj	12	42	0.15
bj	12	42	0.957
bj	12	42	0.257
bj	12	42	0.447
bj	12	42	0.497
bj	12	42	0.29
bj	12	42	0.363
bj	12	42	0.473
bj	12	42	0.22
bj	12	42	0.173
bj	12	42	0.217
bj	12	42	0.27
bj	12	42	0.297
bj	12	42	0.71
bj	12	42	0.413
bj	12	42	0.743
bj	12	42	0.28
bj	12	42	0.283
bj	12	42	0.587
bj	12	42	0.0967
bj	12	42	0.177
bj	12	42	1.09
bj	12	42	0.283
bj	12	42	0.243
bj	12	42	0.103
bj	12	42	0.513
bj	12	42	0.623
bj	12	42	0.42
bj	12	42	0.553
bj	12	42	0.353
bj	12	42	0.41
bj	12	42	0.25
bj	12	44	0.29
bj	12	44	1.2
bj	12	44	0.373
bj	12	44	0.463
bj	12	44	0.263
bj	12	44	0.347
bj	12	44	0.397
bj	12	44	0.66
bj	12	44	0.46
bj	12	44	0.227
bj	12	44	0.267
bj	12	44	0.353
bj	12	44	0.24
bj	12	44	0.243
bj	12	44	0.14
bj	12	44	0.197
bj	12	44	1.04
bj	12	44	0.367
bj	12	44	0.34
bj	12	44	0.463
bj	12	44	0.383
bj	12	44	0.443
bj	12	44	0.27
bj	12	44	0.24
bj	12	44	0.337
bj	12	44	0.517
bj	12	44	0.13
bj	12	44	0.227
bj	12	44	0.313
bj	12	44	0.17
bj	12	44	0.533
bj	12	44	0.29
bj	12	44	0.323
bj	12	44	0.31
bj	12	44	0.437
bj	12	44	0.387
bj	12	44	0.273
bj	12	44	0.453
bj	12	44	0.167
bj	12	44	0.3
bj	12	44	0.357
bj	12	44	0.21
bj	12	44	1.08
bj	12	44	0.207
bj	12	44	0.463
bj	12	44	0.513
bj	12	44	0.403
bj	12	44	0.763
bj	12	44	0.2
bj	12	44	0.32
bj	12	46	0.27
bj	12	46	0.573
bj	12	46	0.71
bj	12	46	0.503
bj	12	46	0.357
bj	12	46	0.213
bj	12	46	0.723
bj	12	46	1.1
bj	12	46	0.443
bj	12	46	0.317
bj	12	46	0.647
bj	12	46	0.523
bj	12	46	0.463
bj	12	46	0.87
bj	12	46	0.427
bj	12	46	0.287
bj	12	46	0.4
bj	12	46	0.9
bj	12	46	0.31
bj	12	46	0.243
bj	12	46	0.27
bj	12	46	0.25
bj	12	46	0.443
bj	12	46	0.423
bj	12	46	0.343
bj	12	46	0.587
bj	12	46	0.413
bj	12	46	0.387
bj	12	46	1.22
bj	12	46	0.283
bj	12	46	0.203
bj	12	46	0.493
bj	12	46	0.53
bj	12	46	0.19
bj	12	46	0.22
bj	12	46	0.707
bj	12	46	0.49
bj	12	46	0.28
bj	12	46	0.633
bj	12	46	0.563
bj	12	46	0.387
bj	12	46	0.327
bj	12	46	0.553
bj	12	46	0.287
bj	12	46	0.73
bj	12	46	0.703
bj	12	46	0.623
bj	12	46	0.393
bj	12	46	0.55
bj	12	46	0.49
bj	12	48	0.4
bj	12	48	1.17
bj	12	48	0.737
bj	12	48	0.427
bj	12	48	0.613
bj	12	48	0.767
bj	12	48	0.583
bj	12	48	0.9
bj	12	48	1.42
bj	12	48	0.843
bj	12	48	0.267
bj	12	48	1.53
bj	12	48	0.547
bj	12	48	0.777
bj	12	48	1.07
bj	12	48	0.4
bj	12	48	0.44
bj	12	48	0.597
bj	12	48	0.773
bj	12	48	0.543
bj	12	48	1.22
bj	12	48	0.577
bj	12	48	0.647
bj	12	48	0.567
bj	12	48	0.957
bj	12	48	0.443
bj	12	48	0.537
bj	12	48	0.473
bj	12	48	0.37
bj	12	48	1.09
bj	12	48	0.417
bj	12	48	0.277
bj	12	48	0.86
bj	12	48	0.57
bj	12	48	0.837
bj	12	48	0.677
bj	12	48	2.41
bj	12	48	0.953
bj	12	48	0.47
bj	12	48	0.557
bj	12	48	0.367
bj	12	48	0.4
bj	12	48	0.45
bj	12	48	0.677
bj	12	48	0.353
bj	12	48	0.387
bj	12	48	0.71
bj	12	48	1.43
bj	12	48	0.393
bj	12	48	0.5
bj	12	50	0.587
bj	12	50	0.777
bj	12	50	1.52
bj	12	50	1.16
bj	12	50	0.56
bj	12	50	0.993
bj	12	50	2.39
bj	12	50	0.603
bj	12	50	1.12
bj	12	50	1.08
bj	12	50	2.28
bj	12	50	0.797
bj	12	50	0.593
bj	12	50	0.523
bj	12	50	1.47
bj	12	50	0.527
bj	12	50	0.707
bj	12	50	0.56
bj	12	50	1.81
bj	12	50	2.15
bj	12	50	0.587
bj	12	50	1.04
bj	12	50	0.86
bj	12	50	1.51
bj	12	50	0.973
bj	12	50	0.52
bj	12	50	0.673
bj	12	50	1.62
bj	12	50	0.563
bj	12	50	0.517
bj	12	50	3.45
bj	12	50	0.653
bj	12	50	0.37
bj	12	50	0.787
bj	12	50	1.12
bj	12	50	1.51
bj	12	50	2.06
bj	12	50	1.15
bj	12	50	1.38
bj	12	50	0.613
bj	12	50	0.617
bj	12	50	1.16
bj	12	50	0.693
bj	12	50	1.2
bj	12	50	1.23
bj	12	50	1.47
bj	12	50	1.31
bj	12	50	0.58
bj	12	50	0.38
bj	12	50	0.903
bj	12	52	0.693
bj	12	52	1.17
bj	12	52	1.06
bj	12	52	1.27
bj	12	52	1.22
bj	12	52	0.763
bj	12	52	0.973
bj	12	52	0.74
bj	12	52	0.75
bj	12	52	1.49
bj	12	52	0.357
bj	12	52	1.84
bj	12	52	2.74
bj	12	52	1.33
bj	12	52	0.707
bj	12	52	0.873
bj	12	52	1.32
bj	12	52	0.98
bj	12	52	0.997
bj	12	52	2.17
bj	12	52	1.17
bj	12	52	0.693
bj	12	52	0.683
bj	12	52	0.71
bj	12	52	1.19
bj	12	52	2.24
bj	12	52	0.923
bj	12	52	0.77
bj	12	52	0.36
bj	12	52	1.25
bj	12	52	1.35
bj	12	52	1.17
bj	12	52	1.33
bj	12	52	0.633
bj	12	52	0.353
bj	12	52	1.87
bj	12	52	0.507
bj	12	52	2.6
bj	12	52	0.793
bj	12	52	1.48
bj	12	52	2
bj	12	52	1.07
bj	12	52	1.1
bj	12	52	0.827
bj	12	52	2.48
bj	12	52	0.867
bj	12	52	0.757
bj	12	52	2.01
bj	12	52	3.71
bj	12	52	1.47
bj	12	54	0.763
bj	12	54	1.69
bj	12	54	1.12
bj	12	54	0.88
bj	12	54	1.65
bj	12	54	0.557
bj	12	54	0.9
bj	12	54	1.7
bj	12	54	2.17
bj	12	54	1.45
bj	12	54	1.74
bj	12	54	0.767
bj	12	54	0.857
bj	12	54	1.57
bj	12	54	0.903
bj	12	54	1.27
bj	12	54	0.69
bj	12	54	1.69
bj	12	54	2.65
bj	12	54	1.05
bj	12	54	1.78
bj	12	54	1.57
bj	12	54	4.05
bj	12	54	1.95
bj	12	54	1.26
bj	12	54	1.34
bj	12	54	1.08
bj	12	54	1.57
bj	12	54	1.46
bj	12	54	1.1
bj	12	54	2.24
bj	12	54	1.18
bj	12	54	2.46
bj	12	54	2.15
bj	12	54	0.847
bj	12	54	2.26
bj	12	54	1.17
bj	12	54	1.44
bj	12	54	3.19
bj	12	54	1.56
bj	12	54	1.05
bj	12	54	1.94
bj	12	54	1.34
bj	12	54	3.88
bj	12	54	1.55
bj	12	54	2.22
bj	12	54	1.57
bj	12	54	1.33
bj	12	54	1.98
bj	12	54	1.58
bj	12	56	3.03
bj	12	56	1.32
bj	12	56	2.64
bj	12	56	2.85
bj	12	56	2.04
bj	12	56	1.09
bj	12	56	1.23
bj	12	56	2.62
bj	12	56	1.29
bj	12	56	1.05
bj	12	56	2.25
bj	12	56	1.13
bj	12	56	0.843
bj	12	56	1.35
bj	12	56	0.743
bj	12	56	1.9
bj	12	56	1.43
bj	12	56	1.12
bj	12	56	1.77
bj	12	56	1.21
bj	12	56	1.86
bj	12	56	1.44
bj	12	56	1.21
bj	12	56	1.34
bj	12	56	1.77
bj	12	56	1.66
bj	12	56	0.93
bj	12	56	1.26
bj	12	56	2.47
bj	12	56	0.957
bj	12	56	2.97
bj	12	56	1.27
bj	12	56	2.01
bj	12	56	1.05
bj	12	56	0.927
bj	12	56	1.58
bj	12	56	1.72
bj	12	56	1.96
bj	12	56	1.93
bj	12	56	0.687
bj	12	56	1.5
bj	12	56	2.14
bj	12	56	1.28
bj	12	56	1.49
bj	12	56	1.43
bj	12	56	1.38
bj	12	56	1.2
bj	12	56	1.64
bj	12	56	1.68
bj	12	56	1.76
bj	12	58	1.43
bj	12	58	1.47
bj	12	58	2.62
bj	12	58	1.52
bj	12	58	1.63
bj	12	58	2.33
bj	12	58	2.09
bj	12	58	1.93
bj	12	58	1.87
bj	12	58	1.92
bj	12	58	3.91
bj	12	58	2.25
bj	12	58	1.42
bj	12	58	1.5
bj	12	58	1.9
bj	12	58	1.57
bj	12	58	1.82
bj	12	58	1.21
bj	12	58	4.96
bj	12	58	1.6
bj	12	58	2.47
bj	12	58	4.93
bj	12	58	1.73
bj	12	58	1.62
bj	12	58	4.04
bj	12	58	1.2
bj	12	58	1.37
bj	12	58	2.5
bj	12	58	1.75
bj	12	58	2.45
bj	12	58	4.13
bj	12	58	2.15
bj	12	58	1.77
bj	12	58	2.51
bj	12	58	1.96
bj	12	58	3.47
bj	12	58	1.59
bj	12	58	1.52
bj	12	58	1.23
bj	12	58	1.71
bj	12	58	1.53
bj	12	58	1.63
bj	12	58	2.65
bj	12	58	2.03
bj	12	58	3.19
bj	12	58	1.42
bj	12	58	1.68
bj	12	58	2.17
bj	12	58	2.51
bj	12	58	2.28
bj	12	60	3.04
bj	12	60	1.54
bj	12	60	1.5
bj	12	60	1.51
bj	12	60	1.07
bj	12	60	8.36
bj	12	60	2.11
bj	12	60	2.24
bj	12	60	2.13
bj	12	60	2
bj	12	60	1.86
bj	12	60	2.03
bj	12	60	1.87
bj	12	60	2.46
bj	12	60	1.34
bj	12	60	1.41
bj	12	60	2.06
bj	12	60	2.33
bj	12	60	3.2
bj	12	60	1.48
bj	12	60	2.35
bj	12	60	1.88
bj	12	60	1.57
bj	12	60	2.09
bj	12	60	1.93
bj	12	60	1.59
bj	12	60	1.81
bj	12	60	2.1
bj	12	60	1.43
bj	12	60	2.89
bj	12	60	1.77
bj	12	60	1.74
bj	12	60	1.86
bj	12	60	2.22
bj	12	60	1.81
bj	12	60	1.64
bj	12	60	1.38
bj	12	60	1.52
bj	12	60	1.98
bj	12	60	7.2
bj	12	60	1.9
bj	12	60	2.32
bj	12	60	1.73
bj	12	60	1.61
bj	12	60	1.53
bj	12	60	1.97
bj	12	60	3.3
bj	12	60	4.19
bj	12	60	1.56
bj	12	60	7.23
bj	12	62	2.47
bj	12	62	2.88
bj	12	62	2.47
bj	12	62	1.81
bj	12	62	2.77
bj	12	62	3.35
bj	12	62	2.07
bj	12	62	2.73
bj	12	62	3.3
bj	12	62	2.47
bj	12	62	2.78
bj	12	62	2.53
bj	12	62	2.72
bj	12	62	3.37
bj	12	62	2.52
bj	12	62	1.86
bj	12	62	1.9
bj	12	62	3.46
bj	12	62	2.65
bj	12	62	2.56
bj	12	62	2.5
bj	12	62	2.74
bj	12	62	2.37
bj	12	62	2.38
bj	12	62	2.66
bj	12	62	2.63
bj	12	62	1.87
bj	12	62	2.61
bj	12	62	2.16
bj	12	62	2.44
bj	12	62	2.79
bj	12	62	2.61
bj	12	62	2.62
bj	12	62	2.27
bj	12	62	1.75
bj	12	62	2.33
bj	12	62	1.91
bj	12	62	2.79
bj	12	62	2.35
bj	12	62	2.29
bj	12	62	1.86
bj	12	62	2.71
bj	12	62	2.73
bj	12	62	3.93
bj	12	62	2.03
bj	12	62	2.34
bj	12	62	1.87
bj	12	62	2.33
bj	12	62	3.08
bj	12	62	2.51
bj	12	64	2.44
bj	12	64	2.64
bj	12	64	2.65
bj	12	64	2.38
bj	12	64	2.54
bj	12	64	2.65
bj	12	64	2.44
bj	12	64	2.41
bj	12	64	2.62
bj	12	64	2.61
bj	12	64	2.4
bj	12	64	2.69
bj	12	64	2.52
bj	12	64	2.98
bj	12	64	2.67
bj	12	64	2.69
bj	12	64	2.46
bj	12	64	3
bj	12	64	2.64
bj	12	64	3.01
bj	12	64	2.65
bj	12	64	2.37
bj	12	64	2.7
bj	12	64	2.7
bj	12	64	2.42
bj	12	64	2.34
bj	12	64	2.54
bj	12	64	2.51
bj	12	64	2.63
bj	12	64	2.52
bj	12	64	2.58
bj	12	64	2.53
bj	12	64	3.61
bj	12	64	2.55
bj	12	64	2.52
bj	12	64	2.67
bj	12	64	2.67
bj	12	64	2.34
bj	12	64	2.5
bj	12	64	2.67
bj	12	64	2.42
bj	12	64	2.66
bj	12	64	2.67
bj	12	64	2.49
bj	12	64	3.68
bj	12	64	2.56
bj	12	64	2.99
bj	12	64	2.68
bj	12	64	2.7
bj	12	64	3.02
bj	12	66	2.8
bj	12	66	2.82
bj	12	66	2.82
bj	12	66	2.83
bj	12	66	2.81
bj	12	66	2.8
bj	12	66	2.81
bj	12	66	2.82
bj	12	66	2.81
bj	12	66	2.86
bj	12	66	2.81
bj	12	66	2.84
bj	12	66	2.83
bj	12	66	2.84
bj	12	66	2.84
bj	12	66	2.81
bj	12	66	2.84
bj	12	66	2.84
bj	12	66	2.84
bj	12	66	2.83
bj	12	66	2.85
bj	12	66	2.83
bj	12	66	2.85
bj	12	66	2.83
bj	12	66	2.84
bj	12	66	2.83
bj	12	66	2.82
bj	12	66	2.82
bj	12	66	2.83
bj	12	66	2.82
bj	12	66	2.82
bj	12	66	2.83
bj	12	66	2.85
bj	12	66	2.87
bj	12	66	2.83
bj	12	66	2.85
bj	12	66	2.8
bj	12	66	2.82
bj	12	66	2.84
bj	12	66	2.82
bj	12	66	2.83
bj	12	66	2.8
bj	12	66	2.81
bj	12	66	2.83
bj	12	66	2.84
bj	12	66	2.82
bj	12	66	2.85
bj	12	66	2.82
bj	12	66	2.81
bj	12	66	2.8
bhkk	11	12	0.053333
bhkk	12	12	0.069999
bhkk	11	12	0.036666
bhkk	10	12	0.019999
bhkk	11	12	0.036666
bhkk	12	12	0.059999
bhkk	11	12	0.036666
bhkk	11	12	0.036666
bhkk	12	12	0.059999
bhkk	11	12	0.036666
bhkk	12	12	0.059999
bhkk	11	12	0.036666
bhkk	10	12	0.019999
bhkk	11	12	0.036666
bhkk	10	12	0.019999
bhkk	10	12	0.019999
bhkk	9	12	0.009999
bhkk	11	12	0.036666
bhkk	12	12	0.059999
bhkk	11	12	0.036666
bhkk	12	12	0.059999
bhkk	10	12	0.016666
bhkk	10	12	0.016666
bhkk	11	12	0.036666
bhkk	11	12	0.036666
bhkk	11	12	0.036666
bhkk	12	12	0.059999
bhkk	10	12	0.019999
bhkk	12	12	0.059999
bhkk	12	12	0.059999
bhkk	11	12	0.036666
bhkk	10	12	0.016666
bhkk	11	12	0.036666
bhkk	12	12	0.056666
bhkk	11	12	0.033333
bhkk	10	12	0.019999
bhkk	11	12	0.036666
bhkk	11	12	0.036666
bhkk	11	12	0.036666
bhkk	11	12	0.036666
bhkk	10	12	0.019999
bhkk	11	12	0.036666
bhkk	11	12	0.036666
bhkk	11	12	0.033333
bhkk	12	12	0.059999
bhkk	11	12	0.036666
bhkk	12	12	0.059999
bhkk	11	12	0.036666
bhkk	12	12	0.059999
bhkk	12	12	0.059999
bhkk	12	14	0.129999
bhkk	12	14	0.129999
bhkk	12	14	0.129999
bhkk	9	14	0.013333
bhkk	11	14	0.063333
bhkk	12	14	0.129999
bhkk	11	14	0.063333
bhkk	12	14	0.129999
bhkk	11	14	0.063333
bhkk	11	14	0.063333
bhkk	12	14	0.129999
bhkk	12	14	0.129999
bhkk	10	14	0.029999
bhkk	12	14	0.129999
bhkk	11	14	0.063333
bhkk	11	14	0.063333
bhkk	10	14	0.029999
bhkk	12	14	0.129999
bhkk	12	14	0.129999
bhkk	11	14	0.063333
bhkk	10	14	0.029999
bhkk	12	14	0.129999
bhkk	11	14	0.066666
bhkk	11	14	0.063333
bhkk	12	14	0.129999
bhkk	11	14	0.063333
bhkk	12	14	0.129999
bhkk	12	14	0.129999
bhkk	11	14	0.063333
bhkk	10	14	0.029999
bhkk	11	14	0.063333
bhkk	11	14	0.063333
bhkk	11	14	0.059999
bhkk	12	14	0.129999
bhkk	11	14	0.063333
bhkk	11	14	0.063333
bhkk	11	14	0.063333
bhkk	12	14	0.129999
bhkk	12	14	0.126666
bhkk	11	14	0.063333
bhkk	12	14	0.129999
bhkk	12	14	0.129999
bhkk	12	14	0.129999
bhkk	12	14	0.129999
bhkk	12	14	0.129999
bhkk	11	14	0.066666
bhkk	12	14	0.129999
bhkk	11	14	0.063333
bhkk	11	14	0.063333
bhkk	9	14	0.013333
bhkk	12	16	0.196666
bhkk	11	16	0.089999
bhkk	12	16	0.193333
bhkk	12	16	0.193333
bhkk	11	16	0.089999
bhkk	10	16	0.039999
bhkk	12	16	0.193333
bhkk	11	16	0.089999
bhkk	12	16	0.193333
bhkk	12	16	0.193333
bhkk	12	16	0.193333
bhkk	11	16	0.089999
bhkk	12	16	0.193333
bhkk	12	16	0.193333
bhkk	12	16	0.189999
bhkk	12	16	0.193333
bhkk	12	16	0.193333
bhkk	12	16	0.193333
bhkk	12	16	0.189999
bhkk	11	16	0.089999
bhkk	12	16	0.193333
bhkk	11	16	0.089999
bhkk	12	16	0.189999
bhkk	12	16	0.193333
bhkk	12	16	0.193333
bhkk	11	16	0.089999
bhkk	10	16	0.039999
bhkk	12	16	0.193333
bhkk	12	16	0.193333
bhkk	10	16	0.039999
bhkk	10	16	0.039999
bhkk	12	16	0.193333
bhkk	11	16	0.086666
bhkk	11	16	0.089999
bhkk	10	16	0.043333
bhkk	12	16	0.193333
bhkk	11	16	0.089999
bhkk	12	16	0.193333
bhkk	11	16	0.089999
bhkk	12	16	0.193333
bhkk	12	16	0.193333
bhkk	12	16	0.193333
bhkk	11	16	0.089999
bhkk	12	16	0.193333
bhkk	11	16	0.089999
bhkk	11	16	0.089999
bhkk	12	16	0.189999
bhkk	12	16	0.193333
bhkk	12	16	0.193333
bhkk	12	16	0.193333
bhkk	12	18	0.259999
bhkk	12	18	0.256666
bhkk	12	18	0.259999
bhkk	12	18	0.259999
bhkk	12	18	0.259999
bhkk	12	18	0.256666
bhkk	11	18	0.116666
bhkk	12	18	0.259999
bhkk	12	18	0.259999
bhkk	12	18	0.259999
bhkk	12	18	0.259999
bhkk	12	18	0.259999
bhkk	11	18	0.116666
bhkk	12	18	0.259999
bhkk	12	18	0.259999
bhkk	11	18	0.116666
bhkk	11	18	0.116666
bhkk	11	18	0.116666
bhkk	12	18	0.259999
bhkk	12	18	0.256666
bhkk	11	18	0.113333
bhkk	11	18	0.116666
bhkk	12	18	0.259999
bhkk	12	18	0.259999
bhkk	12	18	0.259999
bhkk	12	18	0.256666
bhkk	11	18	0.116666
bhkk	12	18	0.259999
bhkk	12	18	0.259999
bhkk	12	18	0.259999
bhkk	12	18	0.256666
bhkk	12	18	0.259999
bhkk	12	18	0.256666
bhkk	12	18	0.259999
bhkk	12	18	0.259999
bhkk	12	18	0.259999
bhkk	11	18	0.116666
bhkk	11	18	0.116666
bhkk	11	18	0.113333
bhkk	11	18	0.116666
bhkk	12	18	0.259999
bhkk	12	18	0.259999
bhkk	12	18	0.259999
bhkk	12	18	0.259999
bhkk	12	18	0.259999
bhkk	11	18	0.116666
bhkk	12	18	0.259999
bhkk	12	18	0.259999
bhkk	12	18	0.259999
bhkk	12	18	0.256666
bhkk	12	20	0.256666
bhkk	12	20	0.256666
bhkk	12	20	0.256666
bhkk	12	20	0.259999
bhkk	12	20	0.256666
bhkk	12	20	0.259999
bhkk	12	20	0.256666
bhkk	12	20	0.259999
bhkk	12	20	0.256666
bhkk	12	20	0.256666
bhkk	12	20	0.256666
bhkk	12	20	0.256666
bhkk	12	20	0.256666
bhkk	12	20	0.256666
bhkk	11	20	0.113333
bhkk	12	20	0.256666
bhkk	12	20	0.256666
bhkk	12	20	0.256666
bhkk	12	20	0.256666
bhkk	12	20	0.256666
bhkk	12	20	0.256666
bhkk	12	20	0.256666
bhkk	12	20	0.256666
bhkk	12	20	0.256666
bhkk	12	20	0.259999
bhkk	12	20	0.256666
bhkk	12	20	0.256666
bhkk	12	20	0.259999
bhkk	12	20	0.256666
bhkk	12	20	0.259999
bhkk	12	20	0.256666
bhkk	12	20	0.256666
bhkk	12	20	0.256666
bhkk	12	20	0.256666
bhkk	11	20	0.113333
bhkk	12	20	0.256666
bhkk	12	20	0.256666
bhkk	12	20	0.259999
bhkk	12	20	0.259999
bhkk	12	20	0.259999
bhkk	11	20	0.113333
bhkk	12	20	0.256666
bhkk	12	20	0.256666
bhkk	12	20	0.256666
bhkk	12	20	0.256666
bhkk	12	20	0.256666
bhkk	12	20	0.259999
bhkk	12	20	0.256666
bhkk	12	20	0.256666
bhkk	12	20	0.306666
bhkk	12	22	0.306666
bhkk	12	22	0.309999
bhkk	12	22	0.306666
bhkk	12	22	0.306666
bhkk	12	22	0.306666
bhkk	12	22	0.306666
bhkk	12	22	0.309999
bhkk	12	22	0.306666
bhkk	12	22	0.306666
bhkk	12	22	0.313333
bhkk	12	22	0.306666
bhkk	12	22	0.306666
bhkk	12	22	0.306666
bhkk	12	22	0.306666
bhkk	12	22	0.309999
bhkk	12	22	0.309999
bhkk	12	22	0.306666
bhkk	12	22	0.306666
bhkk	12	22	0.306666
bhkk	12	22	0.309999
bhkk	12	22	0.306666
bhkk	12	22	0.306666
bhkk	11	22	0.133333
bhkk	12	22	0.309999
bhkk	12	22	0.309999
bhkk	12	22	0.306666
bhkk	12	22	0.306666
bhkk	12	22	0.309999
bhkk	12	22	0.306666
bhkk	12	22	0.309999
bhkk	12	22	0.309999
bhkk	12	22	0.306666
bhkk	12	22	0.309999
bhkk	12	22	0.306666
bhkk	12	22	0.309999
bhkk	12	22	0.309999
bhkk	12	22	0.309999
bhkk	12	22	0.306666
bhkk	12	22	0.309999
bhkk	12	22	0.306666
bhkk	11	22	0.133333
bhkk	12	22	0.306666
bhkk	12	22	0.306666
bhkk	12	22	0.306666
bhkk	12	22	0.306666
bhkk	12	22	0.306666
bhkk	12	22	0.306666
bhkk	12	22	0.306666
bhkk	11	22	0.133333
bhkk	12	22	0.309999
bhkk	12	24	0.463333
bhkk	12	24	0.453333
bhkk	11	24	0.193333
bhkk	12	24	0.449999
bhkk	12	24	0.449999
bhkk	12	24	0.453333
bhkk	12	24	0.449999
bhkk	12	24	0.453333
bhkk	12	24	0.453333
bhkk	12	24	0.453333
bhkk	12	24	0.449999
bhkk	12	24	0.453333
bhkk	12	24	0.453333
bhkk	12	24	0.449999
bhkk	12	24	0.453333
bhkk	12	24	0.453333
bhkk	12	24	0.449999
bhkk	12	24	0.453333
bhkk	12	24	0.453333
bhkk	12	24	0.459999
bhkk	12	24	0.453333
bhkk	12	24	0.453333
bhkk	12	24	0.449999
bhkk	12	24	0.453333
bhkk	12	24	0.453333
bhkk	12	24	0.449999
bhkk	12	24	0.453333
bhkk	12	24	0.449999
bhkk	12	24	0.453333
bhkk	12	24	0.449999
bhkk	12	24	0.449999
bhkk	12	24	0.449999
bhkk	12	24	0.449999
bhkk	12	24	0.453333
bhkk	12	24	0.453333
bhkk	12	24	0.453333
bhkk	12	24	0.449999
bhkk	12	24	0.449999
bhkk	12	24	0.453333
bhkk	12	24	0.453333
bhkk	12	24	0.453333
bhkk	12	24	0.453333
bhkk	12	24	0.453333
bhkk	12	24	0.449999
bhkk	12	24	0.453333
bhkk	12	24	0.446666
bhkk	12	24	0.453333
bhkk	12	24	0.449999
bhkk	12	24	0.453333
bhkk	12	24	0.449999
bhkk	12	26	0.409999
bhkk	12	26	0.409999
bhkk	12	26	0.409999
bhkk	12	26	0.409999
bhkk	12	26	0.409999
bhkk	12	26	0.409999
bhkk	12	26	0.406666
bhkk	12	26	0.406666
bhkk	12	26	0.409999
bhkk	12	26	0.409999
bhkk	12	26	0.409999
bhkk	12	26	0.409999
bhkk	12	26	0.409999
bhkk	12	26	0.409999
bhkk	12	26	0.409999
bhkk	12	26	0.409999
bhkk	12	26	0.409999
bhkk	12	26	0.409999
bhkk	12	26	0.409999
bhkk	12	26	0.406666
bhkk	12	26	0.409999
bhkk	12	26	0.406666
bhkk	11	26	0.173333
bhkk	12	26	0.406666
bhkk	12	26	0.409999
bhkk	12	26	0.406666
bhkk	12	26	0.409999
bhkk	12	26	0.409999
bhkk	12	26	0.406666
bhkk	12	26	0.409999
bhkk	12	26	0.406666
bhkk	12	26	0.406666
bhkk	12	26	0.409999
bhkk	12	26	0.409999
bhkk	12	26	0.409999
bhkk	12	26	0.406666
bhkk	12	26	0.406666
bhkk	12	26	0.409999
bhkk	12	26	0.409999
bhkk	12	26	0.409999
bhkk	12	26	0.406666
bhkk	12	26	0.409999
bhkk	12	26	0.409999
bhkk	12	26	0.409999
bhkk	12	26	0.406666
bhkk	12	26	0.406666
bhkk	12	26	0.409999
bhkk	12	26	0.409999
bhkk	12	26	0.409999
bhkk	12	26	0.409999
bhkk	12	28	0.496666
bhkk	12	28	0.496666
bhkk	12	28	0.496666
bhkk	12	28	0.496666
bhkk	12	28	0.493333
bhkk	12	28	0.496666
bhkk	12	28	0.496666
bhkk	12	28	0.496666
bhkk	12	28	0.496666
bhkk	11	28	0.209999
bhkk	12	28	0.496666
bhkk	12	28	0.496666
bhkk	12	28	0.496666
bhkk	12	28	0.496666
bhkk	12	28	0.496666
bhkk	12	28	0.496666
bhkk	12	28	0.496666
bhkk	12	28	0.496666
bhkk	12	28	0.496666
bhkk	12	28	0.493333
bhkk	12	28	0.493333
bhkk	11	28	0.206666
bhkk	12	28	0.496666
bhkk	12	28	0.496666
bhkk	12	28	0.496666
bhkk	12	28	0.496666
bhkk	12	28	0.496666
bhkk	12	28	0.496666
bhkk	12	28	0.496666
bhkk	12	28	0.496666
bhkk	12	28	0.496666
bhkk	12	28	0.496666
bhkk	12	28	0.496666
bhkk	12	28	0.496666
bhkk	12	28	0.496666
bhkk	12	28	0.496666
bhkk	12	28	0.496666
bhkk	12	28	0.496666
bhkk	12	28	0.496666
bhkk	12	28	0.496666
bhkk	12	28	0.496666
bhkk	12	28	0.496666
bhkk	12	28	0.496666
bhkk	12	28	0.496666
bhkk	12	28	0.496666
bhkk	12	28	0.496666
bhkk	12	28	0.496666
bhkk	12	28	0.496666
bhkk	12	28	0.496666
bhkk	12	28	0.496666
bhkk	12	30	0.509999
bhkk	12	30	0.506666
bhkk	12	30	0.509999
bhkk	12	30	0.509999
bhkk	12	30	0.509999
bhkk	12	30	0.509999
bhkk	12	30	0.509999
bhkk	12	30	0.509999
bhkk	12	30	0.506666
bhkk	12	30	0.509999
bhkk	12	30	0.509999
bhkk	12	30	0.509999
bhkk	12	30	0.509999
bhkk	12	30	0.509999
bhkk	12	30	0.509999
bhkk	12	30	0.509999
bhkk	12	30	0.509999
bhkk	12	30	0.509999
bhkk	12	30	0.509999
bhkk	12	30	0.509999
bhkk	12	30	0.509999
bhkk	12	30	0.509999
bhkk	12	30	0.509999
bhkk	12	30	0.509999
bhkk	12	30	0.509999
bhkk	12	30	0.509999
bhkk	12	30	0.509999
bhkk	12	30	0.509999
bhkk	12	30	0.506666
bhkk	12	30	0.509999
bhkk	12	30	0.509999
bhkk	12	30	0.509999
bhkk	12	30	0.509999
bhkk	12	30	0.509999
bhkk	12	30	0.509999
bhkk	12	30	0.509999
bhkk	12	30	0.506666
bhkk	12	30	0.509999
bhkk	12	30	0.509999
bhkk	12	30	0.509999
bhkk	12	30	0.503333
bhkk	12	30	0.509999
bhkk	12	30	0.509999
bhkk	12	30	0.509999
bhkk	12	30	0.506666
bhkk	12	30	0.506666
bhkk	12	30	0.509999
bhkk	12	30	0.509999
bhkk	12	30	0.509999
bhkk	12	30	0.509999
bhkk	12	32	0.559999
bhkk	12	32	0.563333
bhkk	12	32	0.559999
bhkk	12	32	0.559999
bhkk	12	32	0.559999
bhkk	12	32	0.556666
bhkk	12	32	0.559999
bhkk	12	32	0.559999
bhkk	12	32	0.559999
bhkk	12	32	0.559999
bhkk	12	32	0.559999
bhkk	12	32	0.559999
bhkk	12	32	0.559999
bhkk	12	32	0.559999
bhkk	12	32	0.559999
bhkk	12	32	0.556666
bhkk	12	32	0.559999
bhkk	12	32	0.559999
bhkk	12	32	0.559999
bhkk	12	32	0.559999
bhkk	12	32	0.559999
bhkk	12	32	0.559999
bhkk	12	32	0.559999
bhkk	12	32	0.559999
bhkk	12	32	0.559999
bhkk	12	32	0.556666
bhkk	12	32	0.559999
bhkk	12	32	0.559999
bhkk	12	32	0.559999
bhkk	12	32	0.559999
bhkk	12	32	0.559999
bhkk	12	32	0.559999
bhkk	12	32	0.559999
bhkk	12	32	0.559999
bhkk	12	32	0.556666
bhkk	12	32	0.559999
bhkk	12	32	0.559999
bhkk	12	32	0.559999
bhkk	12	32	0.559999
bhkk	12	32	0.559999
bhkk	12	32	0.559999
bhkk	12	32	0.559999
bhkk	12	32	0.559999
bhkk	12	32	0.556666
bhkk	12	32	0.559999
bhkk	12	32	0.559999
bhkk	12	32	0.556666
bhkk	12	32	0.559999
bhkk	12	32	0.559999
bhkk	12	32	0.559999
bhkk	12	34	0.609999
bhkk	12	34	0.606666
bhkk	12	34	0.609999
bhkk	12	34	0.609999
bhkk	12	34	0.609999
bhkk	12	34	0.609999
bhkk	12	34	0.609999
bhkk	12	34	0.609999
bhkk	12	34	0.609999
bhkk	12	34	0.609999
bhkk	12	34	0.613333
bhkk	12	34	0.609999
bhkk	12	34	0.609999
bhkk	12	34	0.609999
bhkk	12	34	0.609999
bhkk	12	34	0.609999
bhkk	12	34	0.606666
bhkk	12	34	0.609999
bhkk	12	34	0.609999
bhkk	12	34	0.609999
bhkk	12	34	0.609999
bhkk	12	34	0.609999
bhkk	12	34	0.609999
bhkk	12	34	0.609999
bhkk	12	34	0.613333
bhkk	12	34	0.609999
bhkk	12	34	0.609999
bhkk	12	34	0.609999
bhkk	12	34	0.609999
bhkk	12	34	0.609999
bhkk	12	34	0.609999
bhkk	12	34	0.609999
bhkk	12	34	0.609999
bhkk	12	34	0.609999
bhkk	12	34	0.609999
bhkk	12	34	0.609999
bhkk	12	34	0.609999
bhkk	12	34	0.606666
bhkk	12	34	0.609999
bhkk	12	34	0.609999
bhkk	12	34	0.609999
bhkk	12	34	0.609999
bhkk	12	34	0.606666
bhkk	12	34	0.609999
bhkk	12	34	0.609999
bhkk	12	34	0.606666
bhkk	12	34	0.609999
bhkk	12	34	0.609999
bhkk	12	34	0.609999
bhkk	12	34	0.609999
bhkk	12	36	0.749999
bhkk	12	36	0.713333
bhkk	12	36	0.713333
bhkk	12	36	0.713333
bhkk	12	36	0.713333
bhkk	12	36	0.713333
bhkk	12	36	0.713333
bhkk	12	36	0.713333
bhkk	12	36	0.713333
bhkk	12	36	0.713333
bhkk	12	36	0.713333
bhkk	12	36	0.713333
bhkk	12	36	0.713333
bhkk	12	36	0.713333
bhkk	12	36	0.713333
bhkk	12	36	0.713333
bhkk	12	36	0.713333
bhkk	12	36	0.713333
bhkk	12	36	0.713333
bhkk	12	36	0.716666
bhkk	12	36	0.713333
bhkk	12	36	0.713333
bhkk	12	36	0.713333
bhkk	12	36	0.726666
bhkk	12	36	0.713333
bhkk	12	36	0.713333
bhkk	12	36	0.713333
bhkk	12	36	0.713333
bhkk	12	36	0.709999
bhkk	12	36	0.713333
bhkk	12	36	0.729999
bhkk	12	36	0.713333
bhkk	12	36	0.713333
bhkk	12	36	0.713333
bhkk	12	36	0.713333
bhkk	12	36	0.713333
bhkk	12	36	0.713333
bhkk	12	36	0.713333
bhkk	12	36	0.713333
bhkk	12	36	0.716666
bhkk	12	36	0.713333
bhkk	12	36	0.716666
bhkk	12	36	0.713333
bhkk	12	36	0.713333
bhkk	12	36	0.713333
bhkk	12	36	0.713333
bhkk	12	36	0.713333
bhkk	12	36	0.713333
bhkk	12	36	0.713333
bhkk	12	36	0.709999
bhkk	12	38	0.916666
bhkk	12	38	0.919999
bhkk	12	38	0.916666
bhkk	12	38	0.916666
bhkk	12	38	0.916666
bhkk	12	38	0.916666
bhkk	12	38	0.916666
bhkk	12	38	0.916666
bhkk	12	38	0.916666
bhkk	12	38	0.916666
bhkk	12	38	0.916666
bhkk	12	38	0.916666
bhkk	12	38	0.916666
bhkk	12	38	0.916666
bhkk	12	38	0.916666
bhkk	12	38	0.916666
bhkk	12	38	0.916666
bhkk	12	38	0.913333
bhkk	12	38	0.913333
bhkk	12	38	0.916666
bhkk	12	38	0.916666
bhkk	12	38	0.916666
bhkk	12	38	0.916666
bhkk	12	38	0.919999
bhkk	12	38	0.916666
bhkk	12	38	0.916666
bhkk	12	38	0.913333
bhkk	12	38	0.916666
bhkk	12	38	0.916666
bhkk	12	38	0.916666
bhkk	12	38	0.913333
bhkk	12	38	0.916666
bhkk	12	38	0.916666
bhkk	12	38	0.916666
bhkk	12	38	0.916666
bhkk	12	38	0.916666
bhkk	12	38	0.916666
bhkk	12	38	0.916666
bhkk	12	38	0.916666
bhkk	12	38	0.916666
bhkk	12	38	0.916666
bhkk	12	38	0.916666
bhkk	12	38	0.916666
bhkk	12	38	0.916666
bhkk	12	38	0.916666
bhkk	12	38	0.913333
bhkk	12	38	0.916666
bhkk	12	38	0.916666
bhkk	12	38	0.916666
bhkk	12	38	0.916666
bhkk	12	40	0.983333
bhkk	12	40	0.983333
bhkk	12	40	0.983333
bhkk	12	40	0.979999
bhkk	12	40	0.983333
bhkk	12	40	0.983333
bhkk	12	40	0.979999
bhkk	12	40	0.979999
bhkk	12	40	0.983333
bhkk	12	40	0.983333
bhkk	12	40	0.979999
bhkk	12	40	0.979999
bhkk	12	40	0.979999
bhkk	12	40	0.976666
bhkk	12	40	0.983333
bhkk	12	40	0.979999
bhkk	12	40	0.983333
bhkk	12	40	0.979999
bhkk	12	40	0.983333
bhkk	12	40	0.976666
bhkk	12	40	0.983333
bhkk	12	40	0.976666
bhkk	12	40	0.983333
bhkk	12	40	0.979999
bhkk	12	40	0.983333
bhkk	12	40	0.979999
bhkk	12	40	0.979999
bhkk	12	40	0.983333
bhkk	12	40	0.983333
bhkk	12	40	0.983333
bhkk	12	40	0.979999
bhkk	12	40	0.983333
bhkk	12	40	0.983333
bhkk	12	40	0.979999
bhkk	12	40	0.983333
bhkk	12	40	0.979999
bhkk	12	40	0.976666
bhkk	12	40	0.976666
bhkk	12	40	0.983333
bhkk	12	40	0.979999
bhkk	12	40	0.979999
bhkk	12	40	0.983333
bhkk	12	40	0.983333
bhkk	12	40	0.979999
bhkk	12	40	0.983333
bhkk	12	40	0.983333
bhkk	12	40	0.979999
bhkk	12	40	0.979999
bhkk	12	40	0.983333
bhkk	12	40	0.979999
bhkk	12	42	0.876666
bhkk	12	42	0.876666
bhkk	12	42	0.876666
bhkk	12	42	0.876666
bhkk	12	42	0.876666
bhkk	12	42	0.876666
bhkk	12	42	0.876666
bhkk	12	42	0.876666
bhkk	12	42	0.876666
bhkk	12	42	0.876666
bhkk	12	42	0.876666
bhkk	12	42	0.876666
bhkk	12	42	0.876666
bhkk	12	42	0.876666
bhkk	12	42	0.876666
bhkk	12	42	0.876666
bhkk	12	42	0.873333
bhkk	12	42	0.876666
bhkk	12	42	0.876666
bhkk	12	42	0.876666
bhkk	12	42	0.876666
bhkk	12	42	0.876666
bhkk	12	42	0.876666
bhkk	12	42	0.876666
bhkk	12	42	0.876666
bhkk	12	42	0.876666
bhkk	12	42	0.876666
bhkk	12	42	0.876666
bhkk	12	42	0.876666
bhkk	12	42	0.873333
bhkk	12	42	0.876666
bhkk	12	42	0.876666
bhkk	12	42	0.876666
bhkk	12	42	0.876666
bhkk	12	42	0.876666
bhkk	12	42	0.876666
bhkk	12	42	0.873333
bhkk	12	42	0.876666
bhkk	12	42	0.876666
bhkk	12	42	0.879999
bhkk	12	42	0.876666
bhkk	12	42	0.876666
bhkk	12	42	0.876666
bhkk	12	42	0.876666
bhkk	12	42	0.876666
bhkk	12	42	0.876666
bhkk	12	42	0.876666
bhkk	12	42	0.876666
bhkk	12	42	0.876666
bhkk	12	42	0.876666
bhkk	12	44	0.859999
bhkk	12	44	0.859999
bhkk	12	44	0.859999
bhkk	12	44	0.856666
bhkk	12	44	0.859999
bhkk	12	44	0.859999
bhkk	12	44	0.859999
bhkk	12	44	0.859999
bhkk	12	44	0.859999
bhkk	12	44	0.859999
bhkk	12	44	0.856666
bhkk	12	44	0.859999
bhkk	12	44	0.859999
bhkk	12	44	0.859999
bhkk	12	44	0.859999
bhkk	12	44	0.859999
bhkk	12	44	0.859999
bhkk	12	44	0.859999
bhkk	12	44	0.856666
bhkk	12	44	0.859999
bhkk	12	44	0.859999
bhkk	12	44	0.859999
bhkk	12	44	0.859999
bhkk	12	44	0.863333
bhkk	12	44	0.856666
bhkk	12	44	0.859999
bhkk	12	44	0.859999
bhkk	12	44	0.859999
bhkk	12	44	0.859999
bhkk	12	44	0.859999
bhkk	12	44	0.859999
bhkk	12	44	0.859999
bhkk	12	44	0.859999
bhkk	12	44	0.859999
bhkk	12	44	0.859999
bhkk	12	44	0.859999
bhkk	12	44	0.859999
bhkk	12	44	0.859999
bhkk	12	44	0.856666
bhkk	12	44	0.859999
bhkk	12	44	0.859999
bhkk	12	44	0.859999
bhkk	12	44	0.859999
bhkk	12	44	0.859999
bhkk	12	44	0.859999
bhkk	12	44	0.859999
bhkk	12	44	0.859999
bhkk	12	44	0.859999
bhkk	12	44	0.859999
bhkk	12	44	0.859999
bhkk	12	46	1.08667
bhkk	12	46	1.06333
bhkk	12	46	1.06
bhkk	12	46	1.06
bhkk	12	46	1.06333
bhkk	12	46	1.06333
bhkk	12	46	1.06333
bhkk	12	46	1.06333
bhkk	12	46	1.06333
bhkk	12	46	1.06333
bhkk	12	46	1.06333
bhkk	12	46	1.06
bhkk	12	46	1.06
bhkk	12	46	1.06333
bhkk	12	46	1.06333
bhkk	12	46	1.06333
bhkk	12	46	1.06
bhkk	12	46	1.06
bhkk	12	46	1.06
bhkk	12	46	1.06333
bhkk	12	46	1.06333
bhkk	12	46	1.06
bhkk	12	46	1.06333
bhkk	12	46	1.06
bhkk	12	46	1.06
bhkk	12	46	1.06333
bhkk	12	46	1.06
bhkk	12	46	1.06333
bhkk	12	46	1.06333
bhkk	12	46	1.06333
bhkk	12	46	1.06333
bhkk	12	46	1.06333
bhkk	12	46	1.06333
bhkk	12	46	1.06333
bhkk	12	46	1.06333
bhkk	12	46	1.06333
bhkk	12	46	1.06
bhkk	12	46	1.06
bhkk	12	46	1.06333
bhkk	12	46	1.06333
bhkk	12	46	1.06333
bhkk	12	46	1.06333
bhkk	12	46	1.06333
bhkk	12	46	1.06
bhkk	12	46	1.06333
bhkk	12	46	1.06
bhkk	12	46	1.06333
bhkk	12	46	1.06
bhkk	12	46	1.06333
bhkk	12	46	1.06333
bhkk	12	48	1.14
bhkk	12	48	1.12
bhkk	12	48	1.12
bhkk	12	48	1.12
bhkk	12	48	1.12
bhkk	12	48	1.12
bhkk	12	48	1.11667
bhkk	12	48	1.12
bhkk	12	48	1.12
bhkk	12	48	1.12
bhkk	12	48	1.12
bhkk	12	48	1.12
bhkk	12	48	1.12
bhkk	12	48	1.12
bhkk	12	48	1.12
bhkk	12	48	1.12
bhkk	12	48	1.12
bhkk	12	48	1.11667
bhkk	12	48	1.12
bhkk	12	48	1.12
bhkk	12	48	1.12
bhkk	12	48	1.12
bhkk	12	48	1.12
bhkk	12	48	1.12
bhkk	12	48	1.12
bhkk	12	48	1.12
bhkk	12	48	1.12
bhkk	12	48	1.12
bhkk	12	48	1.12
bhkk	12	48	1.11667
bhkk	12	48	1.12
bhkk	12	48	1.12
bhkk	12	48	1.12
bhkk	12	48	1.12
bhkk	12	48	1.12
bhkk	12	48	1.12
bhkk	12	48	1.12333
bhkk	12	48	1.11667
bhkk	12	48	1.12
bhkk	12	48	1.12
bhkk	12	48	1.12
bhkk	12	48	1.12
bhkk	12	48	1.12
bhkk	12	48	1.12
bhkk	12	48	1.12
bhkk	12	48	1.12
bhkk	12	48	1.12
bhkk	12	48	1.12
bhkk	12	48	1.12
bhkk	12	48	1.12
bhkk	12	50	1.27333
bhkk	12	50	1.25667
bhkk	12	50	1.25
bhkk	12	50	1.25
bhkk	12	50	1.25
bhkk	12	50	1.25
bhkk	12	50	1.25
bhkk	12	50	1.25
bhkk	12	50	1.25
bhkk	12	50	1.25333
bhkk	12	50	1.25
bhkk	12	50	1.25
bhkk	12	50	1.25
bhkk	12	50	1.25333
bhkk	12	50	1.25
bhkk	12	50	1.25333
bhkk	12	50	1.25
bhkk	12	50	1.25333
bhkk	12	50	1.25
bhkk	12	50	1.25
bhkk	12	50	1.25
bhkk	12	50	1.25
bhkk	12	50	1.25
bhkk	12	50	1.25333
bhkk	12	50	1.25
bhkk	12	50	1.25333
bhkk	12	50	1.25
bhkk	12	50	1.25
bhkk	12	50	1.25
bhkk	12	50	1.25
bhkk	12	50	1.25
bhkk	12	50	1.25333
bhkk	12	50	1.25
bhkk	12	50	1.25
bhkk	12	50	1.25
bhkk	12	50	1.25
bhkk	12	50	1.25
bhkk	12	50	1.25
bhkk	12	50	1.25
bhkk	12	50	1.25
bhkk	12	50	1.25
bhkk	12	50	1.25
bhkk	12	50	1.25667
bhkk	12	50	1.25667
bhkk	12	50	1.25
bhkk	12	50	1.25
bhkk	12	50	1.25667
bhkk	12	50	1.25
bhkk	12	50	1.25
bhkk	12	50	1.26333
bhkk	12	52	1.32667
bhkk	12	52	1.31333
bhkk	12	52	1.31
bhkk	12	52	1.31333
bhkk	12	52	1.31333
bhkk	12	52	1.31333
bhkk	12	52	1.31
bhkk	12	52	1.31333
bhkk	12	52	1.31333
bhkk	12	52	1.31333
bhkk	12	52	1.31333
bhkk	12	52	1.31333
bhkk	12	52	1.31667
bhkk	12	52	1.32333
bhkk	12	52	1.31333
bhkk	12	52	1.31333
bhkk	12	52	1.31333
bhkk	12	52	1.31333
bhkk	12	52	1.31
bhkk	12	52	1.31333
bhkk	12	52	1.31667
bhkk	12	52	1.31667
bhkk	12	52	1.31333
bhkk	12	52	1.31333
bhkk	12	52	1.31
bhkk	12	52	1.32667
bhkk	12	52	1.31333
bhkk	12	52	1.31333
bhkk	12	52	1.32333
bhkk	12	52	1.31333
bhkk	12	52	1.31
bhkk	12	52	1.31333
bhkk	12	52	1.31333
bhkk	12	52	1.31
bhkk	12	52	1.31333
bhkk	12	52	1.31333
bhkk	12	52	1.31333
bhkk	12	52	1.31
bhkk	12	52	1.31
bhkk	12	52	1.31333
bhkk	12	52	1.31333
bhkk	12	52	1.31333
bhkk	12	52	1.31333
bhkk	12	52	1.31333
bhkk	12	52	1.31
bhkk	12	52	1.31333
bhkk	12	52	1.31
bhkk	12	52	1.31333
bhkk	12	52	1.31333
bhkk	12	52	1.31333
bhkk	12	54	2.27333
bhkk	12	54	2.27667
bhkk	12	54	2.27333
bhkk	12	54	2.27667
bhkk	12	54	2.27667
bhkk	12	54	2.28
bhkk	12	54	2.27667
bhkk	12	54	2.27667
bhkk	12	54	2.27667
bhkk	12	54	2.27667
bhkk	12	54	2.27333
bhkk	12	54	2.27667
bhkk	12	54	2.27667
bhkk	12	54	2.27667
bhkk	12	54	2.27333
bhkk	12	54	2.27667
bhkk	12	54	2.27667
bhkk	12	54	2.27667
bhkk	12	54	2.27667
bhkk	12	54	2.27333
bhkk	12	54	2.27333
bhkk	12	54	2.27667
bhkk	12	54	2.27333
bhkk	12	54	2.27667
bhkk	12	54	2.27333
bhkk	12	54	2.27333
bhkk	12	54	2.27333
bhkk	12	54	2.27333
bhkk	12	54	2.27333
bhkk	12	54	2.27333
bhkk	12	54	2.27667
bhkk	12	54	2.27333
bhkk	12	54	2.27667
bhkk	12	54	2.27333
bhkk	12	54	2.27333
bhkk	12	54	2.27333
bhkk	12	54	2.27667
bhkk	12	54	2.27333
bhkk	12	54	2.27333
bhkk	12	54	2.27333
bhkk	12	54	2.27667
bhkk	12	54	2.27333
bhkk	12	54	2.27333
bhkk	12	54	2.27667
bhkk	12	54	2.27333
bhkk	12	54	2.27667
bhkk	12	54	2.27667
bhkk	12	54	2.27667
bhkk	12	54	2.27667
bhkk	12	54	2.27667
bhkk	12	56	2.72333
bhkk	12	56	2.69667
bhkk	12	56	2.7
bhkk	12	56	2.7
bhkk	12	56	2.7
bhkk	12	56	2.69667
bhkk	12	56	2.7
bhkk	12	56	2.7
bhkk	12	56	2.69667
bhkk	12	56	2.69667
bhkk	12	56	2.7
bhkk	12	56	2.69667
bhkk	12	56	2.69333
bhkk	12	56	2.7
bhkk	12	56	2.7
bhkk	12	56	2.7
bhkk	12	56	2.69667
bhkk	12	56	2.7
bhkk	12	56	2.69667
bhkk	12	56	2.69667
bhkk	12	56	2.7
bhkk	12	56	2.7
bhkk	12	56	2.7
bhkk	12	56	2.69667
bhkk	12	56	2.7
bhkk	12	56	2.7
bhkk	12	56	2.69667
bhkk	12	56	2.69667
bhkk	12	56	2.7
bhkk	12	56	2.70333
bhkk	12	56	2.69667
bhkk	12	56	2.69667
bhkk	12	56	2.7
bhkk	12	56	2.7
bhkk	12	56	2.7
bhkk	12	56	2.7
bhkk	12	56	2.7
bhkk	12	56	2.7
bhkk	12	56	2.7
bhkk	12	56	2.7
bhkk	12	56	2.7
bhkk	12	56	2.7
bhkk	12	56	2.69667
bhkk	12	56	2.7
bhkk	12	56	2.7
bhkk	12	56	2.69667
bhkk	12	56	2.7
bhkk	12	56	2.69667
bhkk	12	56	2.7
bhkk	12	56	2.69333
bhkk	12	58	2.42333
bhkk	12	58	2.42
bhkk	12	58	2.41667
bhkk	12	58	2.41667
bhkk	12	58	2.41667
bhkk	12	58	2.41667
bhkk	12	58	2.41667
bhkk	12	58	2.41667
bhkk	12	58	2.41667
bhkk	12	58	2.41667
bhkk	12	58	2.41667
bhkk	12	58	2.42
bhkk	12	58	2.41667
bhkk	12	58	2.41667
bhkk	12	58	2.41667
bhkk	12	58	2.41667
bhkk	12	58	2.41667
bhkk	12	58	2.42
bhkk	12	58	2.42333
bhkk	12	58	2.41667
bhkk	12	58	2.42
bhkk	12	58	2.41667
bhkk	12	58	2.41667
bhkk	12	58	2.41667
bhkk	12	58	2.42667
bhkk	12	58	2.41667
bhkk	12	58	2.41667
bhkk	12	58	2.41667
bhkk	12	58	2.41667
bhkk	12	58	2.41667
bhkk	12	58	2.41667
bhkk	12	58	2.41667
bhkk	12	58	2.41667
bhkk	12	58	2.41667
bhkk	12	58	2.41667
bhkk	12	58	2.41667
bhkk	12	58	2.41667
bhkk	12	58	2.41667
bhkk	12	58	2.41667
bhkk	12	58	2.41667
bhkk	12	58	2.41667
bhkk	12	58	2.41667
bhkk	12	58	2.41667
bhkk	12	58	2.41667
bhkk	12	58	2.41667
bhkk	12	58	2.41333
bhkk	12	58	2.41667
bhkk	12	58	2.42
bhkk	12	58	2.41667
bhkk	12	58	2.41667
bhkk	12	60	2.52
bhkk	12	60	2.51667
bhkk	12	60	2.51667
bhkk	12	60	2.51667
bhkk	12	60	2.51667
bhkk	12	60	2.51667
bhkk	12	60	2.51667
bhkk	12	60	2.84
bhkk	12	60	2.51667
bhkk	12	60	2.98
bhkk	12	60	2.51667
bhkk	12	60	2.51667
bhkk	12	60	2.55
bhkk	12	60	2.52
bhkk	12	60	2.59667
bhkk	12	60	2.51667
bhkk	12	60	2.51333
bhkk	12	60	2.51667
bhkk	12	60	2.51667
bhkk	12	60	2.51667
bhkk	12	60	2.51667
bhkk	12	60	2.72
bhkk	12	60	2.51667
bhkk	12	60	2.51667
bhkk	12	60	2.72
bhkk	12	60	2.51667
bhkk	12	60	2.51667
bhkk	12	60	2.51667
bhkk	12	60	2.51667
bhkk	12	60	2.52
bhkk	12	60	2.51667
bhkk	12	60	2.51667
bhkk	12	60	2.51667
bhkk	12	60	2.51667
bhkk	12	60	2.72
bhkk	12	60	2.51667
bhkk	12	60	2.51667
bhkk	12	60	2.51667
bhkk	12	60	2.51667
bhkk	12	60	2.51667
bhkk	12	60	2.51667
bhkk	12	60	2.60667
bhkk	12	60	2.51667
bhkk	12	60	2.81667
bhkk	12	60	2.59
bhkk	12	60	2.52
bhkk	12	60	2.51667
bhkk	12	60	2.51667
bhkk	12	60	2.52
bhkk	12	60	2.52
bhkk	12	62	2.83667
bhkk	12	62	2.83667
bhkk	12	62	2.83333
bhkk	12	62	2.84
bhkk	12	62	2.83667
bhkk	12	62	2.83667
bhkk	12	62	2.83333
bhkk	12	62	2.83667
bhkk	12	62	2.83667
bhkk	12	62	2.83667
bhkk	12	62	2.83667
bhkk	12	62	2.83333
bhkk	12	62	2.83667
bhkk	12	62	2.83333
bhkk	12	62	2.83667
bhkk	12	62	2.84
bhkk	12	62	2.83667
bhkk	12	62	2.84
bhkk	12	62	2.83667
bhkk	12	62	2.83333
bhkk	12	62	2.83667
bhkk	12	62	2.83333
bhkk	12	62	2.83667
bhkk	12	62	2.83
bhkk	12	62	2.83667
bhkk	12	62	2.83667
bhkk	12	62	2.83333
bhkk	12	62	2.83333
bhkk	12	62	2.83667
bhkk	12	62	2.84
bhkk	12	62	2.83333
bhkk	12	62	2.83667
bhkk	12	62	2.83667
bhkk	12	62	2.83333
bhkk	12	62	2.84
bhkk	12	62	2.83667
bhkk	12	62	2.83667
bhkk	12	62	2.83333
bhkk	12	62	2.83667
bhkk	12	62	2.83667
bhkk	12	62	2.83667
bhkk	12	62	2.83333
bhkk	12	62	2.83333
bhkk	12	62	2.83333
bhkk	12	62	2.83667
bhkk	12	62	2.84
bhkk	12	62	2.83667
bhkk	12	62	2.83667
bhkk	12	62	2.83667
bhkk	12	62	2.83333
bhkk	12	64	3.18
bhkk	12	64	3.16333
bhkk	12	64	3.16667
bhkk	12	64	3.16
bhkk	12	64	3.16
bhkk	12	64	3.16333
bhkk	12	64	3.15667
bhkk	12	64	3.16333
bhkk	12	64	3.16
bhkk	12	64	3.16667
bhkk	12	64	3.15667
bhkk	12	64	3.16667
bhkk	12	64	3.16
bhkk	12	64	3.16333
bhkk	12	64	3.16
bhkk	12	64	3.16
bhkk	12	64	3.16333
bhkk	12	64	3.16333
bhkk	12	64	3.16333
bhkk	12	64	3.16333
bhkk	12	64	3.16333
bhkk	12	64	3.16333
bhkk	12	64	3.16333
bhkk	12	64	3.16667
bhkk	12	64	3.16
bhkk	12	64	3.16333
bhkk	12	64	3.16333
bhkk	12	64	3.16333
bhkk	12	64	3.15667
bhkk	12	64	3.16
bhkk	12	64	3.16333
bhkk	12	64	3.16
bhkk	12	64	3.16333
bhkk	12	64	3.16333
bhkk	12	64	3.16333
bhkk	12	64	3.16333
bhkk	12	64	3.16
bhkk	12	64	3.16333
bhkk	12	64	3.16333
bhkk	12	64	3.16333
bhkk	12	64	3.16
bhkk	12	64	3.16333
bhkk	12	64	3.16
bhkk	12	64	3.16333
bhkk	12	64	3.16333
bhkk	12	64	3.16333
bhkk	12	64	3.16333
bhkk	12	64	3.16333
bhkk	12	64	3.16
bhkk	12	64	3.16
bhkk	12	66	3.49667
bhkk	12	66	3.47667
bhkk	12	66	3.48
bhkk	12	66	3.49
bhkk	12	66	3.47667
bhkk	12	66	3.47667
bhkk	12	66	3.47667
bhkk	12	66	3.47667
bhkk	12	66	3.47667
bhkk	12	66	3.48667
bhkk	12	66	3.47667
bhkk	12	66	3.47667
bhkk	12	66	3.48
bhkk	12	66	3.47667
bhkk	12	66	3.48
bhkk	12	66	3.49667
bhkk	12	66	3.47667
bhkk	12	66	3.47333
bhkk	12	66	3.47667
bhkk	12	66	3.47333
bhkk	12	66	3.47667
bhkk	12	66	3.47667
bhkk	12	66	3.47667
bhkk	12	66	3.47667
bhkk	12	66	3.47667
bhkk	12	66	3.47667
bhkk	12	66	3.47667
bhkk	12	66	3.47667
bhkk	12	66	3.47667
bhkk	12	66	3.47667
bhkk	12	66	3.47667
bhkk	12	66	3.47667
bhkk	12	66	3.48
bhkk	12	66	3.47667
bhkk	12	66	3.48333
bhkk	12	66	3.47667
bhkk	12	66	3.48
bhkk	12	66	3.48
bhkk	12	66	3.47333
bhkk	12	66	3.47667
bhkk	12	66	3.47667
bhkk	12	66	3.47667
bhkk	12	66	3.47667
bhkk	12	66	3.47667
bhkk	12	66	3.47667
bhkk	12	66	3.48
bhkk	12	66	3.47667
bhkk	12	66	3.47667
bhkk	12	66	3.47667
bhkk	12	66	3.47667
