bhkk	12	64	3.18
bhkk	12	64	3.16333
bhkk	12	64	3.16667
bhkk	12	64	3.16
bhkk	12	64	3.16
bhkk	12	64	3.16333
bhkk	12	64	3.15667
bhkk	12	64	3.16333
bhkk	12	64	3.16
bhkk	12	64	3.16667
bhkk	12	64	3.15667
bhkk	12	64	3.16667
bhkk	12	64	3.16
bhkk	12	64	3.16333
bhkk	12	64	3.16
bhkk	12	64	3.16
bhkk	12	64	3.16333
bhkk	12	64	3.16333
bhkk	12	64	3.16333
bhkk	12	64	3.16333
bhkk	12	64	3.16333
bhkk	12	64	3.16333
bhkk	12	64	3.16333
bhkk	12	64	3.16667
bhkk	12	64	3.16
bhkk	12	64	3.16333
bhkk	12	64	3.16333
bhkk	12	64	3.16333
bhkk	12	64	3.15667
bhkk	12	64	3.16
bhkk	12	64	3.16333
bhkk	12	64	3.16
bhkk	12	64	3.16333
bhkk	12	64	3.16333
bhkk	12	64	3.16333
bhkk	12	64	3.16333
bhkk	12	64	3.16
bhkk	12	64	3.16333
bhkk	12	64	3.16333
bhkk	12	64	3.16333
bhkk	12	64	3.16
bhkk	12	64	3.16333
bhkk	12	64	3.16
bhkk	12	64	3.16333
bhkk	12	64	3.16333
bhkk	12	64	3.16333
bhkk	12	64	3.16333
bhkk	12	64	3.16333
bhkk	12	64	3.16
bhkk	12	64	3.16
