bhkk	12	44	0.859999
bhkk	12	44	0.859999
bhkk	12	44	0.859999
bhkk	12	44	0.856666
bhkk	12	44	0.859999
bhkk	12	44	0.859999
bhkk	12	44	0.859999
bhkk	12	44	0.859999
bhkk	12	44	0.859999
bhkk	12	44	0.859999
bhkk	12	44	0.856666
bhkk	12	44	0.859999
bhkk	12	44	0.859999
bhkk	12	44	0.859999
bhkk	12	44	0.859999
bhkk	12	44	0.859999
bhkk	12	44	0.859999
bhkk	12	44	0.859999
bhkk	12	44	0.856666
bhkk	12	44	0.859999
bhkk	12	44	0.859999
bhkk	12	44	0.859999
bhkk	12	44	0.859999
bhkk	12	44	0.863333
bhkk	12	44	0.856666
bhkk	12	44	0.859999
bhkk	12	44	0.859999
bhkk	12	44	0.859999
bhkk	12	44	0.859999
bhkk	12	44	0.859999
bhkk	12	44	0.859999
bhkk	12	44	0.859999
bhkk	12	44	0.859999
bhkk	12	44	0.859999
bhkk	12	44	0.859999
bhkk	12	44	0.859999
bhkk	12	44	0.859999
bhkk	12	44	0.859999
bhkk	12	44	0.856666
bhkk	12	44	0.859999
bhkk	12	44	0.859999
bhkk	12	44	0.859999
bhkk	12	44	0.859999
bhkk	12	44	0.859999
bhkk	12	44	0.859999
bhkk	12	44	0.859999
bhkk	12	44	0.859999
bhkk	12	44	0.859999
bhkk	12	44	0.859999
bhkk	12	44	0.859999
