bj	12	54	0.763
bj	12	54	1.69
bj	12	54	1.12
bj	12	54	0.88
bj	12	54	1.65
bj	12	54	0.557
bj	12	54	0.9
bj	12	54	1.7
bj	12	54	2.17
bj	12	54	1.45
bj	12	54	1.74
bj	12	54	0.767
bj	12	54	0.857
bj	12	54	1.57
bj	12	54	0.903
bj	12	54	1.27
bj	12	54	0.69
bj	12	54	1.69
bj	12	54	2.65
bj	12	54	1.05
bj	12	54	1.78
bj	12	54	1.57
bj	12	54	4.05
bj	12	54	1.95
bj	12	54	1.26
bj	12	54	1.34
bj	12	54	1.08
bj	12	54	1.57
bj	12	54	1.46
bj	12	54	1.1
bj	12	54	2.24
bj	12	54	1.18
bj	12	54	2.46
bj	12	54	2.15
bj	12	54	0.847
bj	12	54	2.26
bj	12	54	1.17
bj	12	54	1.44
bj	12	54	3.19
bj	12	54	1.56
bj	12	54	1.05
bj	12	54	1.94
bj	12	54	1.34
bj	12	54	3.88
bj	12	54	1.55
bj	12	54	2.22
bj	12	54	1.57
bj	12	54	1.33
bj	12	54	1.98
bj	12	54	1.58
