bhkk	12	58	2.42333
bhkk	12	58	2.42
bhkk	12	58	2.41667
bhkk	12	58	2.41667
bhkk	12	58	2.41667
bhkk	12	58	2.41667
bhkk	12	58	2.41667
bhkk	12	58	2.41667
bhkk	12	58	2.41667
bhkk	12	58	2.41667
bhkk	12	58	2.41667
bhkk	12	58	2.42
bhkk	12	58	2.41667
bhkk	12	58	2.41667
bhkk	12	58	2.41667
bhkk	12	58	2.41667
bhkk	12	58	2.41667
bhkk	12	58	2.42
bhkk	12	58	2.42333
bhkk	12	58	2.41667
bhkk	12	58	2.42
bhkk	12	58	2.41667
bhkk	12	58	2.41667
bhkk	12	58	2.41667
bhkk	12	58	2.42667
bhkk	12	58	2.41667
bhkk	12	58	2.41667
bhkk	12	58	2.41667
bhkk	12	58	2.41667
bhkk	12	58	2.41667
bhkk	12	58	2.41667
bhkk	12	58	2.41667
bhkk	12	58	2.41667
bhkk	12	58	2.41667
bhkk	12	58	2.41667
bhkk	12	58	2.41667
bhkk	12	58	2.41667
bhkk	12	58	2.41667
bhkk	12	58	2.41667
bhkk	12	58	2.41667
bhkk	12	58	2.41667
bhkk	12	58	2.41667
bhkk	12	58	2.41667
bhkk	12	58	2.41667
bhkk	12	58	2.41667
bhkk	12	58	2.41333
bhkk	12	58	2.41667
bhkk	12	58	2.42
bhkk	12	58	2.41667
bhkk	12	58	2.41667
