hpr	12	58	0.283
hpr	12	58	0.367
hpr	12	58	0.647
hpr	12	58	0.47
hpr	12	58	0.473
hpr	12	58	0.37
hpr	12	58	0.75
hpr	12	58	0.383
hpr	12	58	0.357
hpr	12	58	0.367
hpr	12	58	0.743
hpr	12	58	0.88
hpr	12	58	0.573
hpr	12	58	0.497
hpr	12	58	0.63
hpr	12	58	0.36
hpr	12	58	0.407
hpr	12	58	0.533
hpr	12	58	0.653
hpr	12	58	0.517
hpr	12	58	0.583
hpr	12	58	0.643
hpr	12	58	0.513
hpr	12	58	0.253
hpr	12	58	0.28
hpr	12	58	0.6
hpr	12	58	0.493
hpr	12	58	0.57
hpr	12	58	0.33
hpr	12	58	0.723
hpr	12	58	0.333
hpr	12	58	0.587
hpr	12	58	0.46
hpr	12	58	0.713
hpr	12	58	0.81
hpr	12	58	0.77
hpr	12	58	0.54
hpr	12	58	0.593
hpr	12	58	0.627
hpr	12	58	0.413
hpr	12	58	0.487
hpr	12	58	0.493
hpr	12	58	0.693
hpr	12	58	0.763
hpr	12	58	0.72
hpr	12	58	0.667
hpr	12	58	0.44
hpr	12	58	0.523
hpr	12	58	0.777
hpr	12	58	0.527
