bj	12	56	3.03
bj	12	56	1.32
bj	12	56	2.64
bj	12	56	2.85
bj	12	56	2.04
bj	12	56	1.09
bj	12	56	1.23
bj	12	56	2.62
bj	12	56	1.29
bj	12	56	1.05
bj	12	56	2.25
bj	12	56	1.13
bj	12	56	0.843
bj	12	56	1.35
bj	12	56	0.743
bj	12	56	1.9
bj	12	56	1.43
bj	12	56	1.12
bj	12	56	1.77
bj	12	56	1.21
bj	12	56	1.86
bj	12	56	1.44
bj	12	56	1.21
bj	12	56	1.34
bj	12	56	1.77
bj	12	56	1.66
bj	12	56	0.93
bj	12	56	1.26
bj	12	56	2.47
bj	12	56	0.957
bj	12	56	2.97
bj	12	56	1.27
bj	12	56	2.01
bj	12	56	1.05
bj	12	56	0.927
bj	12	56	1.58
bj	12	56	1.72
bj	12	56	1.96
bj	12	56	1.93
bj	12	56	0.687
bj	12	56	1.5
bj	12	56	2.14
bj	12	56	1.28
bj	12	56	1.49
bj	12	56	1.43
bj	12	56	1.38
bj	12	56	1.2
bj	12	56	1.64
bj	12	56	1.68
bj	12	56	1.76
