bj	12	58	1.43
bj	12	58	1.47
bj	12	58	2.62
bj	12	58	1.52
bj	12	58	1.63
bj	12	58	2.33
bj	12	58	2.09
bj	12	58	1.93
bj	12	58	1.87
bj	12	58	1.92
bj	12	58	3.91
bj	12	58	2.25
bj	12	58	1.42
bj	12	58	1.5
bj	12	58	1.9
bj	12	58	1.57
bj	12	58	1.82
bj	12	58	1.21
bj	12	58	4.96
bj	12	58	1.6
bj	12	58	2.47
bj	12	58	4.93
bj	12	58	1.73
bj	12	58	1.62
bj	12	58	4.04
bj	12	58	1.2
bj	12	58	1.37
bj	12	58	2.5
bj	12	58	1.75
bj	12	58	2.45
bj	12	58	4.13
bj	12	58	2.15
bj	12	58	1.77
bj	12	58	2.51
bj	12	58	1.96
bj	12	58	3.47
bj	12	58	1.59
bj	12	58	1.52
bj	12	58	1.23
bj	12	58	1.71
bj	12	58	1.53
bj	12	58	1.63
bj	12	58	2.65
bj	12	58	2.03
bj	12	58	3.19
bj	12	58	1.42
bj	12	58	1.68
bj	12	58	2.17
bj	12	58	2.51
bj	12	58	2.28
