hpr	12	26	0.0133
hpr	12	26	0.0233
hpr	12	26	0.0333
hpr	12	26	0.01
hpr	12	26	0.02
hpr	12	26	0.02
hpr	12	26	0.0233
hpr	12	26	0.00333
hpr	12	26	0.0167
hpr	12	26	0.0133
hpr	12	26	0.0167
hpr	12	26	0.0167
hpr	12	26	0.01
hpr	12	26	0.03
hpr	12	26	0.01
hpr	12	26	0.02
hpr	12	26	0.0167
hpr	12	26	0.02
hpr	12	26	0.0133
hpr	12	26	0.0133
hpr	12	26	0.0133
hpr	12	26	0.00667
hpr	11	26	0.0167
hpr	12	26	0.02
hpr	12	26	0.0267
hpr	12	26	0.0133
hpr	12	26	0.0233
hpr	12	26	0.02
hpr	12	26	0.0133
hpr	12	26	0.01
hpr	12	26	0.0133
hpr	12	26	0.00667
hpr	12	26	0.0133
hpr	12	26	0.0133
hpr	12	26	0.00667
hpr	12	26	0.03
hpr	12	26	0.01
hpr	12	26	0.0167
hpr	12	26	0.0167
hpr	12	26	0.02
hpr	12	26	0.0233
hpr	12	26	0.02
hpr	12	26	0.0133
hpr	12	26	0.02
hpr	12	26	0.0167
hpr	12	26	0.00667
hpr	12	26	0.02
hpr	12	26	0.0133
hpr	12	26	0.0233
hpr	12	26	0.0167
