bhkk	12	40	0.983333
bhkk	12	40	0.983333
bhkk	12	40	0.983333
bhkk	12	40	0.979999
bhkk	12	40	0.983333
bhkk	12	40	0.983333
bhkk	12	40	0.979999
bhkk	12	40	0.979999
bhkk	12	40	0.983333
bhkk	12	40	0.983333
bhkk	12	40	0.979999
bhkk	12	40	0.979999
bhkk	12	40	0.979999
bhkk	12	40	0.976666
bhkk	12	40	0.983333
bhkk	12	40	0.979999
bhkk	12	40	0.983333
bhkk	12	40	0.979999
bhkk	12	40	0.983333
bhkk	12	40	0.976666
bhkk	12	40	0.983333
bhkk	12	40	0.976666
bhkk	12	40	0.983333
bhkk	12	40	0.979999
bhkk	12	40	0.983333
bhkk	12	40	0.979999
bhkk	12	40	0.979999
bhkk	12	40	0.983333
bhkk	12	40	0.983333
bhkk	12	40	0.983333
bhkk	12	40	0.979999
bhkk	12	40	0.983333
bhkk	12	40	0.983333
bhkk	12	40	0.979999
bhkk	12	40	0.983333
bhkk	12	40	0.979999
bhkk	12	40	0.976666
bhkk	12	40	0.976666
bhkk	12	40	0.983333
bhkk	12	40	0.979999
bhkk	12	40	0.979999
bhkk	12	40	0.983333
bhkk	12	40	0.983333
bhkk	12	40	0.979999
bhkk	12	40	0.983333
bhkk	12	40	0.983333
bhkk	12	40	0.979999
bhkk	12	40	0.979999
bhkk	12	40	0.983333
bhkk	12	40	0.979999
