hpr	12	38	0.337
hpr	12	38	0.203
hpr	12	38	0.24
hpr	12	38	0.127
hpr	12	38	0.133
hpr	12	38	0.167
hpr	12	38	0.31
hpr	12	38	0.273
hpr	12	38	0.21
hpr	12	38	0.297
hpr	12	38	0.21
hpr	12	38	0.227
hpr	12	38	0.23
hpr	12	38	0.307
hpr	12	38	0.3
hpr	12	38	0.17
hpr	12	38	0.257
hpr	12	38	0.187
hpr	12	38	0.21
hpr	12	38	0.297
hpr	12	38	0.27
hpr	12	38	0.263
hpr	12	38	0.283
hpr	12	38	0.21
hpr	12	38	0.223
hpr	12	38	0.183
hpr	12	38	0.18
hpr	12	38	0.2
hpr	12	38	0.327
hpr	12	38	0.337
hpr	12	38	0.283
hpr	12	38	0.233
hpr	12	38	0.24
hpr	12	38	0.26
hpr	12	38	0.223
hpr	12	38	0.3
hpr	12	38	0.22
hpr	12	38	0.18
hpr	12	38	0.29
hpr	12	38	0.25
hpr	12	38	0.16
hpr	12	38	0.25
hpr	12	38	0.25
hpr	12	38	0.343
hpr	12	38	0.163
hpr	12	38	0.23
hpr	12	38	0.263
hpr	12	38	0.35
hpr	12	38	0.32
hpr	12	38	0.233
