bj	12	40	0.247
bj	12	40	0.243
bj	12	40	0.0767
bj	12	40	0.157
bj	12	40	0.0667
bj	12	40	0.35
bj	12	40	0.23
bj	12	40	0.09
bj	12	40	0.0967
bj	12	40	0.213
bj	12	40	0.377
bj	12	40	0.287
bj	12	40	0.347
bj	12	40	0.407
bj	12	40	0.12
bj	12	40	0.147
bj	12	40	0.197
bj	12	40	0.407
bj	12	40	0.36
bj	12	40	0.1
bj	12	40	0.293
bj	12	40	0.233
bj	12	40	0.15
bj	12	40	0.353
bj	12	40	0.277
bj	12	40	0.147
bj	12	40	0.15
bj	12	40	0.24
bj	12	40	0.163
bj	12	40	0.08
bj	12	40	0.317
bj	12	40	0.207
bj	12	40	0.293
bj	12	40	0.137
bj	12	40	0.197
bj	12	40	0.163
bj	12	40	0.25
bj	12	40	0.1
bj	12	40	0.17
bj	12	40	0.333
bj	12	40	0.297
bj	12	40	0.263
bj	12	40	0.163
bj	12	40	0.15
bj	12	40	0.383
bj	12	40	0.207
bj	12	40	0.15
bj	12	40	0.187
bj	12	40	0.147
bj	12	40	0.317
