bj	12	60	3.04
bj	12	60	1.54
bj	12	60	1.5
bj	12	60	1.51
bj	12	60	1.07
bj	12	60	8.36
bj	12	60	2.11
bj	12	60	2.24
bj	12	60	2.13
bj	12	60	2
bj	12	60	1.86
bj	12	60	2.03
bj	12	60	1.87
bj	12	60	2.46
bj	12	60	1.34
bj	12	60	1.41
bj	12	60	2.06
bj	12	60	2.33
bj	12	60	3.2
bj	12	60	1.48
bj	12	60	2.35
bj	12	60	1.88
bj	12	60	1.57
bj	12	60	2.09
bj	12	60	1.93
bj	12	60	1.59
bj	12	60	1.81
bj	12	60	2.1
bj	12	60	1.43
bj	12	60	2.89
bj	12	60	1.77
bj	12	60	1.74
bj	12	60	1.86
bj	12	60	2.22
bj	12	60	1.81
bj	12	60	1.64
bj	12	60	1.38
bj	12	60	1.52
bj	12	60	1.98
bj	12	60	7.2
bj	12	60	1.9
bj	12	60	2.32
bj	12	60	1.73
bj	12	60	1.61
bj	12	60	1.53
bj	12	60	1.97
bj	12	60	3.3
bj	12	60	4.19
bj	12	60	1.56
bj	12	60	7.23
