hpr	12	54	0.443
hpr	12	54	0.883
hpr	12	54	0.667
hpr	12	54	0.783
hpr	12	54	0.287
hpr	12	54	0.53
hpr	12	54	0.757
hpr	12	54	0.637
hpr	12	54	0.767
hpr	12	54	0.62
hpr	12	54	0.707
hpr	12	54	0.473
hpr	12	54	0.85
hpr	12	54	0.54
hpr	12	54	0.747
hpr	12	54	0.703
hpr	12	54	0.567
hpr	12	54	0.713
hpr	12	54	0.91
hpr	12	54	0.903
hpr	12	54	0.813
hpr	12	54	0.683
hpr	12	54	0.62
hpr	12	54	0.48
hpr	12	54	0.74
hpr	12	54	0.587
hpr	12	54	0.847
hpr	12	54	0.75
hpr	12	54	0.627
hpr	12	54	0.603
hpr	12	54	0.867
hpr	12	54	0.747
hpr	12	54	0.797
hpr	12	54	0.487
hpr	12	54	0.913
hpr	12	54	0.61
hpr	12	54	0.74
hpr	12	54	0.45
hpr	12	54	0.81
hpr	12	54	0.483
hpr	12	54	0.717
hpr	12	54	0.573
hpr	12	54	0.653
hpr	12	54	0.593
hpr	12	54	0.63
hpr	12	54	0.487
hpr	12	54	0.63
hpr	12	54	0.863
hpr	12	54	0.417
hpr	12	54	0.57
