bhkk	12	16	0.196666
bhkk	11	16	0.089999
bhkk	12	16	0.193333
bhkk	12	16	0.193333
bhkk	11	16	0.089999
bhkk	10	16	0.039999
bhkk	12	16	0.193333
bhkk	11	16	0.089999
bhkk	12	16	0.193333
bhkk	12	16	0.193333
bhkk	12	16	0.193333
bhkk	11	16	0.089999
bhkk	12	16	0.193333
bhkk	12	16	0.193333
bhkk	12	16	0.189999
bhkk	12	16	0.193333
bhkk	12	16	0.193333
bhkk	12	16	0.193333
bhkk	12	16	0.189999
bhkk	11	16	0.089999
bhkk	12	16	0.193333
bhkk	11	16	0.089999
bhkk	12	16	0.189999
bhkk	12	16	0.193333
bhkk	12	16	0.193333
bhkk	11	16	0.089999
bhkk	10	16	0.039999
bhkk	12	16	0.193333
bhkk	12	16	0.193333
bhkk	10	16	0.039999
bhkk	10	16	0.039999
bhkk	12	16	0.193333
bhkk	11	16	0.086666
bhkk	11	16	0.089999
bhkk	10	16	0.043333
bhkk	12	16	0.193333
bhkk	11	16	0.089999
bhkk	12	16	0.193333
bhkk	11	16	0.089999
bhkk	12	16	0.193333
bhkk	12	16	0.193333
bhkk	12	16	0.193333
bhkk	11	16	0.089999
bhkk	12	16	0.193333
bhkk	11	16	0.089999
bhkk	11	16	0.089999
bhkk	12	16	0.189999
bhkk	12	16	0.193333
bhkk	12	16	0.193333
bhkk	12	16	0.193333
