bj	12	42	0.48
bj	12	42	0.567
bj	12	42	0.577
bj	12	42	0.16
bj	12	42	0.22
bj	12	42	0.617
bj	12	42	0.703
bj	12	42	0.247
bj	12	42	0.17
bj	12	42	0.457
bj	12	42	0.363
bj	12	42	0.227
bj	12	42	0.18
bj	12	42	0.37
bj	12	42	0.273
bj	12	42	0.2
bj	12	42	0.343
bj	12	42	0.21
bj	12	42	0.15
bj	12	42	0.957
bj	12	42	0.257
bj	12	42	0.447
bj	12	42	0.497
bj	12	42	0.29
bj	12	42	0.363
bj	12	42	0.473
bj	12	42	0.22
bj	12	42	0.173
bj	12	42	0.217
bj	12	42	0.27
bj	12	42	0.297
bj	12	42	0.71
bj	12	42	0.413
bj	12	42	0.743
bj	12	42	0.28
bj	12	42	0.283
bj	12	42	0.587
bj	12	42	0.0967
bj	12	42	0.177
bj	12	42	1.09
bj	12	42	0.283
bj	12	42	0.243
bj	12	42	0.103
bj	12	42	0.513
bj	12	42	0.623
bj	12	42	0.42
bj	12	42	0.553
bj	12	42	0.353
bj	12	42	0.41
bj	12	42	0.25
