bhkk	12	66	3.49667
bhkk	12	66	3.47667
bhkk	12	66	3.48
bhkk	12	66	3.49
bhkk	12	66	3.47667
bhkk	12	66	3.47667
bhkk	12	66	3.47667
bhkk	12	66	3.47667
bhkk	12	66	3.47667
bhkk	12	66	3.48667
bhkk	12	66	3.47667
bhkk	12	66	3.47667
bhkk	12	66	3.48
bhkk	12	66	3.47667
bhkk	12	66	3.48
bhkk	12	66	3.49667
bhkk	12	66	3.47667
bhkk	12	66	3.47333
bhkk	12	66	3.47667
bhkk	12	66	3.47333
bhkk	12	66	3.47667
bhkk	12	66	3.47667
bhkk	12	66	3.47667
bhkk	12	66	3.47667
bhkk	12	66	3.47667
bhkk	12	66	3.47667
bhkk	12	66	3.47667
bhkk	12	66	3.47667
bhkk	12	66	3.47667
bhkk	12	66	3.47667
bhkk	12	66	3.47667
bhkk	12	66	3.47667
bhkk	12	66	3.48
bhkk	12	66	3.47667
bhkk	12	66	3.48333
bhkk	12	66	3.47667
bhkk	12	66	3.48
bhkk	12	66	3.48
bhkk	12	66	3.47333
bhkk	12	66	3.47667
bhkk	12	66	3.47667
bhkk	12	66	3.47667
bhkk	12	66	3.47667
bhkk	12	66	3.47667
bhkk	12	66	3.47667
bhkk	12	66	3.48
bhkk	12	66	3.47667
bhkk	12	66	3.47667
bhkk	12	66	3.47667
bhkk	12	66	3.47667
