hpr	12	30	0.06
hpr	12	30	0.04
hpr	12	30	0.0467
hpr	12	30	0.0633
hpr	12	30	0.0733
hpr	12	30	0.0667
hpr	12	30	0.0667
hpr	12	30	0.05
hpr	12	30	0.0667
hpr	12	30	0.0467
hpr	12	30	0.0633
hpr	12	30	0.04
hpr	12	30	0.02
hpr	12	30	0.0533
hpr	12	30	0.07
hpr	12	30	0.0633
hpr	12	30	0.04
hpr	12	30	0.0467
hpr	12	30	0.0433
hpr	12	30	0.0467
hpr	12	30	0.0333
hpr	12	30	0.02
hpr	12	30	0.0233
hpr	12	30	0.06
hpr	12	30	0.08
hpr	12	30	0.0467
hpr	12	30	0.0633
hpr	12	30	0.0433
hpr	12	30	0.0633
hpr	12	30	0.06
hpr	12	30	0.0533
hpr	12	30	0.04
hpr	12	30	0.0333
hpr	12	30	0.0567
hpr	12	30	0.0533
hpr	12	30	0.06
hpr	12	30	0.06
hpr	12	30	0.0433
hpr	12	30	0.04
hpr	12	30	0.03
hpr	12	30	0.0833
hpr	12	30	0.03
hpr	12	30	0.0567
hpr	12	30	0.0833
hpr	12	30	0.0367
hpr	12	30	0.07
hpr	12	30	0.06
hpr	12	30	0.0367
hpr	12	30	0.0533
hpr	12	30	0.0467
