hpr	12	28	0.0667
hpr	12	28	0.04
hpr	12	28	0.0333
hpr	12	28	0.02
hpr	12	28	0.04
hpr	12	28	0.0167
hpr	12	28	0.0367
hpr	12	28	0.0267
hpr	12	28	0.01
hpr	11	28	0.02
hpr	12	28	0.04
hpr	12	28	0.05
hpr	12	28	0.02
hpr	12	28	0.0133
hpr	12	28	0.01
hpr	12	28	0.04
hpr	12	28	0.03
hpr	12	28	0.0333
hpr	12	28	0.02
hpr	12	28	0.0267
hpr	12	28	0.0267
hpr	11	28	0.0133
hpr	12	28	0.0267
hpr	12	28	0.0333
hpr	12	28	0.04
hpr	12	28	0.05
hpr	12	28	0.0333
hpr	12	28	0.03
hpr	12	28	0.04
hpr	12	28	0.05
hpr	12	28	0.0267
hpr	12	28	0.0433
hpr	12	28	0.0133
hpr	12	28	0.02
hpr	12	28	0.0367
hpr	12	28	0.03
hpr	12	28	0.0567
hpr	12	28	0.04
hpr	12	28	0.0267
hpr	12	28	0.0233
hpr	12	28	0.0467
hpr	12	28	0.0333
hpr	12	28	0.0533
hpr	12	28	0.0267
hpr	12	28	0.0167
hpr	12	28	0.0533
hpr	12	28	0.03
hpr	12	28	0.02
hpr	12	28	0.0267
hpr	12	28	0.0367
