bhkk	12	34	0.609999
bhkk	12	34	0.606666
bhkk	12	34	0.609999
bhkk	12	34	0.609999
bhkk	12	34	0.609999
bhkk	12	34	0.609999
bhkk	12	34	0.609999
bhkk	12	34	0.609999
bhkk	12	34	0.609999
bhkk	12	34	0.609999
bhkk	12	34	0.613333
bhkk	12	34	0.609999
bhkk	12	34	0.609999
bhkk	12	34	0.609999
bhkk	12	34	0.609999
bhkk	12	34	0.609999
bhkk	12	34	0.606666
bhkk	12	34	0.609999
bhkk	12	34	0.609999
bhkk	12	34	0.609999
bhkk	12	34	0.609999
bhkk	12	34	0.609999
bhkk	12	34	0.609999
bhkk	12	34	0.609999
bhkk	12	34	0.613333
bhkk	12	34	0.609999
bhkk	12	34	0.609999
bhkk	12	34	0.609999
bhkk	12	34	0.609999
bhkk	12	34	0.609999
bhkk	12	34	0.609999
bhkk	12	34	0.609999
bhkk	12	34	0.609999
bhkk	12	34	0.609999
bhkk	12	34	0.609999
bhkk	12	34	0.609999
bhkk	12	34	0.609999
bhkk	12	34	0.606666
bhkk	12	34	0.609999
bhkk	12	34	0.609999
bhkk	12	34	0.609999
bhkk	12	34	0.609999
bhkk	12	34	0.606666
bhkk	12	34	0.609999
bhkk	12	34	0.609999
bhkk	12	34	0.606666
bhkk	12	34	0.609999
bhkk	12	34	0.609999
bhkk	12	34	0.609999
bhkk	12	34	0.609999
