hpr	12	64	0.253
hpr	12	64	0.323
hpr	12	64	0.29
hpr	12	64	0.187
hpr	12	64	0.283
hpr	12	64	0.263
hpr	12	64	0.257
hpr	12	64	0.157
hpr	12	64	0.287
hpr	12	64	0.3
hpr	12	64	0.263
hpr	12	64	0.26
hpr	12	64	0.287
hpr	12	64	0.29
hpr	12	64	0.373
hpr	12	64	0.297
hpr	12	64	0.22
hpr	12	64	0.17
hpr	12	64	0.297
hpr	12	64	0.167
hpr	12	64	0.273
hpr	12	64	0.383
hpr	12	64	0.323
hpr	12	64	0.307
hpr	12	64	0.333
hpr	12	64	0.343
hpr	12	64	0.267
hpr	12	64	0.277
hpr	12	64	0.28
hpr	12	64	0.277
hpr	12	64	0.197
hpr	12	64	0.167
hpr	12	64	0.21
hpr	12	64	0.27
hpr	12	64	0.273
hpr	12	64	0.283
hpr	12	64	0.32
hpr	12	64	0.343
hpr	12	64	0.21
hpr	12	64	0.277
hpr	12	64	0.307
hpr	12	64	0.313
hpr	12	64	0.287
hpr	12	64	0.187
hpr	12	64	0.273
hpr	12	64	0.323
hpr	12	64	0.273
hpr	12	64	0.277
hpr	12	64	0.327
hpr	12	64	0.31
