bj	12	38	0.07
bj	12	38	0.0433
bj	12	38	0.163
bj	12	38	0.117
bj	12	38	0.107
bj	12	38	0.0767
bj	12	38	0.08
bj	12	38	0.11
bj	12	38	0.0833
bj	12	38	0.13
bj	12	38	0.117
bj	12	38	0.257
bj	12	38	0.37
bj	12	38	0.0833
bj	12	38	0.21
bj	12	38	0.06
bj	12	38	0.133
bj	12	38	0.0667
bj	12	38	0.143
bj	12	38	0.0967
bj	12	38	0.327
bj	12	38	0.0533
bj	12	38	0.157
bj	12	38	0.0833
bj	12	38	0.0833
bj	12	38	0.103
bj	12	38	0.113
bj	12	38	0.12
bj	12	38	0.163
bj	12	38	0.12
bj	12	38	0.11
bj	12	38	0.22
bj	12	38	0.24
bj	12	38	0.0733
bj	12	38	0.137
bj	12	38	0.11
bj	12	38	0.183
bj	12	38	0.0833
bj	12	38	0.0567
bj	12	38	0.117
bj	12	38	0.06
bj	12	38	0.12
bj	12	38	0.12
bj	12	38	0.29
bj	12	38	0.04
bj	12	38	0.117
bj	12	38	0.1
bj	12	38	0.257
bj	12	38	0.183
bj	12	38	0.0733
