bj	12	34	0.0567
bj	12	34	0.05
bj	12	34	0.0533
bj	12	34	0.07
bj	12	34	0.0467
bj	12	34	0.06
bj	12	34	0.0367
bj	12	34	0.0533
bj	12	34	0.04
bj	12	34	0.0433
bj	12	34	0.0267
bj	12	34	0.0167
bj	12	34	0.06
bj	12	34	0.0333
bj	12	34	0.03
bj	12	34	0.0367
bj	12	34	0.0333
bj	12	34	0.0333
bj	12	34	0.0167
bj	12	34	0.0267
bj	12	34	0.143
bj	12	34	0.0433
bj	12	34	0.0467
bj	12	34	0.0433
bj	12	34	0.02
bj	12	34	0.05
bj	12	34	0.0733
bj	12	34	0.06
bj	12	34	0.03
bj	12	34	0.0467
bj	12	34	0.07
bj	12	34	0.0867
bj	12	34	0.0567
bj	12	34	0.07
bj	12	34	0.0633
bj	12	34	0.0633
bj	12	34	0.0333
bj	12	34	0.0167
bj	12	34	0.0367
bj	12	34	0.0533
bj	12	34	0.0267
bj	12	34	0.0333
bj	12	34	0.0333
bj	12	34	0.06
bj	12	34	0.0533
bj	12	34	0.0433
bj	12	34	0.03
bj	12	34	0.0367
bj	12	34	0.0433
bj	12	34	0.0567
