bhkk	12	28	0.496666
bhkk	12	28	0.496666
bhkk	12	28	0.496666
bhkk	12	28	0.496666
bhkk	12	28	0.493333
bhkk	12	28	0.496666
bhkk	12	28	0.496666
bhkk	12	28	0.496666
bhkk	12	28	0.496666
bhkk	11	28	0.209999
bhkk	12	28	0.496666
bhkk	12	28	0.496666
bhkk	12	28	0.496666
bhkk	12	28	0.496666
bhkk	12	28	0.496666
bhkk	12	28	0.496666
bhkk	12	28	0.496666
bhkk	12	28	0.496666
bhkk	12	28	0.496666
bhkk	12	28	0.493333
bhkk	12	28	0.493333
bhkk	11	28	0.206666
bhkk	12	28	0.496666
bhkk	12	28	0.496666
bhkk	12	28	0.496666
bhkk	12	28	0.496666
bhkk	12	28	0.496666
bhkk	12	28	0.496666
bhkk	12	28	0.496666
bhkk	12	28	0.496666
bhkk	12	28	0.496666
bhkk	12	28	0.496666
bhkk	12	28	0.496666
bhkk	12	28	0.496666
bhkk	12	28	0.496666
bhkk	12	28	0.496666
bhkk	12	28	0.496666
bhkk	12	28	0.496666
bhkk	12	28	0.496666
bhkk	12	28	0.496666
bhkk	12	28	0.496666
bhkk	12	28	0.496666
bhkk	12	28	0.496666
bhkk	12	28	0.496666
bhkk	12	28	0.496666
bhkk	12	28	0.496666
bhkk	12	28	0.496666
bhkk	12	28	0.496666
bhkk	12	28	0.496666
bhkk	12	28	0.496666
