bhkk	12	56	2.72333
bhkk	12	56	2.69667
bhkk	12	56	2.7
bhkk	12	56	2.7
bhkk	12	56	2.7
bhkk	12	56	2.69667
bhkk	12	56	2.7
bhkk	12	56	2.7
bhkk	12	56	2.69667
bhkk	12	56	2.69667
bhkk	12	56	2.7
bhkk	12	56	2.69667
bhkk	12	56	2.69333
bhkk	12	56	2.7
bhkk	12	56	2.7
bhkk	12	56	2.7
bhkk	12	56	2.69667
bhkk	12	56	2.7
bhkk	12	56	2.69667
bhkk	12	56	2.69667
bhkk	12	56	2.7
bhkk	12	56	2.7
bhkk	12	56	2.7
bhkk	12	56	2.69667
bhkk	12	56	2.7
bhkk	12	56	2.7
bhkk	12	56	2.69667
bhkk	12	56	2.69667
bhkk	12	56	2.7
bhkk	12	56	2.70333
bhkk	12	56	2.69667
bhkk	12	56	2.69667
bhkk	12	56	2.7
bhkk	12	56	2.7
bhkk	12	56	2.7
bhkk	12	56	2.7
bhkk	12	56	2.7
bhkk	12	56	2.7
bhkk	12	56	2.7
bhkk	12	56	2.7
bhkk	12	56	2.7
bhkk	12	56	2.7
bhkk	12	56	2.69667
bhkk	12	56	2.7
bhkk	12	56	2.7
bhkk	12	56	2.69667
bhkk	12	56	2.7
bhkk	12	56	2.69667
bhkk	12	56	2.7
bhkk	12	56	2.69333
