bhkk	12	50	1.27333
bhkk	12	50	1.25667
bhkk	12	50	1.25
bhkk	12	50	1.25
bhkk	12	50	1.25
bhkk	12	50	1.25
bhkk	12	50	1.25
bhkk	12	50	1.25
bhkk	12	50	1.25
bhkk	12	50	1.25333
bhkk	12	50	1.25
bhkk	12	50	1.25
bhkk	12	50	1.25
bhkk	12	50	1.25333
bhkk	12	50	1.25
bhkk	12	50	1.25333
bhkk	12	50	1.25
bhkk	12	50	1.25333
bhkk	12	50	1.25
bhkk	12	50	1.25
bhkk	12	50	1.25
bhkk	12	50	1.25
bhkk	12	50	1.25
bhkk	12	50	1.25333
bhkk	12	50	1.25
bhkk	12	50	1.25333
bhkk	12	50	1.25
bhkk	12	50	1.25
bhkk	12	50	1.25
bhkk	12	50	1.25
bhkk	12	50	1.25
bhkk	12	50	1.25333
bhkk	12	50	1.25
bhkk	12	50	1.25
bhkk	12	50	1.25
bhkk	12	50	1.25
bhkk	12	50	1.25
bhkk	12	50	1.25
bhkk	12	50	1.25
bhkk	12	50	1.25
bhkk	12	50	1.25
bhkk	12	50	1.25
bhkk	12	50	1.25667
bhkk	12	50	1.25667
bhkk	12	50	1.25
bhkk	12	50	1.25
bhkk	12	50	1.25667
bhkk	12	50	1.25
bhkk	12	50	1.25
bhkk	12	50	1.26333
