bj	12	50	0.587
bj	12	50	0.777
bj	12	50	1.52
bj	12	50	1.16
bj	12	50	0.56
bj	12	50	0.993
bj	12	50	2.39
bj	12	50	0.603
bj	12	50	1.12
bj	12	50	1.08
bj	12	50	2.28
bj	12	50	0.797
bj	12	50	0.593
bj	12	50	0.523
bj	12	50	1.47
bj	12	50	0.527
bj	12	50	0.707
bj	12	50	0.56
bj	12	50	1.81
bj	12	50	2.15
bj	12	50	0.587
bj	12	50	1.04
bj	12	50	0.86
bj	12	50	1.51
bj	12	50	0.973
bj	12	50	0.52
bj	12	50	0.673
bj	12	50	1.62
bj	12	50	0.563
bj	12	50	0.517
bj	12	50	3.45
bj	12	50	0.653
bj	12	50	0.37
bj	12	50	0.787
bj	12	50	1.12
bj	12	50	1.51
bj	12	50	2.06
bj	12	50	1.15
bj	12	50	1.38
bj	12	50	0.613
bj	12	50	0.617
bj	12	50	1.16
bj	12	50	0.693
bj	12	50	1.2
bj	12	50	1.23
bj	12	50	1.47
bj	12	50	1.31
bj	12	50	0.58
bj	12	50	0.38
bj	12	50	0.903
