bhkk	12	38	0.916666
bhkk	12	38	0.919999
bhkk	12	38	0.916666
bhkk	12	38	0.916666
bhkk	12	38	0.916666
bhkk	12	38	0.916666
bhkk	12	38	0.916666
bhkk	12	38	0.916666
bhkk	12	38	0.916666
bhkk	12	38	0.916666
bhkk	12	38	0.916666
bhkk	12	38	0.916666
bhkk	12	38	0.916666
bhkk	12	38	0.916666
bhkk	12	38	0.916666
bhkk	12	38	0.916666
bhkk	12	38	0.916666
bhkk	12	38	0.913333
bhkk	12	38	0.913333
bhkk	12	38	0.916666
bhkk	12	38	0.916666
bhkk	12	38	0.916666
bhkk	12	38	0.916666
bhkk	12	38	0.919999
bhkk	12	38	0.916666
bhkk	12	38	0.916666
bhkk	12	38	0.913333
bhkk	12	38	0.916666
bhkk	12	38	0.916666
bhkk	12	38	0.916666
bhkk	12	38	0.913333
bhkk	12	38	0.916666
bhkk	12	38	0.916666
bhkk	12	38	0.916666
bhkk	12	38	0.916666
bhkk	12	38	0.916666
bhkk	12	38	0.916666
bhkk	12	38	0.916666
bhkk	12	38	0.916666
bhkk	12	38	0.916666
bhkk	12	38	0.916666
bhkk	12	38	0.916666
bhkk	12	38	0.916666
bhkk	12	38	0.916666
bhkk	12	38	0.916666
bhkk	12	38	0.913333
bhkk	12	38	0.916666
bhkk	12	38	0.916666
bhkk	12	38	0.916666
bhkk	12	38	0.916666
