hpr	12	42	0.467
hpr	12	42	0.367
hpr	12	42	0.247
hpr	12	42	0.19
hpr	12	42	0.35
hpr	12	42	0.443
hpr	12	42	0.39
hpr	12	42	0.297
hpr	12	42	0.35
hpr	12	42	0.367
hpr	12	42	0.22
hpr	12	42	0.313
hpr	12	42	0.267
hpr	12	42	0.3
hpr	12	42	0.29
hpr	12	42	0.297
hpr	12	42	0.33
hpr	12	42	0.323
hpr	12	42	0.323
hpr	12	42	0.417
hpr	12	42	0.38
hpr	12	42	0.453
hpr	12	42	0.287
hpr	12	42	0.433
hpr	12	42	0.38
hpr	12	42	0.393
hpr	12	42	0.383
hpr	12	42	0.29
hpr	12	42	0.253
hpr	12	42	0.42
hpr	12	42	0.313
hpr	12	42	0.38
hpr	12	42	0.33
hpr	12	42	0.27
hpr	12	42	0.33
hpr	12	42	0.33
hpr	12	42	0.417
hpr	12	42	0.14
hpr	12	42	0.327
hpr	12	42	0.273
hpr	12	42	0.323
hpr	12	42	0.307
hpr	12	42	0.23
hpr	12	42	0.357
hpr	12	42	0.427
hpr	12	42	0.403
hpr	12	42	0.37
hpr	12	42	0.32
hpr	12	42	0.25
hpr	12	42	0.34
