hpr	12	32	0.117
hpr	12	32	0.0433
hpr	12	32	0.07
hpr	12	32	0.0733
hpr	12	32	0.11
hpr	12	32	0.0467
hpr	12	32	0.0633
hpr	12	32	0.0633
hpr	12	32	0.0667
hpr	12	32	0.06
hpr	12	32	0.0667
hpr	12	32	0.0967
hpr	12	32	0.0667
hpr	12	32	0.0667
hpr	12	32	0.0633
hpr	12	32	0.0333
hpr	12	32	0.0367
hpr	12	32	0.0767
hpr	12	32	0.0533
hpr	12	32	0.05
hpr	12	32	0.0767
hpr	12	32	0.0667
hpr	12	32	0.0567
hpr	12	32	0.07
hpr	12	32	0.0867
hpr	12	32	0.0667
hpr	12	32	0.0467
hpr	12	32	0.0733
hpr	12	32	0.06
hpr	12	32	0.09
hpr	12	32	0.07
hpr	12	32	0.04
hpr	12	32	0.107
hpr	12	32	0.0967
hpr	12	32	0.0733
hpr	12	32	0.0567
hpr	12	32	0.07
hpr	12	32	0.0667
hpr	12	32	0.0967
hpr	12	32	0.0333
hpr	12	32	0.0667
hpr	12	32	0.0567
hpr	12	32	0.0767
hpr	12	32	0.05
hpr	12	32	0.0533
hpr	12	32	0.12
hpr	12	32	0.0733
hpr	12	32	0.0433
hpr	12	32	0.0533
hpr	12	32	0.0667
