hpr	12	66	0.31
hpr	12	66	0.267
hpr	12	66	0.263
hpr	12	66	0.26
hpr	12	66	0.263
hpr	12	66	0.267
hpr	12	66	0.263
hpr	12	66	0.263
hpr	12	66	0.26
hpr	12	66	0.267
hpr	12	66	0.257
hpr	12	66	0.263
hpr	12	66	0.257
hpr	12	66	0.263
hpr	12	66	0.267
hpr	12	66	0.263
hpr	12	66	0.263
hpr	12	66	0.263
hpr	12	66	0.263
hpr	12	66	0.263
hpr	12	66	0.267
hpr	12	66	0.26
hpr	12	66	0.263
hpr	12	66	0.263
hpr	12	66	0.267
hpr	12	66	0.263
hpr	12	66	0.267
hpr	12	66	0.263
hpr	12	66	0.26
hpr	12	66	0.267
hpr	12	66	0.263
hpr	12	66	0.267
hpr	12	66	0.257
hpr	12	66	0.267
hpr	12	66	0.263
hpr	12	66	0.263
hpr	12	66	0.263
hpr	12	66	0.263
hpr	12	66	0.263
hpr	12	66	0.263
hpr	12	66	0.26
hpr	12	66	0.263
hpr	12	66	0.26
hpr	12	66	0.253
hpr	12	66	0.257
hpr	12	66	0.263
hpr	12	66	0.263
hpr	12	66	0.263
hpr	12	66	0.263
hpr	12	66	0.263
