bhkk	12	36	0.749999
bhkk	12	36	0.713333
bhkk	12	36	0.713333
bhkk	12	36	0.713333
bhkk	12	36	0.713333
bhkk	12	36	0.713333
bhkk	12	36	0.713333
bhkk	12	36	0.713333
bhkk	12	36	0.713333
bhkk	12	36	0.713333
bhkk	12	36	0.713333
bhkk	12	36	0.713333
bhkk	12	36	0.713333
bhkk	12	36	0.713333
bhkk	12	36	0.713333
bhkk	12	36	0.713333
bhkk	12	36	0.713333
bhkk	12	36	0.713333
bhkk	12	36	0.713333
bhkk	12	36	0.716666
bhkk	12	36	0.713333
bhkk	12	36	0.713333
bhkk	12	36	0.713333
bhkk	12	36	0.726666
bhkk	12	36	0.713333
bhkk	12	36	0.713333
bhkk	12	36	0.713333
bhkk	12	36	0.713333
bhkk	12	36	0.709999
bhkk	12	36	0.713333
bhkk	12	36	0.729999
bhkk	12	36	0.713333
bhkk	12	36	0.713333
bhkk	12	36	0.713333
bhkk	12	36	0.713333
bhkk	12	36	0.713333
bhkk	12	36	0.713333
bhkk	12	36	0.713333
bhkk	12	36	0.713333
bhkk	12	36	0.716666
bhkk	12	36	0.713333
bhkk	12	36	0.716666
bhkk	12	36	0.713333
bhkk	12	36	0.713333
bhkk	12	36	0.713333
bhkk	12	36	0.713333
bhkk	12	36	0.713333
bhkk	12	36	0.713333
bhkk	12	36	0.713333
bhkk	12	36	0.709999
