hpr	12	44	0.453
hpr	12	44	0.533
hpr	12	44	0.387
hpr	12	44	0.38
hpr	12	44	0.42
hpr	12	44	0.433
hpr	12	44	0.41
hpr	12	44	0.543
hpr	12	44	0.383
hpr	12	44	0.37
hpr	12	44	0.32
hpr	12	44	0.353
hpr	12	44	0.32
hpr	12	44	0.39
hpr	12	44	0.313
hpr	12	44	0.39
hpr	12	44	0.457
hpr	12	44	0.363
hpr	12	44	0.44
hpr	12	44	0.537
hpr	12	44	0.577
hpr	12	44	0.483
hpr	12	44	0.443
hpr	12	44	0.477
hpr	12	44	0.383
hpr	12	44	0.33
hpr	12	44	0.31
hpr	12	44	0.387
hpr	12	44	0.46
hpr	12	44	0.317
hpr	12	44	0.34
hpr	12	44	0.37
hpr	12	44	0.497
hpr	12	44	0.383
hpr	12	44	0.33
hpr	12	44	0.403
hpr	12	44	0.447
hpr	12	44	0.497
hpr	12	44	0.407
hpr	12	44	0.44
hpr	12	44	0.387
hpr	12	44	0.41
hpr	12	44	0.443
hpr	12	44	0.307
hpr	12	44	0.55
hpr	12	44	0.527
hpr	12	44	0.427
hpr	12	44	0.407
hpr	12	44	0.4
hpr	12	44	0.36
