bhkk	12	46	1.08667
bhkk	12	46	1.06333
bhkk	12	46	1.06
bhkk	12	46	1.06
bhkk	12	46	1.06333
bhkk	12	46	1.06333
bhkk	12	46	1.06333
bhkk	12	46	1.06333
bhkk	12	46	1.06333
bhkk	12	46	1.06333
bhkk	12	46	1.06333
bhkk	12	46	1.06
bhkk	12	46	1.06
bhkk	12	46	1.06333
bhkk	12	46	1.06333
bhkk	12	46	1.06333
bhkk	12	46	1.06
bhkk	12	46	1.06
bhkk	12	46	1.06
bhkk	12	46	1.06333
bhkk	12	46	1.06333
bhkk	12	46	1.06
bhkk	12	46	1.06333
bhkk	12	46	1.06
bhkk	12	46	1.06
bhkk	12	46	1.06333
bhkk	12	46	1.06
bhkk	12	46	1.06333
bhkk	12	46	1.06333
bhkk	12	46	1.06333
bhkk	12	46	1.06333
bhkk	12	46	1.06333
bhkk	12	46	1.06333
bhkk	12	46	1.06333
bhkk	12	46	1.06333
bhkk	12	46	1.06333
bhkk	12	46	1.06
bhkk	12	46	1.06
bhkk	12	46	1.06333
bhkk	12	46	1.06333
bhkk	12	46	1.06333
bhkk	12	46	1.06333
bhkk	12	46	1.06333
bhkk	12	46	1.06
bhkk	12	46	1.06333
bhkk	12	46	1.06
bhkk	12	46	1.06333
bhkk	12	46	1.06
bhkk	12	46	1.06333
bhkk	12	46	1.06333
