bhkk	12	52	1.32667
bhkk	12	52	1.31333
bhkk	12	52	1.31
bhkk	12	52	1.31333
bhkk	12	52	1.31333
bhkk	12	52	1.31333
bhkk	12	52	1.31
bhkk	12	52	1.31333
bhkk	12	52	1.31333
bhkk	12	52	1.31333
bhkk	12	52	1.31333
bhkk	12	52	1.31333
bhkk	12	52	1.31667
bhkk	12	52	1.32333
bhkk	12	52	1.31333
bhkk	12	52	1.31333
bhkk	12	52	1.31333
bhkk	12	52	1.31333
bhkk	12	52	1.31
bhkk	12	52	1.31333
bhkk	12	52	1.31667
bhkk	12	52	1.31667
bhkk	12	52	1.31333
bhkk	12	52	1.31333
bhkk	12	52	1.31
bhkk	12	52	1.32667
bhkk	12	52	1.31333
bhkk	12	52	1.31333
bhkk	12	52	1.32333
bhkk	12	52	1.31333
bhkk	12	52	1.31
bhkk	12	52	1.31333
bhkk	12	52	1.31333
bhkk	12	52	1.31
bhkk	12	52	1.31333
bhkk	12	52	1.31333
bhkk	12	52	1.31333
bhkk	12	52	1.31
bhkk	12	52	1.31
bhkk	12	52	1.31333
bhkk	12	52	1.31333
bhkk	12	52	1.31333
bhkk	12	52	1.31333
bhkk	12	52	1.31333
bhkk	12	52	1.31
bhkk	12	52	1.31333
bhkk	12	52	1.31
bhkk	12	52	1.31333
bhkk	12	52	1.31333
bhkk	12	52	1.31333
