bj	12	20	0.00333
bj	12	20	0
bj	12	20	0.00333
bj	12	20	0
bj	12	20	0.00333
bj	12	20	0
bj	12	20	0
bj	12	20	0
bj	12	20	0
bj	12	20	0
bj	12	20	0
bj	12	20	0
bj	12	20	0
bj	12	20	0.00333
bj	11	20	0
bj	12	20	0.00333
bj	12	20	0
bj	12	20	0.00333
bj	12	20	0.00333
bj	12	20	0.00333
bj	12	20	0.00333
bj	12	20	0
bj	12	20	0
bj	12	20	0
bj	12	20	0
bj	12	20	0
bj	12	20	0
bj	12	20	0
bj	12	20	0.00333
bj	12	20	0
bj	12	20	0
bj	12	20	0
bj	12	20	0
bj	12	20	0
bj	11	20	0
bj	12	20	0.00333
bj	12	20	0
bj	12	20	0
bj	12	20	0
bj	12	20	0.00333
bj	11	20	0
bj	12	20	0
bj	12	20	0.00333
bj	12	20	0
bj	12	20	0.00333
bj	12	20	0.00333
bj	12	20	0.00333
bj	12	20	0
bj	12	20	0
bj	12	20	0.00333
