hpr	12	36	0.163
hpr	12	36	0.13
hpr	12	36	0.117
hpr	12	36	0.21
hpr	12	36	0.257
hpr	12	36	0.19
hpr	12	36	0.207
hpr	12	36	0.2
hpr	12	36	0.15
hpr	12	36	0.0967
hpr	12	36	0.19
hpr	12	36	0.14
hpr	12	36	0.19
hpr	12	36	0.19
hpr	12	36	0.277
hpr	12	36	0.293
hpr	12	36	0.177
hpr	12	36	0.14
hpr	12	36	0.19
hpr	12	36	0.213
hpr	12	36	0.22
hpr	12	36	0.2
hpr	12	36	0.14
hpr	12	36	0.08
hpr	12	36	0.193
hpr	12	36	0.173
hpr	12	36	0.137
hpr	12	36	0.203
hpr	12	36	0.187
hpr	12	36	0.117
hpr	12	36	0.06
hpr	12	36	0.167
hpr	12	36	0.163
hpr	12	36	0.28
hpr	12	36	0.26
hpr	12	36	0.11
hpr	12	36	0.193
hpr	12	36	0.177
hpr	12	36	0.123
hpr	12	36	0.203
hpr	12	36	0.14
hpr	12	36	0.253
hpr	12	36	0.25
hpr	12	36	0.217
hpr	12	36	0.217
hpr	12	36	0.133
hpr	12	36	0.21
hpr	12	36	0.233
hpr	12	36	0.23
hpr	12	36	0.25
