hpr	12	48	0.693
hpr	12	48	0.813
hpr	12	48	0.413
hpr	12	48	0.6
hpr	12	48	0.64
hpr	12	48	0.697
hpr	12	48	0.433
hpr	12	48	0.45
hpr	12	48	0.65
hpr	12	48	0.79
hpr	12	48	0.697
hpr	12	48	0.74
hpr	12	48	0.597
hpr	12	48	0.59
hpr	12	48	0.557
hpr	12	48	0.367
hpr	12	48	0.517
hpr	12	48	0.423
hpr	12	48	0.597
hpr	12	48	0.527
hpr	12	48	0.47
hpr	12	48	0.313
hpr	12	48	0.53
hpr	12	48	0.713
hpr	12	48	0.507
hpr	12	48	0.553
hpr	12	48	0.557
hpr	12	48	0.547
hpr	12	48	0.48
hpr	12	48	0.663
hpr	12	48	0.53
hpr	12	48	0.553
hpr	12	48	0.903
hpr	12	48	0.437
hpr	12	48	0.78
hpr	12	48	0.797
hpr	12	48	0.533
hpr	12	48	0.573
hpr	12	48	0.497
hpr	12	48	0.63
hpr	12	48	0.613
hpr	12	48	0.623
hpr	12	48	0.61
hpr	12	48	0.743
hpr	12	48	0.603
hpr	12	48	0.497
hpr	12	48	0.663
hpr	12	48	0.813
hpr	12	48	0.523
hpr	12	48	0.587
