hpr	12	22	0.00333
hpr	12	22	0
hpr	12	22	0
hpr	12	22	0.00333
hpr	12	22	0.00333
hpr	12	22	0.00667
hpr	12	22	0.00667
hpr	12	22	0.00333
hpr	12	22	0.00667
hpr	12	22	0
hpr	12	22	0
hpr	12	22	0.00333
hpr	12	22	0
hpr	12	22	0
hpr	12	22	0
hpr	12	22	0
hpr	12	22	0.00667
hpr	12	22	0.00667
hpr	12	22	0
hpr	12	22	0
hpr	12	22	0
hpr	12	22	0
hpr	11	22	0.00333
hpr	12	22	0.00333
hpr	12	22	0.00667
hpr	12	22	0
hpr	12	22	0.00333
hpr	12	22	0.00333
hpr	12	22	0
hpr	12	22	0.00333
hpr	12	22	0.00333
hpr	12	22	0
hpr	12	22	0.00333
hpr	12	22	0
hpr	12	22	0.00333
hpr	12	22	0.00333
hpr	12	22	0.00333
hpr	12	22	0.00333
hpr	12	22	0.00333
hpr	12	22	0
hpr	11	22	0.00667
hpr	12	22	0
hpr	12	22	0.00667
hpr	12	22	0
hpr	12	22	0.00333
hpr	12	22	0.00667
hpr	12	22	0.00333
hpr	12	22	0.00333
hpr	11	22	0
hpr	12	22	0.00333
