hpr	12	46	0.453
hpr	12	46	0.597
hpr	12	46	0.54
hpr	12	46	0.58
hpr	12	46	0.413
hpr	12	46	0.383
hpr	12	46	0.45
hpr	12	46	0.413
hpr	12	46	0.623
hpr	12	46	0.613
hpr	12	46	0.62
hpr	12	46	0.657
hpr	12	46	0.59
hpr	12	46	0.347
hpr	12	46	0.37
hpr	12	46	0.367
hpr	12	46	0.323
hpr	12	46	0.547
hpr	12	46	0.443
hpr	12	46	0.393
hpr	12	46	0.563
hpr	12	46	0.387
hpr	12	46	0.45
hpr	12	46	0.53
hpr	12	46	0.61
hpr	12	46	0.397
hpr	12	46	0.577
hpr	12	46	0.597
hpr	12	46	0.477
hpr	12	46	0.363
hpr	12	46	0.3
hpr	12	46	0.703
hpr	12	46	0.52
hpr	12	46	0.38
hpr	12	46	0.223
hpr	12	46	0.47
hpr	12	46	0.493
hpr	12	46	0.493
hpr	12	46	0.49
hpr	12	46	0.647
hpr	12	46	0.437
hpr	12	46	0.463
hpr	12	46	0.573
hpr	12	46	0.503
hpr	12	46	0.577
hpr	12	46	0.553
hpr	12	46	0.583
hpr	12	46	0.437
hpr	12	46	0.577
hpr	12	46	0.503
