bhkk	12	42	0.876666
bhkk	12	42	0.876666
bhkk	12	42	0.876666
bhkk	12	42	0.876666
bhkk	12	42	0.876666
bhkk	12	42	0.876666
bhkk	12	42	0.876666
bhkk	12	42	0.876666
bhkk	12	42	0.876666
bhkk	12	42	0.876666
bhkk	12	42	0.876666
bhkk	12	42	0.876666
bhkk	12	42	0.876666
bhkk	12	42	0.876666
bhkk	12	42	0.876666
bhkk	12	42	0.876666
bhkk	12	42	0.873333
bhkk	12	42	0.876666
bhkk	12	42	0.876666
bhkk	12	42	0.876666
bhkk	12	42	0.876666
bhkk	12	42	0.876666
bhkk	12	42	0.876666
bhkk	12	42	0.876666
bhkk	12	42	0.876666
bhkk	12	42	0.876666
bhkk	12	42	0.876666
bhkk	12	42	0.876666
bhkk	12	42	0.876666
bhkk	12	42	0.873333
bhkk	12	42	0.876666
bhkk	12	42	0.876666
bhkk	12	42	0.876666
bhkk	12	42	0.876666
bhkk	12	42	0.876666
bhkk	12	42	0.876666
bhkk	12	42	0.873333
bhkk	12	42	0.876666
bhkk	12	42	0.876666
bhkk	12	42	0.879999
bhkk	12	42	0.876666
bhkk	12	42	0.876666
bhkk	12	42	0.876666
bhkk	12	42	0.876666
bhkk	12	42	0.876666
bhkk	12	42	0.876666
bhkk	12	42	0.876666
bhkk	12	42	0.876666
bhkk	12	42	0.876666
bhkk	12	42	0.876666
