hpr	12	52	0.86
hpr	12	52	0.767
hpr	12	52	0.777
hpr	12	52	0.787
hpr	12	52	0.827
hpr	12	52	0.923
hpr	12	52	0.68
hpr	12	52	0.94
hpr	12	52	0.77
hpr	12	52	0.727
hpr	12	52	0.907
hpr	12	52	0.487
hpr	12	52	0.62
hpr	12	52	0.877
hpr	12	52	0.637
hpr	12	52	0.83
hpr	12	52	0.727
hpr	12	52	0.693
hpr	12	52	0.66
hpr	12	52	0.633
hpr	12	52	0.96
hpr	12	52	0.63
hpr	12	52	0.767
hpr	12	52	0.773
hpr	12	52	0.717
hpr	12	52	0.57
hpr	12	52	0.777
hpr	12	52	0.827
hpr	12	52	0.503
hpr	12	52	0.907
hpr	12	52	0.837
hpr	12	52	0.573
hpr	12	52	0.67
hpr	12	52	0.73
hpr	12	52	0.6
hpr	12	52	0.8
hpr	12	52	0.693
hpr	12	52	0.7
hpr	12	52	0.983
hpr	12	52	0.86
hpr	12	52	0.767
hpr	12	52	0.803
hpr	12	52	0.793
hpr	12	52	0.777
hpr	12	52	0.7
hpr	12	52	0.807
hpr	12	52	0.873
hpr	12	52	0.76
hpr	12	52	0.71
hpr	12	52	0.857
