hpr	12	40	0.33
hpr	12	40	0.363
hpr	12	40	0.327
hpr	12	40	0.283
hpr	12	40	0.14
hpr	12	40	0.437
hpr	12	40	0.35
hpr	12	40	0.29
hpr	12	40	0.23
hpr	12	40	0.223
hpr	12	40	0.387
hpr	12	40	0.387
hpr	12	40	0.403
hpr	12	40	0.31
hpr	12	40	0.227
hpr	12	40	0.3
hpr	12	40	0.273
hpr	12	40	0.403
hpr	12	40	0.183
hpr	12	40	0.4
hpr	12	40	0.303
hpr	12	40	0.253
hpr	12	40	0.243
hpr	12	40	0.347
hpr	12	40	0.43
hpr	12	40	0.423
hpr	12	40	0.267
hpr	12	40	0.2
hpr	12	40	0.31
hpr	12	40	0.14
hpr	12	40	0.203
hpr	12	40	0.383
hpr	12	40	0.353
hpr	12	40	0.333
hpr	12	40	0.35
hpr	12	40	0.337
hpr	12	40	0.297
hpr	12	40	0.293
hpr	12	40	0.417
hpr	12	40	0.307
hpr	12	40	0.38
hpr	12	40	0.3
hpr	12	40	0.227
hpr	12	40	0.323
hpr	12	40	0.38
hpr	12	40	0.313
hpr	12	40	0.407
hpr	12	40	0.42
hpr	12	40	0.383
hpr	12	40	0.333
