bj	12	44	0.29
bj	12	44	1.2
bj	12	44	0.373
bj	12	44	0.463
bj	12	44	0.263
bj	12	44	0.347
bj	12	44	0.397
bj	12	44	0.66
bj	12	44	0.46
bj	12	44	0.227
bj	12	44	0.267
bj	12	44	0.353
bj	12	44	0.24
bj	12	44	0.243
bj	12	44	0.14
bj	12	44	0.197
bj	12	44	1.04
bj	12	44	0.367
bj	12	44	0.34
bj	12	44	0.463
bj	12	44	0.383
bj	12	44	0.443
bj	12	44	0.27
bj	12	44	0.24
bj	12	44	0.337
bj	12	44	0.517
bj	12	44	0.13
bj	12	44	0.227
bj	12	44	0.313
bj	12	44	0.17
bj	12	44	0.533
bj	12	44	0.29
bj	12	44	0.323
bj	12	44	0.31
bj	12	44	0.437
bj	12	44	0.387
bj	12	44	0.273
bj	12	44	0.453
bj	12	44	0.167
bj	12	44	0.3
bj	12	44	0.357
bj	12	44	0.21
bj	12	44	1.08
bj	12	44	0.207
bj	12	44	0.463
bj	12	44	0.513
bj	12	44	0.403
bj	12	44	0.763
bj	12	44	0.2
bj	12	44	0.32
