bhkk	11	12	0.053333
bhkk	12	12	0.069999
bhkk	11	12	0.036666
bhkk	10	12	0.019999
bhkk	11	12	0.036666
bhkk	12	12	0.059999
bhkk	11	12	0.036666
bhkk	11	12	0.036666
bhkk	12	12	0.059999
bhkk	11	12	0.036666
bhkk	12	12	0.059999
bhkk	11	12	0.036666
bhkk	10	12	0.019999
bhkk	11	12	0.036666
bhkk	10	12	0.019999
bhkk	10	12	0.019999
bhkk	9	12	0.009999
bhkk	11	12	0.036666
bhkk	12	12	0.059999
bhkk	11	12	0.036666
bhkk	12	12	0.059999
bhkk	10	12	0.016666
bhkk	10	12	0.016666
bhkk	11	12	0.036666
bhkk	11	12	0.036666
bhkk	11	12	0.036666
bhkk	12	12	0.059999
bhkk	10	12	0.019999
bhkk	12	12	0.059999
bhkk	12	12	0.059999
bhkk	11	12	0.036666
bhkk	10	12	0.016666
bhkk	11	12	0.036666
bhkk	12	12	0.056666
bhkk	11	12	0.033333
bhkk	10	12	0.019999
bhkk	11	12	0.036666
bhkk	11	12	0.036666
bhkk	11	12	0.036666
bhkk	11	12	0.036666
bhkk	10	12	0.019999
bhkk	11	12	0.036666
bhkk	11	12	0.036666
bhkk	11	12	0.033333
bhkk	12	12	0.059999
bhkk	11	12	0.036666
bhkk	12	12	0.059999
bhkk	11	12	0.036666
bhkk	12	12	0.059999
bhkk	12	12	0.059999
