bhkk	12	30	0.509999
bhkk	12	30	0.506666
bhkk	12	30	0.509999
bhkk	12	30	0.509999
bhkk	12	30	0.509999
bhkk	12	30	0.509999
bhkk	12	30	0.509999
bhkk	12	30	0.509999
bhkk	12	30	0.506666
bhkk	12	30	0.509999
bhkk	12	30	0.509999
bhkk	12	30	0.509999
bhkk	12	30	0.509999
bhkk	12	30	0.509999
bhkk	12	30	0.509999
bhkk	12	30	0.509999
bhkk	12	30	0.509999
bhkk	12	30	0.509999
bhkk	12	30	0.509999
bhkk	12	30	0.509999
bhkk	12	30	0.509999
bhkk	12	30	0.509999
bhkk	12	30	0.509999
bhkk	12	30	0.509999
bhkk	12	30	0.509999
bhkk	12	30	0.509999
bhkk	12	30	0.509999
bhkk	12	30	0.509999
bhkk	12	30	0.506666
bhkk	12	30	0.509999
bhkk	12	30	0.509999
bhkk	12	30	0.509999
bhkk	12	30	0.509999
bhkk	12	30	0.509999
bhkk	12	30	0.509999
bhkk	12	30	0.509999
bhkk	12	30	0.506666
bhkk	12	30	0.509999
bhkk	12	30	0.509999
bhkk	12	30	0.509999
bhkk	12	30	0.503333
bhkk	12	30	0.509999
bhkk	12	30	0.509999
bhkk	12	30	0.509999
bhkk	12	30	0.506666
bhkk	12	30	0.506666
bhkk	12	30	0.509999
bhkk	12	30	0.509999
bhkk	12	30	0.509999
bhkk	12	30	0.509999
