hpr	12	34	0.143
hpr	12	34	0.107
hpr	12	34	0.0567
hpr	12	34	0.107
hpr	12	34	0.11
hpr	12	34	0.0967
hpr	12	34	0.1
hpr	12	34	0.08
hpr	12	34	0.11
hpr	12	34	0.06
hpr	12	34	0.09
hpr	12	34	0.1
hpr	12	34	0.0867
hpr	12	34	0.11
hpr	12	34	0.117
hpr	12	34	0.127
hpr	12	34	0.0533
hpr	12	34	0.117
hpr	12	34	0.0533
hpr	12	34	0.0867
hpr	12	34	0.113
hpr	12	34	0.0867
hpr	12	34	0.107
hpr	12	34	0.103
hpr	12	34	0.0833
hpr	12	34	0.0833
hpr	12	34	0.107
hpr	12	34	0.09
hpr	12	34	0.1
hpr	12	34	0.103
hpr	12	34	0.143
hpr	12	34	0.0933
hpr	12	34	0.09
hpr	12	34	0.117
hpr	12	34	0.13
hpr	12	34	0.117
hpr	12	34	0.0933
hpr	12	34	0.107
hpr	12	34	0.103
hpr	12	34	0.0967
hpr	12	34	0.05
hpr	12	34	0.0833
hpr	12	34	0.0567
hpr	12	34	0.0867
hpr	12	34	0.113
hpr	12	34	0.09
hpr	12	34	0.0433
hpr	12	34	0.0867
hpr	12	34	0.1
hpr	12	34	0.0933
