bj	12	62	2.47
bj	12	62	2.88
bj	12	62	2.47
bj	12	62	1.81
bj	12	62	2.77
bj	12	62	3.35
bj	12	62	2.07
bj	12	62	2.73
bj	12	62	3.3
bj	12	62	2.47
bj	12	62	2.78
bj	12	62	2.53
bj	12	62	2.72
bj	12	62	3.37
bj	12	62	2.52
bj	12	62	1.86
bj	12	62	1.9
bj	12	62	3.46
bj	12	62	2.65
bj	12	62	2.56
bj	12	62	2.5
bj	12	62	2.74
bj	12	62	2.37
bj	12	62	2.38
bj	12	62	2.66
bj	12	62	2.63
bj	12	62	1.87
bj	12	62	2.61
bj	12	62	2.16
bj	12	62	2.44
bj	12	62	2.79
bj	12	62	2.61
bj	12	62	2.62
bj	12	62	2.27
bj	12	62	1.75
bj	12	62	2.33
bj	12	62	1.91
bj	12	62	2.79
bj	12	62	2.35
bj	12	62	2.29
bj	12	62	1.86
bj	12	62	2.71
bj	12	62	2.73
bj	12	62	3.93
bj	12	62	2.03
bj	12	62	2.34
bj	12	62	1.87
bj	12	62	2.33
bj	12	62	3.08
bj	12	62	2.51
