hpr	12	56	0.59
hpr	12	56	0.683
hpr	12	56	0.55
hpr	12	56	0.68
hpr	12	56	0.757
hpr	12	56	0.783
hpr	12	56	0.723
hpr	12	56	0.663
hpr	12	56	0.61
hpr	12	56	0.623
hpr	12	56	0.707
hpr	12	56	0.89
hpr	12	56	0.76
hpr	12	56	0.507
hpr	12	56	0.753
hpr	12	56	0.673
hpr	12	56	0.847
hpr	12	56	0.68
hpr	12	56	0.873
hpr	12	56	0.67
hpr	12	56	0.603
hpr	12	56	0.487
hpr	12	56	0.84
hpr	12	56	0.737
hpr	12	56	0.87
hpr	12	56	0.583
hpr	12	56	0.46
hpr	12	56	0.493
hpr	12	56	0.687
hpr	12	56	0.843
hpr	12	56	0.75
hpr	12	56	0.713
hpr	12	56	0.533
hpr	12	56	0.733
hpr	12	56	0.757
hpr	12	56	0.583
hpr	12	56	0.717
hpr	12	56	0.753
hpr	12	56	0.457
hpr	12	56	0.687
hpr	12	56	0.82
hpr	12	56	0.79
hpr	12	56	0.647
hpr	12	56	0.607
hpr	12	56	0.657
hpr	12	56	0.363
hpr	12	56	0.63
hpr	12	56	0.667
hpr	12	56	0.887
hpr	12	56	0.663
