hpr	12	20	0.00667
hpr	12	20	0.00667
hpr	12	20	0.00667
hpr	12	20	0.00333
hpr	12	20	0.00333
hpr	12	20	0
hpr	12	20	0.00333
hpr	12	20	0.00333
hpr	12	20	0
hpr	12	20	0.00333
hpr	12	20	0
hpr	12	20	0.00333
hpr	12	20	0
hpr	12	20	0.00333
hpr	11	20	0.00333
hpr	12	20	0.00333
hpr	12	20	0
hpr	12	20	0.00333
hpr	12	20	0.00333
hpr	12	20	0.00333
hpr	12	20	0.00333
hpr	12	20	0.00333
hpr	12	20	0.00333
hpr	12	20	0.00333
hpr	12	20	0.00333
hpr	12	20	0.00333
hpr	12	20	0.00333
hpr	12	20	0
hpr	12	20	0.00333
hpr	12	20	0.00333
hpr	12	20	0
hpr	12	20	0.00333
hpr	12	20	0
hpr	12	20	0.00333
hpr	11	20	0.00667
hpr	12	20	0.00333
hpr	12	20	0.00333
hpr	12	20	0.00333
hpr	12	20	0
hpr	12	20	0.00333
hpr	11	20	0.00333
hpr	12	20	0
hpr	12	20	0
hpr	12	20	0.00333
hpr	12	20	0
hpr	12	20	0.00333
hpr	12	20	0
hpr	12	20	0.00333
hpr	12	20	0.00333
hpr	12	20	0.00333
