bhkk	12	60	2.52
bhkk	12	60	2.51667
bhkk	12	60	2.51667
bhkk	12	60	2.51667
bhkk	12	60	2.51667
bhkk	12	60	2.51667
bhkk	12	60	2.51667
bhkk	12	60	2.84
bhkk	12	60	2.51667
bhkk	12	60	2.98
bhkk	12	60	2.51667
bhkk	12	60	2.51667
bhkk	12	60	2.55
bhkk	12	60	2.52
bhkk	12	60	2.59667
bhkk	12	60	2.51667
bhkk	12	60	2.51333
bhkk	12	60	2.51667
bhkk	12	60	2.51667
bhkk	12	60	2.51667
bhkk	12	60	2.51667
bhkk	12	60	2.72
bhkk	12	60	2.51667
bhkk	12	60	2.51667
bhkk	12	60	2.72
bhkk	12	60	2.51667
bhkk	12	60	2.51667
bhkk	12	60	2.51667
bhkk	12	60	2.51667
bhkk	12	60	2.52
bhkk	12	60	2.51667
bhkk	12	60	2.51667
bhkk	12	60	2.51667
bhkk	12	60	2.51667
bhkk	12	60	2.72
bhkk	12	60	2.51667
bhkk	12	60	2.51667
bhkk	12	60	2.51667
bhkk	12	60	2.51667
bhkk	12	60	2.51667
bhkk	12	60	2.51667
bhkk	12	60	2.60667
bhkk	12	60	2.51667
bhkk	12	60	2.81667
bhkk	12	60	2.59
bhkk	12	60	2.52
bhkk	12	60	2.51667
bhkk	12	60	2.51667
bhkk	12	60	2.52
bhkk	12	60	2.52
