bhkk	12	18	0.259999
bhkk	12	18	0.256666
bhkk	12	18	0.259999
bhkk	12	18	0.259999
bhkk	12	18	0.259999
bhkk	12	18	0.256666
bhkk	11	18	0.116666
bhkk	12	18	0.259999
bhkk	12	18	0.259999
bhkk	12	18	0.259999
bhkk	12	18	0.259999
bhkk	12	18	0.259999
bhkk	11	18	0.116666
bhkk	12	18	0.259999
bhkk	12	18	0.259999
bhkk	11	18	0.116666
bhkk	11	18	0.116666
bhkk	11	18	0.116666
bhkk	12	18	0.259999
bhkk	12	18	0.256666
bhkk	11	18	0.113333
bhkk	11	18	0.116666
bhkk	12	18	0.259999
bhkk	12	18	0.259999
bhkk	12	18	0.259999
bhkk	12	18	0.256666
bhkk	11	18	0.116666
bhkk	12	18	0.259999
bhkk	12	18	0.259999
bhkk	12	18	0.259999
bhkk	12	18	0.256666
bhkk	12	18	0.259999
bhkk	12	18	0.256666
bhkk	12	18	0.259999
bhkk	12	18	0.259999
bhkk	12	18	0.259999
bhkk	11	18	0.116666
bhkk	11	18	0.116666
bhkk	11	18	0.113333
bhkk	11	18	0.116666
bhkk	12	18	0.259999
bhkk	12	18	0.259999
bhkk	12	18	0.259999
bhkk	12	18	0.259999
bhkk	12	18	0.259999
bhkk	11	18	0.116666
bhkk	12	18	0.259999
bhkk	12	18	0.259999
bhkk	12	18	0.259999
bhkk	12	18	0.256666
