bj	12	48	0.4
bj	12	48	1.17
bj	12	48	0.737
bj	12	48	0.427
bj	12	48	0.613
bj	12	48	0.767
bj	12	48	0.583
bj	12	48	0.9
bj	12	48	1.42
bj	12	48	0.843
bj	12	48	0.267
bj	12	48	1.53
bj	12	48	0.547
bj	12	48	0.777
bj	12	48	1.07
bj	12	48	0.4
bj	12	48	0.44
bj	12	48	0.597
bj	12	48	0.773
bj	12	48	0.543
bj	12	48	1.22
bj	12	48	0.577
bj	12	48	0.647
bj	12	48	0.567
bj	12	48	0.957
bj	12	48	0.443
bj	12	48	0.537
bj	12	48	0.473
bj	12	48	0.37
bj	12	48	1.09
bj	12	48	0.417
bj	12	48	0.277
bj	12	48	0.86
bj	12	48	0.57
bj	12	48	0.837
bj	12	48	0.677
bj	12	48	2.41
bj	12	48	0.953
bj	12	48	0.47
bj	12	48	0.557
bj	12	48	0.367
bj	12	48	0.4
bj	12	48	0.45
bj	12	48	0.677
bj	12	48	0.353
bj	12	48	0.387
bj	12	48	0.71
bj	12	48	1.43
bj	12	48	0.393
bj	12	48	0.5
