bhkk	12	20	0.256666
bhkk	12	20	0.256666
bhkk	12	20	0.256666
bhkk	12	20	0.259999
bhkk	12	20	0.256666
bhkk	12	20	0.259999
bhkk	12	20	0.256666
bhkk	12	20	0.259999
bhkk	12	20	0.256666
bhkk	12	20	0.256666
bhkk	12	20	0.256666
bhkk	12	20	0.256666
bhkk	12	20	0.256666
bhkk	12	20	0.256666
bhkk	11	20	0.113333
bhkk	12	20	0.256666
bhkk	12	20	0.256666
bhkk	12	20	0.256666
bhkk	12	20	0.256666
bhkk	12	20	0.256666
bhkk	12	20	0.256666
bhkk	12	20	0.256666
bhkk	12	20	0.256666
bhkk	12	20	0.256666
bhkk	12	20	0.259999
bhkk	12	20	0.256666
bhkk	12	20	0.256666
bhkk	12	20	0.259999
bhkk	12	20	0.256666
bhkk	12	20	0.259999
bhkk	12	20	0.256666
bhkk	12	20	0.256666
bhkk	12	20	0.256666
bhkk	12	20	0.256666
bhkk	11	20	0.113333
bhkk	12	20	0.256666
bhkk	12	20	0.256666
bhkk	12	20	0.259999
bhkk	12	20	0.259999
bhkk	12	20	0.259999
bhkk	11	20	0.113333
bhkk	12	20	0.256666
bhkk	12	20	0.256666
bhkk	12	20	0.256666
bhkk	12	20	0.256666
bhkk	12	20	0.256666
bhkk	12	20	0.259999
bhkk	12	20	0.256666
bhkk	12	20	0.256666
bhkk	12	20	0.306666
