bhkk	12	62	2.83667
bhkk	12	62	2.83667
bhkk	12	62	2.83333
bhkk	12	62	2.84
bhkk	12	62	2.83667
bhkk	12	62	2.83667
bhkk	12	62	2.83333
bhkk	12	62	2.83667
bhkk	12	62	2.83667
bhkk	12	62	2.83667
bhkk	12	62	2.83667
bhkk	12	62	2.83333
bhkk	12	62	2.83667
bhkk	12	62	2.83333
bhkk	12	62	2.83667
bhkk	12	62	2.84
bhkk	12	62	2.83667
bhkk	12	62	2.84
bhkk	12	62	2.83667
bhkk	12	62	2.83333
bhkk	12	62	2.83667
bhkk	12	62	2.83333
bhkk	12	62	2.83667
bhkk	12	62	2.83
bhkk	12	62	2.83667
bhkk	12	62	2.83667
bhkk	12	62	2.83333
bhkk	12	62	2.83333
bhkk	12	62	2.83667
bhkk	12	62	2.84
bhkk	12	62	2.83333
bhkk	12	62	2.83667
bhkk	12	62	2.83667
bhkk	12	62	2.83333
bhkk	12	62	2.84
bhkk	12	62	2.83667
bhkk	12	62	2.83667
bhkk	12	62	2.83333
bhkk	12	62	2.83667
bhkk	12	62	2.83667
bhkk	12	62	2.83667
bhkk	12	62	2.83333
bhkk	12	62	2.83333
bhkk	12	62	2.83333
bhkk	12	62	2.83667
bhkk	12	62	2.84
bhkk	12	62	2.83667
bhkk	12	62	2.83667
bhkk	12	62	2.83667
bhkk	12	62	2.83333
