bhkk	12	14	0.129999
bhkk	12	14	0.129999
bhkk	12	14	0.129999
bhkk	9	14	0.013333
bhkk	11	14	0.063333
bhkk	12	14	0.129999
bhkk	11	14	0.063333
bhkk	12	14	0.129999
bhkk	11	14	0.063333
bhkk	11	14	0.063333
bhkk	12	14	0.129999
bhkk	12	14	0.129999
bhkk	10	14	0.029999
bhkk	12	14	0.129999
bhkk	11	14	0.063333
bhkk	11	14	0.063333
bhkk	10	14	0.029999
bhkk	12	14	0.129999
bhkk	12	14	0.129999
bhkk	11	14	0.063333
bhkk	10	14	0.029999
bhkk	12	14	0.129999
bhkk	11	14	0.066666
bhkk	11	14	0.063333
bhkk	12	14	0.129999
bhkk	11	14	0.063333
bhkk	12	14	0.129999
bhkk	12	14	0.129999
bhkk	11	14	0.063333
bhkk	10	14	0.029999
bhkk	11	14	0.063333
bhkk	11	14	0.063333
bhkk	11	14	0.059999
bhkk	12	14	0.129999
bhkk	11	14	0.063333
bhkk	11	14	0.063333
bhkk	11	14	0.063333
bhkk	12	14	0.129999
bhkk	12	14	0.126666
bhkk	11	14	0.063333
bhkk	12	14	0.129999
bhkk	12	14	0.129999
bhkk	12	14	0.129999
bhkk	12	14	0.129999
bhkk	12	14	0.129999
bhkk	11	14	0.066666
bhkk	12	14	0.129999
bhkk	11	14	0.063333
bhkk	11	14	0.063333
bhkk	9	14	0.013333
