bj	12	66	2.8
bj	12	66	2.82
bj	12	66	2.82
bj	12	66	2.83
bj	12	66	2.81
bj	12	66	2.8
bj	12	66	2.81
bj	12	66	2.82
bj	12	66	2.81
bj	12	66	2.86
bj	12	66	2.81
bj	12	66	2.84
bj	12	66	2.83
bj	12	66	2.84
bj	12	66	2.84
bj	12	66	2.81
bj	12	66	2.84
bj	12	66	2.84
bj	12	66	2.84
bj	12	66	2.83
bj	12	66	2.85
bj	12	66	2.83
bj	12	66	2.85
bj	12	66	2.83
bj	12	66	2.84
bj	12	66	2.83
bj	12	66	2.82
bj	12	66	2.82
bj	12	66	2.83
bj	12	66	2.82
bj	12	66	2.82
bj	12	66	2.83
bj	12	66	2.85
bj	12	66	2.87
bj	12	66	2.83
bj	12	66	2.85
bj	12	66	2.8
bj	12	66	2.82
bj	12	66	2.84
bj	12	66	2.82
bj	12	66	2.83
bj	12	66	2.8
bj	12	66	2.81
bj	12	66	2.83
bj	12	66	2.84
bj	12	66	2.82
bj	12	66	2.85
bj	12	66	2.82
bj	12	66	2.81
bj	12	66	2.8
