bj	12	26	0.01
bj	12	26	0.01
bj	12	26	0.02
bj	12	26	0.01
bj	12	26	0.02
bj	12	26	0.01
bj	12	26	0.0133
bj	12	26	0.00333
bj	12	26	0.00667
bj	12	26	0.00667
bj	12	26	0.00667
bj	12	26	0.0133
bj	12	26	0.00667
bj	12	26	0.01
bj	12	26	0.00667
bj	12	26	0.01
bj	12	26	0.00667
bj	12	26	0.00667
bj	12	26	0.00333
bj	12	26	0.01
bj	12	26	0.00333
bj	12	26	0.00333
bj	11	26	0.0133
bj	12	26	0.00667
bj	12	26	0.0133
bj	12	26	0.01
bj	12	26	0.0133
bj	12	26	0.01
bj	12	26	0.00667
bj	12	26	0.00333
bj	12	26	0.01
bj	12	26	0.00333
bj	12	26	0.0133
bj	12	26	0.00667
bj	12	26	0.00333
bj	12	26	0.00667
bj	12	26	0.00333
bj	12	26	0.01
bj	12	26	0.00667
bj	12	26	0.00667
bj	12	26	0.01
bj	12	26	0.00667
bj	12	26	0.0133
bj	12	26	0.00667
bj	12	26	0.01
bj	12	26	0.00333
bj	12	26	0.00667
bj	12	26	0.0133
bj	12	26	0.00667
bj	12	26	0.0133
