bhkk	12	24	0.463333
bhkk	12	24	0.453333
bhkk	11	24	0.193333
bhkk	12	24	0.449999
bhkk	12	24	0.449999
bhkk	12	24	0.453333
bhkk	12	24	0.449999
bhkk	12	24	0.453333
bhkk	12	24	0.453333
bhkk	12	24	0.453333
bhkk	12	24	0.449999
bhkk	12	24	0.453333
bhkk	12	24	0.453333
bhkk	12	24	0.449999
bhkk	12	24	0.453333
bhkk	12	24	0.453333
bhkk	12	24	0.449999
bhkk	12	24	0.453333
bhkk	12	24	0.453333
bhkk	12	24	0.459999
bhkk	12	24	0.453333
bhkk	12	24	0.453333
bhkk	12	24	0.449999
bhkk	12	24	0.453333
bhkk	12	24	0.453333
bhkk	12	24	0.449999
bhkk	12	24	0.453333
bhkk	12	24	0.449999
bhkk	12	24	0.453333
bhkk	12	24	0.449999
bhkk	12	24	0.449999
bhkk	12	24	0.449999
bhkk	12	24	0.449999
bhkk	12	24	0.453333
bhkk	12	24	0.453333
bhkk	12	24	0.453333
bhkk	12	24	0.449999
bhkk	12	24	0.449999
bhkk	12	24	0.453333
bhkk	12	24	0.453333
bhkk	12	24	0.453333
bhkk	12	24	0.453333
bhkk	12	24	0.453333
bhkk	12	24	0.449999
bhkk	12	24	0.453333
bhkk	12	24	0.446666
bhkk	12	24	0.453333
bhkk	12	24	0.449999
bhkk	12	24	0.453333
bhkk	12	24	0.449999
