hpr	12	50	0.36
hpr	12	50	0.6
hpr	12	50	0.53
hpr	12	50	0.637
hpr	12	50	0.443
hpr	12	50	0.38
hpr	12	50	0.577
hpr	12	50	0.45
hpr	12	50	0.66
hpr	12	50	0.53
hpr	12	50	0.487
hpr	12	50	0.54
hpr	12	50	0.53
hpr	12	50	0.487
hpr	12	50	0.637
hpr	12	50	0.41
hpr	12	50	0.457
hpr	12	50	0.54
hpr	12	50	0.637
hpr	12	50	0.56
hpr	12	50	0.643
hpr	12	50	0.213
hpr	12	50	0.55
hpr	12	50	0.45
hpr	12	50	0.493
hpr	12	50	0.527
hpr	12	50	0.373
hpr	12	50	0.63
hpr	12	50	0.427
hpr	12	50	0.497
hpr	12	50	0.657
hpr	12	50	0.563
hpr	12	50	0.45
hpr	12	50	0.39
hpr	12	50	0.657
hpr	12	50	0.523
hpr	12	50	0.713
hpr	12	50	0.723
hpr	12	50	0.463
hpr	12	50	0.527
hpr	12	50	0.363
hpr	12	50	0.62
hpr	12	50	0.6
hpr	12	50	0.707
hpr	12	50	0.453
hpr	12	50	0.527
hpr	12	50	0.547
hpr	12	50	0.413
hpr	12	50	0.5
hpr	12	50	0.703
