bj	12	64	2.44
bj	12	64	2.64
bj	12	64	2.65
bj	12	64	2.38
bj	12	64	2.54
bj	12	64	2.65
bj	12	64	2.44
bj	12	64	2.41
bj	12	64	2.62
bj	12	64	2.61
bj	12	64	2.4
bj	12	64	2.69
bj	12	64	2.52
bj	12	64	2.98
bj	12	64	2.67
bj	12	64	2.69
bj	12	64	2.46
bj	12	64	3
bj	12	64	2.64
bj	12	64	3.01
bj	12	64	2.65
bj	12	64	2.37
bj	12	64	2.7
bj	12	64	2.7
bj	12	64	2.42
bj	12	64	2.34
bj	12	64	2.54
bj	12	64	2.51
bj	12	64	2.63
bj	12	64	2.52
bj	12	64	2.58
bj	12	64	2.53
bj	12	64	3.61
bj	12	64	2.55
bj	12	64	2.52
bj	12	64	2.67
bj	12	64	2.67
bj	12	64	2.34
bj	12	64	2.5
bj	12	64	2.67
bj	12	64	2.42
bj	12	64	2.66
bj	12	64	2.67
bj	12	64	2.49
bj	12	64	3.68
bj	12	64	2.56
bj	12	64	2.99
bj	12	64	2.68
bj	12	64	2.7
bj	12	64	3.02
