bhkk	12	54	2.27333
bhkk	12	54	2.27667
bhkk	12	54	2.27333
bhkk	12	54	2.27667
bhkk	12	54	2.27667
bhkk	12	54	2.28
bhkk	12	54	2.27667
bhkk	12	54	2.27667
bhkk	12	54	2.27667
bhkk	12	54	2.27667
bhkk	12	54	2.27333
bhkk	12	54	2.27667
bhkk	12	54	2.27667
bhkk	12	54	2.27667
bhkk	12	54	2.27333
bhkk	12	54	2.27667
bhkk	12	54	2.27667
bhkk	12	54	2.27667
bhkk	12	54	2.27667
bhkk	12	54	2.27333
bhkk	12	54	2.27333
bhkk	12	54	2.27667
bhkk	12	54	2.27333
bhkk	12	54	2.27667
bhkk	12	54	2.27333
bhkk	12	54	2.27333
bhkk	12	54	2.27333
bhkk	12	54	2.27333
bhkk	12	54	2.27333
bhkk	12	54	2.27333
bhkk	12	54	2.27667
bhkk	12	54	2.27333
bhkk	12	54	2.27667
bhkk	12	54	2.27333
bhkk	12	54	2.27333
bhkk	12	54	2.27333
bhkk	12	54	2.27667
bhkk	12	54	2.27333
bhkk	12	54	2.27333
bhkk	12	54	2.27333
bhkk	12	54	2.27667
bhkk	12	54	2.27333
bhkk	12	54	2.27333
bhkk	12	54	2.27667
bhkk	12	54	2.27333
bhkk	12	54	2.27667
bhkk	12	54	2.27667
bhkk	12	54	2.27667
bhkk	12	54	2.27667
bhkk	12	54	2.27667
