bj	12	52	0.693
bj	12	52	1.17
bj	12	52	1.06
bj	12	52	1.27
bj	12	52	1.22
bj	12	52	0.763
bj	12	52	0.973
bj	12	52	0.74
bj	12	52	0.75
bj	12	52	1.49
bj	12	52	0.357
bj	12	52	1.84
bj	12	52	2.74
bj	12	52	1.33
bj	12	52	0.707
bj	12	52	0.873
bj	12	52	1.32
bj	12	52	0.98
bj	12	52	0.997
bj	12	52	2.17
bj	12	52	1.17
bj	12	52	0.693
bj	12	52	0.683
bj	12	52	0.71
bj	12	52	1.19
bj	12	52	2.24
bj	12	52	0.923
bj	12	52	0.77
bj	12	52	0.36
bj	12	52	1.25
bj	12	52	1.35
bj	12	52	1.17
bj	12	52	1.33
bj	12	52	0.633
bj	12	52	0.353
bj	12	52	1.87
bj	12	52	0.507
bj	12	52	2.6
bj	12	52	0.793
bj	12	52	1.48
bj	12	52	2
bj	12	52	1.07
bj	12	52	1.1
bj	12	52	0.827
bj	12	52	2.48
bj	12	52	0.867
bj	12	52	0.757
bj	12	52	2.01
bj	12	52	3.71
bj	12	52	1.47
