hpr	12	60	0.447
hpr	12	60	0.407
hpr	12	60	0.303
hpr	12	60	0.777
hpr	12	60	0.507
hpr	12	60	0.367
hpr	12	60	0.443
hpr	12	60	0.547
hpr	12	60	0.7
hpr	12	60	0.46
hpr	12	60	0.43
hpr	12	60	0.52
hpr	12	60	0.44
hpr	12	60	0.553
hpr	12	60	0.31
hpr	12	60	0.33
hpr	12	60	0.303
hpr	12	60	0.473
hpr	12	60	0.49
hpr	12	60	0.613
hpr	12	60	0.503
hpr	12	60	0.467
hpr	12	60	0.51
hpr	12	60	0.427
hpr	12	60	0.39
hpr	12	60	0.45
hpr	12	60	0.51
hpr	12	60	0.493
hpr	12	60	0.38
hpr	12	60	0.5
hpr	12	60	0.32
hpr	12	60	0.46
hpr	12	60	0.63
hpr	12	60	0.59
hpr	12	60	0.54
hpr	12	60	0.57
hpr	12	60	0.547
hpr	12	60	0.443
hpr	12	60	0.567
hpr	12	60	0.327
hpr	12	60	0.41
hpr	12	60	0.467
hpr	12	60	0.5
hpr	12	60	0.61
hpr	12	60	0.503
hpr	12	60	0.517
hpr	12	60	0.323
hpr	12	60	0.48
hpr	12	60	0.543
hpr	12	60	0.557
