bhkk	12	22	0.306666
bhkk	12	22	0.309999
bhkk	12	22	0.306666
bhkk	12	22	0.306666
bhkk	12	22	0.306666
bhkk	12	22	0.306666
bhkk	12	22	0.309999
bhkk	12	22	0.306666
bhkk	12	22	0.306666
bhkk	12	22	0.313333
bhkk	12	22	0.306666
bhkk	12	22	0.306666
bhkk	12	22	0.306666
bhkk	12	22	0.306666
bhkk	12	22	0.309999
bhkk	12	22	0.309999
bhkk	12	22	0.306666
bhkk	12	22	0.306666
bhkk	12	22	0.306666
bhkk	12	22	0.309999
bhkk	12	22	0.306666
bhkk	12	22	0.306666
bhkk	11	22	0.133333
bhkk	12	22	0.309999
bhkk	12	22	0.309999
bhkk	12	22	0.306666
bhkk	12	22	0.306666
bhkk	12	22	0.309999
bhkk	12	22	0.306666
bhkk	12	22	0.309999
bhkk	12	22	0.309999
bhkk	12	22	0.306666
bhkk	12	22	0.309999
bhkk	12	22	0.306666
bhkk	12	22	0.309999
bhkk	12	22	0.309999
bhkk	12	22	0.309999
bhkk	12	22	0.306666
bhkk	12	22	0.309999
bhkk	12	22	0.306666
bhkk	11	22	0.133333
bhkk	12	22	0.306666
bhkk	12	22	0.306666
bhkk	12	22	0.306666
bhkk	12	22	0.306666
bhkk	12	22	0.306666
bhkk	12	22	0.306666
bhkk	12	22	0.306666
bhkk	11	22	0.133333
bhkk	12	22	0.309999
