hpr	12	62	0.63
hpr	12	62	0.43
hpr	12	62	0.597
hpr	12	62	0.22
hpr	12	62	0.583
hpr	12	62	0.577
hpr	12	62	0.413
hpr	12	62	0.45
hpr	12	62	0.447
hpr	12	62	0.437
hpr	12	62	0.433
hpr	12	62	0.563
hpr	12	62	0.547
hpr	12	62	0.557
hpr	12	62	0.4
hpr	12	62	0.433
hpr	12	62	0.47
hpr	12	62	0.44
hpr	12	62	0.457
hpr	12	62	0.46
hpr	12	62	0.47
hpr	12	62	0.487
hpr	12	62	0.417
hpr	12	62	0.527
hpr	12	62	0.43
hpr	12	62	0.393
hpr	12	62	0.553
hpr	12	62	0.523
hpr	12	62	0.41
hpr	12	62	0.403
hpr	12	62	0.423
hpr	12	62	0.4
hpr	12	62	0.497
hpr	12	62	0.457
hpr	12	62	0.38
hpr	12	62	0.51
hpr	12	62	0.523
hpr	12	62	0.42
hpr	12	62	0.417
hpr	12	62	0.367
hpr	12	62	0.587
hpr	12	62	0.543
hpr	12	62	0.373
hpr	12	62	0.427
hpr	12	62	0.523
hpr	12	62	0.413
hpr	12	62	0.58
hpr	12	62	0.363
hpr	12	62	0.267
hpr	12	62	0.527
