bj	12	46	0.27
bj	12	46	0.573
bj	12	46	0.71
bj	12	46	0.503
bj	12	46	0.357
bj	12	46	0.213
bj	12	46	0.723
bj	12	46	1.1
bj	12	46	0.443
bj	12	46	0.317
bj	12	46	0.647
bj	12	46	0.523
bj	12	46	0.463
bj	12	46	0.87
bj	12	46	0.427
bj	12	46	0.287
bj	12	46	0.4
bj	12	46	0.9
bj	12	46	0.31
bj	12	46	0.243
bj	12	46	0.27
bj	12	46	0.25
bj	12	46	0.443
bj	12	46	0.423
bj	12	46	0.343
bj	12	46	0.587
bj	12	46	0.413
bj	12	46	0.387
bj	12	46	1.22
bj	12	46	0.283
bj	12	46	0.203
bj	12	46	0.493
bj	12	46	0.53
bj	12	46	0.19
bj	12	46	0.22
bj	12	46	0.707
bj	12	46	0.49
bj	12	46	0.28
bj	12	46	0.633
bj	12	46	0.563
bj	12	46	0.387
bj	12	46	0.327
bj	12	46	0.553
bj	12	46	0.287
bj	12	46	0.73
bj	12	46	0.703
bj	12	46	0.623
bj	12	46	0.393
bj	12	46	0.55
bj	12	46	0.49
