bhkk	12	18	0.206666
bhkk	12	18	0.206666
bhkk	12	18	0.206666
bhkk	12	18	0.206666
bhkk	12	18	0.206666
bhkk	12	18	0.206666
bhkk	12	18	0.206666
bhkk	12	18	0.206666
bhkk	12	18	0.203333
bhkk	12	18	0.206666
bhkk	12	18	0.203333
bhkk	12	18	0.206666
bhkk	12	18	0.206666
bhkk	12	18	0.206666
bhkk	12	18	0.206666
bhkk	12	18	0.206666
bhkk	12	18	0.206666
bhkk	12	18	0.206666
bhkk	12	18	0.206666
bhkk	12	18	0.206666
bhkk	12	18	0.206666
bhkk	12	18	0.206666
bhkk	12	18	0.206666
bhkk	12	18	0.206666
bhkk	12	18	0.206666
bhkk	12	18	0.206666
bhkk	12	18	0.206666
bhkk	12	18	0.206666
bhkk	12	18	0.206666
bhkk	12	18	0.206666
bhkk	12	18	0.206666
bhkk	12	18	0.206666
bhkk	12	18	0.206666
bhkk	12	18	0.206666
bhkk	12	18	0.206666
bhkk	12	18	0.206666
bhkk	12	18	0.206666
bhkk	12	18	0.216666
bhkk	12	18	0.206666
bhkk	12	18	0.206666
bhkk	12	18	0.206666
bhkk	12	18	0.206666
bhkk	12	18	0.206666
bhkk	12	18	0.206666
bhkk	12	18	0.206666
bhkk	12	18	0.206666
bhkk	12	18	0.206666
bhkk	12	18	0.206666
bhkk	12	18	0.206666
bhkk	12	18	0.206666
