bhkk	18	27	55.6733
bhkk	18	27	55.6833
bhkk	18	27	56.67
bhkk	18	27	55.7867
bhkk	18	27	55.64
bhkk	18	27	55.8333
bhkk	18	27	55.84
bhkk	18	27	55.6667
bhkk	18	27	56.2467
bhkk	18	27	55.65
bhkk	18	27	55.66
bhkk	18	27	55.65
bhkk	18	27	55.6433
bhkk	18	27	55.6833
bhkk	18	27	55.6533
bhkk	18	27	56.04
bhkk	18	27	55.6567
bhkk	18	27	55.6733
bhkk	18	27	55.7167
bhkk	18	27	56.6367
bhkk	18	27	55.8733
bhkk	18	27	55.67
bhkk	18	27	57.34
bhkk	18	27	55.8967
bhkk	18	27	55.6433
bhkk	18	27	55.82
bhkk	18	27	55.6467
bhkk	18	27	55.6333
bhkk	18	27	55.65
bhkk	18	27	55.89
bhkk	18	27	56.3633
bhkk	18	27	56.56
bhkk	18	27	55.64
bhkk	18	27	56.0267
bhkk	18	27	56.25
bhkk	18	27	55.7167
bhkk	18	27	55.8533
bhkk	18	27	55.6633
bhkk	18	27	56.3367
bhkk	18	27	56.58
bhkk	18	27	56.0567
bhkk	18	27	57.0067
bhkk	18	27	56.3933
bhkk	18	27	56.05
bhkk	18	27	56.91
bhkk	18	27	55.6567
bhkk	18	27	55.6533
bhkk	18	27	55.7033
bhkk	18	27	55.6733
bhkk	18	27	55.89
