hpr	14	21	0.00333
hpr	14	21	0.00333
hpr	14	21	0
hpr	14	21	0.01
hpr	14	21	0.00333
hpr	14	21	0.00333
hpr	14	21	0.00333
hpr	14	21	0.00333
hpr	14	21	0.00667
hpr	14	21	0
hpr	14	21	0.00667
hpr	14	21	0.00667
hpr	14	21	0.00667
hpr	14	21	0.00333
hpr	14	21	0.00333
hpr	14	21	0.00333
hpr	14	21	0.00333
hpr	14	21	0.00333
hpr	14	21	0
hpr	14	21	0.00333
hpr	14	21	0.00333
hpr	14	21	0.00333
hpr	14	21	0.00333
hpr	14	21	0
hpr	14	21	0.00333
hpr	14	21	0.01
hpr	14	21	0
hpr	14	21	0.00667
hpr	14	21	0.00333
hpr	14	21	0.00333
hpr	14	21	0.00333
hpr	14	21	0.00333
hpr	14	21	0.00333
hpr	14	21	0.00333
hpr	14	21	0.00667
hpr	14	21	0.00333
hpr	14	21	0.01
hpr	14	21	0.00667
hpr	14	21	0.00667
hpr	14	21	0.00333
hpr	14	21	0.00333
hpr	14	21	0.00333
hpr	14	21	0.00667
hpr	14	21	0.00333
hpr	14	21	0.00667
hpr	14	21	0
hpr	14	21	0
hpr	14	21	0.01
hpr	14	21	0.00667
hpr	14	21	0.00667
