hpr	26	39	0.68
hpr	26	39	0.53
hpr	26	39	1.02
hpr	26	39	1.02
hpr	26	39	0.17
hpr	26	39	2.25
hpr	26	39	0.727
hpr	26	39	0.83
hpr	26	39	0.517
hpr	26	39	0.303
hpr	26	39	3.03
hpr	26	39	0.723
hpr	26	39	0.423
hpr	26	39	0.823
hpr	26	39	1.62
hpr	26	39	0.203
hpr	26	39	0.81
hpr	26	39	0.78
hpr	26	39	1.39
hpr	26	39	0.483
hpr	26	39	2.71
hpr	26	39	1.45
hpr	26	39	1.17
hpr	26	39	1.48
hpr	26	39	0.607
hpr	26	39	0.19
hpr	26	39	0.753
hpr	26	39	1.34
hpr	26	39	0.757
hpr	26	39	1.19
hpr	26	39	1.71
hpr	26	39	0.94
hpr	26	39	2.72
hpr	26	39	1.17
hpr	26	39	0.447
hpr	26	39	0.453
hpr	26	39	0.0233
hpr	26	39	0.37
hpr	26	39	0.57
hpr	26	39	0.627
hpr	26	39	2.07
hpr	26	39	0.71
hpr	26	39	1.38
hpr	26	39	1.02
hpr	26	39	0.68
hpr	26	39	2.42
hpr	26	39	1.24
hpr	26	39	0.427
hpr	26	39	1.13
hpr	26	39	0.213
