hpr	30	45	8.23
hpr	30	45	3.5
hpr	30	45	3.03
hpr	30	45	4.9
hpr	30	45	3.02
hpr	30	45	8.42
hpr	30	45	3.1
hpr	30	45	2.85
hpr	30	45	9.41
hpr	30	45	1.86
hpr	30	45	0.283
hpr	30	45	4.02
hpr	30	45	5.5
hpr	30	45	1.45
hpr	30	45	3.22
hpr	30	45	8.46
hpr	30	45	21.2
hpr	30	45	4.56
hpr	30	45	0.367
hpr	30	45	0.417
hpr	30	45	2.96
hpr	30	45	3.41
hpr	30	45	3.96
hpr	30	45	3.58
hpr	30	45	2.78
hpr	30	45	4.25
hpr	30	45	1.93
hpr	30	45	1.63
hpr	30	45	2.83
hpr	30	45	4.23
hpr	30	45	12.4
hpr	30	45	5.48
hpr	30	45	3.22
hpr	30	45	16.2
hpr	30	45	6.46
hpr	30	45	6.01
hpr	30	45	3.12
hpr	30	45	0.793
hpr	30	45	11.2
hpr	30	45	5.88
hpr	30	45	5.58
hpr	30	45	4.76
hpr	30	45	0.353
hpr	30	45	3.48
hpr	30	45	9.97
hpr	30	45	15.3
hpr	30	45	0.953
hpr	30	45	5.9
hpr	30	45	5.9
hpr	30	45	10.7
