bj	26	39	0.303
bj	26	39	0.277
bj	26	39	0.373
bj	26	39	0.0967
bj	26	39	0.0367
bj	26	39	0.17
bj	26	39	0.09
bj	26	39	1.33
bj	26	39	0.457
bj	26	39	0.13
bj	26	39	3.37
bj	26	39	0.173
bj	26	39	0.237
bj	26	39	0.117
bj	26	39	1.31
bj	26	39	0.167
bj	26	39	0.6
bj	26	39	0.323
bj	26	39	0.0867
bj	26	39	0.153
bj	26	39	0.283
bj	26	39	0.107
bj	26	39	0.373
bj	26	39	0.807
bj	26	39	0.287
bj	26	39	0.0967
bj	26	39	0.807
bj	26	39	0.377
bj	26	39	0.24
bj	26	39	0.51
bj	26	39	0.74
bj	26	39	0.75
bj	26	39	0.283
bj	26	39	0.61
bj	26	39	0.147
bj	26	39	0.297
bj	26	39	0.05
bj	26	39	0.0567
bj	26	39	0.203
bj	26	39	0.16
bj	26	39	0.04
bj	26	39	0.11
bj	26	39	1.59
bj	26	39	0.12
bj	26	39	0.0733
bj	26	39	0.727
bj	26	39	1.48
bj	26	39	0.07
bj	26	39	0.473
bj	26	39	0.0433
