hpr	18	27	0.03
hpr	18	27	0.01
hpr	18	27	0.0633
hpr	18	27	0.03
hpr	18	27	0
hpr	18	27	0.00667
hpr	18	27	0.00333
hpr	18	27	0.01
hpr	18	27	0.0333
hpr	18	27	0.01
hpr	18	27	0.0133
hpr	18	27	0.00667
hpr	18	27	0.00667
hpr	18	27	0.0333
hpr	18	27	0.0367
hpr	18	27	0.02
hpr	18	27	0.00333
hpr	18	27	0.00667
hpr	18	27	0.0333
hpr	18	27	0.0133
hpr	18	27	0.0133
hpr	18	27	0.03
hpr	18	27	0.0233
hpr	18	27	0.02
hpr	18	27	0.0167
hpr	18	27	0.0133
hpr	18	27	0.04
hpr	18	27	0.00333
hpr	18	27	0.0233
hpr	18	27	0.07
hpr	18	27	0.0133
hpr	18	27	0.0333
hpr	18	27	0.00333
hpr	18	27	0.0267
hpr	18	27	0.0467
hpr	18	27	0.02
hpr	18	27	0.0267
hpr	18	27	0.0267
hpr	18	27	0.0233
hpr	18	27	0.0333
hpr	18	27	0.04
hpr	18	27	0.0433
hpr	18	27	0.0567
hpr	18	27	0.0167
hpr	18	27	0.00667
hpr	18	27	0.0433
hpr	18	27	0.0333
hpr	18	27	0.02
hpr	18	27	0.0333
hpr	18	27	0.00333
