bj	28	42	0.187
bj	28	42	0.36
bj	28	42	0.47
bj	28	42	1.04
bj	28	42	0.08
bj	28	42	1.32
bj	28	42	3.17
bj	28	42	0.353
bj	28	42	0.05
bj	28	42	1.12
bj	28	42	0.253
bj	28	42	0.43
bj	28	42	0.07
bj	28	42	6.19
bj	28	42	2.75
bj	28	42	0.287
bj	28	42	0.203
bj	28	42	0.367
bj	28	42	0.207
bj	28	42	0.41
bj	28	42	0.107
bj	28	42	0.0933
bj	28	42	0.163
bj	28	42	0.453
bj	28	42	0.573
bj	28	42	0.423
bj	28	42	1.04
bj	28	42	1.54
bj	28	42	0.33
bj	28	42	1.11
bj	28	42	0.237
bj	28	42	1.64
bj	28	42	0.07
bj	28	42	0.88
bj	28	42	0.13
bj	28	42	0.0567
bj	28	42	0.197
bj	28	42	0.19
bj	28	42	0.497
bj	28	42	0.86
bj	28	42	0.8
bj	28	42	0.127
bj	28	42	0.94
bj	28	42	2.29
bj	28	42	0.26
bj	28	42	0.137
bj	28	42	4.9
bj	28	42	0.12
bj	28	42	1.14
bj	28	42	0.163
