hpr	34	51	34.3
hpr	34	51	timeout
hpr	34	51	35.1
hpr	34	51	32.3
hpr	34	51	24.4
hpr	34	51	0.157
hpr	34	51	9.9
hpr	34	51	32.2
hpr	34	51	22.8
hpr	34	51	21.4
hpr	34	51	32.3
hpr	34	51	8.96
hpr	34	51	71.5
hpr	34	51	119
hpr	34	51	9.91
hpr	34	51	7.84
hpr	34	51	1.65
hpr	34	51	41.8
hpr	34	51	42
hpr	34	51	112
hpr	34	51	1.93
hpr	34	51	13.5
hpr	34	51	9.29
hpr	34	51	14.5
hpr	34	51	9.14
hpr	34	51	14.3
hpr	34	51	18.9
hpr	34	51	7.85
hpr	34	51	7.61
hpr	34	51	1.64
hpr	34	51	111
hpr	34	51	11.8
hpr	34	51	1.13
hpr	34	51	33.3
hpr	34	51	18
hpr	34	51	37
hpr	34	51	21
hpr	34	51	22.1
hpr	34	51	1.59
hpr	34	51	14.7
hpr	34	51	18.7
hpr	34	51	25
hpr	34	51	29.2
hpr	34	51	36.4
hpr	34	51	9.33
hpr	34	51	14.1
hpr	34	51	1.59
hpr	34	51	16
hpr	34	51	30.8
hpr	34	51	25.9
