bhkk	10	15	0.029999
bhkk	10	15	0.026666
bhkk	10	15	0.029999
bhkk	10	15	0.029999
bhkk	10	15	0.029999
bhkk	10	15	0.029999
bhkk	10	15	0.029999
bhkk	10	15	0.029999
bhkk	10	15	0.029999
bhkk	10	15	0.029999
bhkk	10	15	0.029999
bhkk	10	15	0.029999
bhkk	10	15	0.029999
bhkk	10	15	0.029999
bhkk	10	15	0.029999
bhkk	10	15	0.026666
bhkk	10	15	0.029999
bhkk	10	15	0.029999
bhkk	10	15	0.029999
bhkk	10	15	0.026666
bhkk	10	15	0.029999
bhkk	10	15	0.029999
bhkk	10	15	0.029999
bhkk	10	15	0.029999
bhkk	10	15	0.026666
bhkk	10	15	0.029999
bhkk	10	15	0.029999
bhkk	10	15	0.029999
bhkk	10	15	0.029999
bhkk	10	15	0.029999
bhkk	10	15	0.029999
bhkk	10	15	0.029999
bhkk	10	15	0.029999
bhkk	10	15	0.029999
bhkk	10	15	0.029999
bhkk	10	15	0.029999
bhkk	10	15	0.029999
bhkk	10	15	0.029999
bhkk	10	15	0.029999
bhkk	10	15	0.029999
bhkk	10	15	0.029999
bhkk	10	15	0.029999
bhkk	10	15	0.029999
bhkk	10	15	0.029999
bhkk	10	15	0.029999
bhkk	10	15	0.029999
bhkk	10	15	0.029999
bhkk	10	15	0.029999
bhkk	10	15	0.029999
bhkk	10	15	0.029999
