bj	22	33	0.0367
bj	22	33	0.0267
bj	22	33	0.04
bj	22	33	0.0467
bj	22	33	0.157
bj	22	33	0.137
bj	22	33	0.0133
bj	22	33	0.0933
bj	22	33	0.0467
bj	22	33	0.01
bj	22	33	0.0233
bj	22	33	0.167
bj	22	33	0.107
bj	22	33	0.02
bj	22	33	0.127
bj	22	33	0.00333
bj	22	33	0.0467
bj	22	33	0.0833
bj	22	33	0.00333
bj	22	33	0.0833
bj	22	33	0.03
bj	22	33	0.0267
bj	22	33	0.0367
bj	22	33	0.243
bj	22	33	0.0133
bj	22	33	0.0733
bj	22	33	0.0433
bj	22	33	0.0267
bj	22	33	0.0567
bj	22	33	0.13
bj	22	33	0.107
bj	22	33	0.11
bj	22	33	0.15
bj	22	33	0.0233
bj	22	33	0.0167
bj	22	33	0.0867
bj	22	33	0.0767
bj	22	33	0.143
bj	22	33	0.0333
bj	22	33	0.0633
bj	22	33	0.0133
bj	22	33	0.0167
bj	22	33	0.0267
bj	22	33	0.0133
bj	22	33	0.05
bj	22	33	0.02
bj	22	33	0.00667
bj	22	33	0.0233
bj	22	33	0.0233
bj	22	33	0.05
