bj	30	45	0.823
bj	30	45	0.24
bj	30	45	2.06
bj	30	45	0.177
bj	30	45	0.533
bj	30	45	0.317
bj	30	45	0.73
bj	30	45	0.233
bj	30	45	3.62
bj	30	45	0.43
bj	30	45	0.0633
bj	30	45	1.06
bj	30	45	1.32
bj	30	45	0.0733
bj	30	45	0.237
bj	30	45	2.93
bj	30	45	4.11
bj	30	45	0.25
bj	30	45	0.0367
bj	30	45	0.0533
bj	30	45	0.927
bj	30	45	0.91
bj	30	45	2.89
bj	30	45	0.203
bj	30	45	0.277
bj	30	45	0.81
bj	30	45	1.09
bj	30	45	0.23
bj	30	45	0.18
bj	30	45	1.01
bj	30	45	1.88
bj	30	45	0.0967
bj	30	45	0.497
bj	30	45	4.53
bj	30	45	0.613
bj	30	45	2.02
bj	30	45	0.143
bj	30	45	0.393
bj	30	45	2.73
bj	30	45	1.06
bj	30	45	1.29
bj	30	45	0.3
bj	30	45	0.103
bj	30	45	0.397
bj	30	45	3.44
bj	30	45	1.9
bj	30	45	0.483
bj	30	45	2.99
bj	30	45	0.143
bj	30	45	1.58
