bj	24	36	0.06
bj	24	36	0.22
bj	24	36	0.27
bj	24	36	0.2
bj	24	36	0.0467
bj	24	36	0.08
bj	24	36	0.04
bj	24	36	0.223
bj	24	36	0.02
bj	24	36	0.103
bj	24	36	0.15
bj	24	36	0.263
bj	24	36	0.46
bj	24	36	0.0167
bj	24	36	0.0333
bj	24	36	0.0433
bj	24	36	0.0567
bj	24	36	0.04
bj	24	36	0.0533
bj	24	36	0.03
bj	24	36	0.183
bj	24	36	0.02
bj	24	36	0.203
bj	24	36	0.0833
bj	24	36	0.06
bj	24	36	0.0633
bj	24	36	0.01
bj	24	36	0.103
bj	24	36	0.1
bj	24	36	0.0233
bj	24	36	0.0167
bj	24	36	0.22
bj	24	36	0.0133
bj	24	36	0.04
bj	24	36	0.12
bj	24	36	0.167
bj	24	36	0.09
bj	24	36	0.29
bj	24	36	0.0167
bj	24	36	0.227
bj	24	36	0.857
bj	24	36	0.0167
bj	24	36	0.0333
bj	24	36	0.4
bj	24	36	0.197
bj	24	36	0.0333
bj	24	36	0.117
bj	24	36	0.0167
bj	24	36	0.08
bj	24	36	0.11
