hpr	20	30	0.07
hpr	20	30	0.0667
hpr	20	30	0.06
hpr	20	30	0.0167
hpr	20	30	0.00333
hpr	20	30	0.0533
hpr	20	30	0.02
hpr	20	30	0.00333
hpr	20	30	0.0367
hpr	20	30	0.103
hpr	20	30	0.03
hpr	20	30	0.0167
hpr	20	30	0.06
hpr	20	30	0.09
hpr	20	30	0.00667
hpr	20	30	0.0833
hpr	20	30	0.03
hpr	20	30	0.0467
hpr	20	30	0.0467
hpr	20	30	0.0167
hpr	20	30	0.04
hpr	20	30	0.0633
hpr	20	30	0.0867
hpr	20	30	0.02
hpr	20	30	0.02
hpr	20	30	0.03
hpr	20	30	0.0167
hpr	20	30	0.0567
hpr	20	30	0.0233
hpr	20	30	0.17
hpr	20	30	0.0767
hpr	20	30	0.0633
hpr	20	30	0.0367
hpr	20	30	0.0567
hpr	20	30	0.0733
hpr	20	30	0.01
hpr	20	30	0.0233
hpr	20	30	0.0367
hpr	20	30	0.0733
hpr	20	30	0.05
hpr	20	30	0.03
hpr	20	30	0.0667
hpr	20	30	0.0167
hpr	20	30	0.0633
hpr	20	30	0.05
hpr	20	30	0.153
hpr	20	30	0.0933
hpr	20	30	0.0733
hpr	20	30	0.01
hpr	20	30	0.0633
