bhkk	14	21	1.40667
bhkk	14	21	1.40667
bhkk	14	21	1.40333
bhkk	14	21	1.41
bhkk	14	21	1.40667
bhkk	14	21	1.40667
bhkk	14	21	1.4
bhkk	14	21	1.40667
bhkk	14	21	1.40667
bhkk	14	21	1.40667
bhkk	14	21	1.40667
bhkk	14	21	1.40667
bhkk	14	21	1.40667
bhkk	14	21	1.40667
bhkk	14	21	1.40667
bhkk	14	21	1.40667
bhkk	14	21	1.40667
bhkk	14	21	1.40667
bhkk	14	21	1.40333
bhkk	14	21	1.40667
bhkk	14	21	1.40667
bhkk	14	21	1.40667
bhkk	14	21	1.40667
bhkk	14	21	1.40667
bhkk	14	21	1.40667
bhkk	14	21	1.40667
bhkk	14	21	1.40667
bhkk	14	21	1.40667
bhkk	14	21	1.40667
bhkk	14	21	1.40667
bhkk	14	21	1.40667
bhkk	14	21	1.41
bhkk	14	21	1.40667
bhkk	14	21	1.40667
bhkk	14	21	1.40667
bhkk	14	21	1.40667
bhkk	14	21	1.40667
bhkk	14	21	1.40667
bhkk	14	21	1.40667
bhkk	14	21	1.40667
bhkk	14	21	1.41
bhkk	14	21	1.40667
bhkk	14	21	1.40667
bhkk	14	21	1.41333
bhkk	14	21	1.41
bhkk	14	21	1.40333
bhkk	14	21	1.40667
bhkk	14	21	1.40667
bhkk	14	21	1.40667
bhkk	14	21	1.40667
