hpr	32	48	6.96
hpr	32	48	11.6
hpr	32	48	18.6
hpr	32	48	6.32
hpr	32	48	17
hpr	32	48	1.41
hpr	32	48	31.1
hpr	32	48	15.3
hpr	32	48	0.803
hpr	32	48	11.8
hpr	32	48	9.56
hpr	32	48	19.3
hpr	32	48	2.55
hpr	32	48	5.18
hpr	32	48	16.2
hpr	32	48	38.6
hpr	32	48	23.9
hpr	32	48	5.94
hpr	32	48	57.2
hpr	32	48	12.2
hpr	32	48	15
hpr	32	48	25.1
hpr	32	48	7.86
hpr	32	48	21.8
hpr	32	48	17.4
hpr	32	48	19
hpr	32	48	21.6
hpr	32	48	8.48
hpr	32	48	3.17
hpr	32	48	28.8
hpr	32	48	12
hpr	32	48	20.5
hpr	32	48	12.6
hpr	32	48	22.4
hpr	32	48	20.4
hpr	32	48	1.61
hpr	32	48	13
hpr	32	48	3.37
hpr	32	48	31.7
hpr	32	48	19.1
hpr	32	48	16.3
hpr	32	48	12.3
hpr	32	48	15.7
hpr	32	48	58.5
hpr	32	48	1.79
hpr	32	48	14.6
hpr	32	48	1.03
hpr	32	48	7.33
hpr	32	48	9.57
hpr	32	48	3.2
