bj	32	48	2.21
bj	32	48	1.7
bj	32	48	1.32
bj	32	48	0.39
bj	32	48	3.91
bj	32	48	0.437
bj	32	48	8.84
bj	32	48	3.33
bj	32	48	0.697
bj	32	48	2.18
bj	32	48	0.19
bj	32	48	4.78
bj	32	48	0.713
bj	32	48	1.28
bj	32	48	3.35
bj	32	48	19.1
bj	32	48	3.85
bj	32	48	0.36
bj	32	48	58.8
bj	32	48	0.893
bj	32	48	0.953
bj	32	48	1.43
bj	32	48	7.61
bj	32	48	0.763
bj	32	48	0.557
bj	32	48	3.37
bj	32	48	4.8
bj	32	48	1.3
bj	32	48	0.0733
bj	32	48	5.37
bj	32	48	4.32
bj	32	48	13.8
bj	32	48	17.6
bj	32	48	7.81
bj	32	48	0.583
bj	32	48	0.513
bj	32	48	0.603
bj	32	48	0.557
bj	32	48	2.67
bj	32	48	26.5
bj	32	48	1.6
bj	32	48	33.1
bj	32	48	4.49
bj	32	48	2.12
bj	32	48	0.543
bj	32	48	1.55
bj	32	48	0.547
bj	32	48	12.5
bj	32	48	1.91
bj	32	48	0.227
