hpr	24	36	0.553
hpr	24	36	0.693
hpr	24	36	0.887
hpr	24	36	0.96
hpr	24	36	0.37
hpr	24	36	0.233
hpr	24	36	0.123
hpr	24	36	0.427
hpr	24	36	0.147
hpr	24	36	0.277
hpr	24	36	0.32
hpr	24	36	0.557
hpr	24	36	0.28
hpr	24	36	0.217
hpr	24	36	0.37
hpr	24	36	0.183
hpr	24	36	0.397
hpr	24	36	0.203
hpr	24	36	0.513
hpr	24	36	0.33
hpr	24	36	0.543
hpr	24	36	0.153
hpr	24	36	0.473
hpr	24	36	0.507
hpr	24	36	0.323
hpr	24	36	0.683
hpr	24	36	0.0167
hpr	24	36	0.407
hpr	24	36	0.457
hpr	24	36	0.0233
hpr	24	36	0.0267
hpr	24	36	0.293
hpr	24	36	0.03
hpr	24	36	0.207
hpr	24	36	0.627
hpr	24	36	1.11
hpr	24	36	0.22
hpr	24	36	1.09
hpr	24	36	0.137
hpr	24	36	0.723
hpr	24	36	0.24
hpr	24	36	0.347
hpr	24	36	0.257
hpr	24	36	0.507
hpr	24	36	0.413
hpr	24	36	0.0267
hpr	24	36	0.23
hpr	24	36	0.0633
hpr	24	36	0.393
hpr	24	36	0.587
