hpr	10	15	0
hpr	10	15	0
hpr	10	15	0
hpr	10	15	0
hpr	10	15	0
hpr	10	15	0
hpr	10	15	0
hpr	10	15	0
hpr	10	15	0
hpr	10	15	0
hpr	10	15	0
hpr	10	15	0.00333
hpr	10	15	0
hpr	10	15	0
hpr	10	15	0.00333
hpr	10	15	0
hpr	10	15	0
hpr	10	15	0.00333
hpr	10	15	0
hpr	10	15	0
hpr	10	15	0.00333
hpr	10	15	0
hpr	10	15	0
hpr	10	15	0
hpr	10	15	0
hpr	10	15	0
hpr	10	15	0
hpr	10	15	0
hpr	10	15	0.00333
hpr	10	15	0
hpr	10	15	0
hpr	10	15	0
hpr	10	15	0.00333
hpr	10	15	0
hpr	10	15	0
hpr	10	15	0.00333
hpr	10	15	0
hpr	10	15	0
hpr	10	15	0.00333
hpr	10	15	0
hpr	10	15	0
hpr	10	15	0
hpr	10	15	0
hpr	10	15	0
hpr	10	15	0
hpr	10	15	0.00333
hpr	10	15	0
hpr	10	15	0
hpr	10	15	0
hpr	10	15	0
