hpr	22	33	0.05
hpr	22	33	0.01
hpr	22	33	0.0467
hpr	22	33	0.193
hpr	22	33	0.193
hpr	22	33	0.0967
hpr	22	33	0.0867
hpr	22	33	0.203
hpr	22	33	0.0767
hpr	22	33	0.0567
hpr	22	33	0.19
hpr	22	33	0.28
hpr	22	33	0.273
hpr	22	33	0.133
hpr	22	33	0.247
hpr	22	33	0.0267
hpr	22	33	0.0467
hpr	22	33	0.12
hpr	22	33	0.0167
hpr	22	33	0.193
hpr	22	33	0.353
hpr	22	33	0.163
hpr	22	33	0.14
hpr	22	33	0.273
hpr	22	33	0.0467
hpr	22	33	0.117
hpr	22	33	0.117
hpr	22	33	0.227
hpr	22	33	0.0933
hpr	22	33	0.18
hpr	22	33	0.147
hpr	22	33	0.0867
hpr	22	33	0.403
hpr	22	33	0.0133
hpr	22	33	0.0467
hpr	22	33	0.293
hpr	22	33	0.173
hpr	22	33	0.35
hpr	22	33	0.0333
hpr	22	33	0.203
hpr	22	33	0.163
hpr	22	33	0.0767
hpr	22	33	0.0533
hpr	22	33	0.02
hpr	22	33	0.27
hpr	22	33	0.133
hpr	22	33	0.00333
hpr	22	33	0.213
hpr	22	33	0.0933
hpr	22	33	0.41
