hpr	28	42	1.2
hpr	28	42	2.51
hpr	28	42	7.75
hpr	28	42	2.46
hpr	28	42	0.597
hpr	28	42	1.56
hpr	28	42	4.95
hpr	28	42	3.75
hpr	28	42	0.22
hpr	28	42	1.65
hpr	28	42	2.06
hpr	28	42	1.65
hpr	28	42	0.48
hpr	28	42	9.1
hpr	28	42	1.65
hpr	28	42	2.51
hpr	28	42	2.1
hpr	28	42	0.59
hpr	28	42	1.69
hpr	28	42	1.16
hpr	28	42	1.59
hpr	28	42	0.533
hpr	28	42	0.467
hpr	28	42	0.36
hpr	28	42	3.01
hpr	28	42	4.21
hpr	28	42	1.68
hpr	28	42	5.89
hpr	28	42	3.21
hpr	28	42	1.7
hpr	28	42	0.397
hpr	28	42	3.37
hpr	28	42	0.743
hpr	28	42	1.09
hpr	28	42	1.96
hpr	28	42	0.52
hpr	28	42	1.47
hpr	28	42	5.22
hpr	28	42	5.75
hpr	28	42	2.81
hpr	28	42	7.7
hpr	28	42	0.493
hpr	28	42	3.5
hpr	28	42	1.88
hpr	28	42	2.84
hpr	28	42	2.39
hpr	28	42	2.82
hpr	28	42	2.05
hpr	28	42	2.28
hpr	28	42	2.04
