bj	36	54	8.7
bj	36	54	0.68
bj	36	54	7.15
bj	36	54	3.32
bj	36	54	timeout
bj	36	54	17.9
bj	36	54	28.9
bj	36	54	20.5
bj	36	54	49.1
bj	36	54	1.97
bj	36	54	8.6
bj	36	54	3.68
bj	36	54	0.89
bj	36	54	timeout
bj	36	54	8.56
bj	36	54	11.5
bj	36	54	33.7
bj	36	54	7.83
bj	36	54	11
bj	36	54	1.07
bj	36	54	0.91
bj	36	54	11.7
bj	36	54	7.17
bj	36	54	1.75
bj	36	54	0.43
bj	36	54	5.27
bj	36	54	2.15
bj	36	54	7.71
bj	36	54	10.4
bj	36	54	36.2
bj	36	54	timeout
bj	36	54	2.08
bj	36	54	7.28
bj	36	54	4.29
bj	36	54	22
bj	36	54	4.8
bj	36	54	0.51
bj	36	54	16.4
bj	36	54	63.7
bj	36	54	9.97
bj	36	54	23.9
bj	36	54	1.35
bj	36	54	6.55
bj	36	54	timeout
bj	36	54	4.36
bj	36	54	0.957
bj	36	54	0.863
bj	36	54	1.13
bj	36	54	81.8
bj	36	54	3.8
