bj	20	30	0.03
bj	20	30	0.06
bj	20	30	0.0233
bj	20	30	0.02
bj	20	30	0.00667
bj	20	30	0.0433
bj	20	30	0.01
bj	20	30	0.01
bj	20	30	0.01
bj	20	30	0.04
bj	20	30	0.01
bj	20	30	0.0133
bj	20	30	0.01
bj	20	30	0.0367
bj	20	30	0.00333
bj	20	30	0.0267
bj	20	30	0.04
bj	20	30	0.01
bj	20	30	0.0133
bj	20	30	0.0167
bj	20	30	0.0233
bj	20	30	0.0467
bj	20	30	0.04
bj	20	30	0.00667
bj	20	30	0.01
bj	20	30	0.0133
bj	20	30	0.01
bj	20	30	0.04
bj	20	30	0.05
bj	20	30	0.12
bj	20	30	0.0233
bj	20	30	0.01
bj	20	30	0.0267
bj	20	30	0.05
bj	20	30	0.04
bj	20	30	0.01
bj	20	30	0.0167
bj	20	30	0.0267
bj	20	30	0.0333
bj	20	30	0.0233
bj	20	30	0.01
bj	20	30	0.03
bj	20	30	0.00667
bj	20	30	0.02
bj	20	30	0.0167
bj	20	30	0.04
bj	20	30	0.0467
bj	20	30	0.0167
bj	20	30	0.01
bj	20	30	0.0333
