bhkk	16	24	9.04333
bhkk	16	24	9.04
bhkk	16	24	9.03666
bhkk	16	24	9.04333
bhkk	16	24	9.04333
bhkk	16	24	9.04
bhkk	16	24	9.04
bhkk	16	24	9.04
bhkk	16	24	9.04
bhkk	16	24	9.04333
bhkk	16	24	9.04
bhkk	16	24	9.04333
bhkk	16	24	9.04333
bhkk	16	24	9.04333
bhkk	16	24	9.04333
bhkk	16	24	9.04667
bhkk	16	24	9.04333
bhkk	16	24	9.04333
bhkk	16	24	9.04333
bhkk	16	24	9.04333
bhkk	16	24	9.04333
bhkk	16	24	9.04
bhkk	16	24	9.04
bhkk	16	24	9.04
bhkk	16	24	9.03666
bhkk	16	24	9.03666
bhkk	16	24	9.04
bhkk	16	24	9.03666
bhkk	16	24	9.03666
bhkk	16	24	9.04
bhkk	16	24	9.04333
bhkk	16	24	9.04333
bhkk	16	24	9.04
bhkk	16	24	9.03666
bhkk	16	24	9.03666
bhkk	16	24	9.04
bhkk	16	24	9.03666
bhkk	16	24	9.04
bhkk	16	24	9.04333
bhkk	16	24	9.04333
bhkk	16	24	9.04
bhkk	16	24	9.04
bhkk	16	24	9.03666
bhkk	16	24	9.03333
bhkk	16	24	9.04333
bhkk	16	24	9.04
bhkk	16	24	9.04
bhkk	16	24	9.04333
bhkk	16	24	9.04333
bhkk	16	24	9.04333
