bj	16	24	0.01
bj	16	24	0.00667
bj	16	24	0.0167
bj	16	24	0.00667
bj	16	24	0.00667
bj	16	24	0.01
bj	16	24	0.0133
bj	16	24	0.00667
bj	16	24	0.0267
bj	16	24	0.00333
bj	16	24	0.00333
bj	16	24	0.01
bj	16	24	0.0133
bj	16	24	0.00667
bj	16	24	0.00667
bj	16	24	0.00333
bj	16	24	0.00333
bj	16	24	0.00333
bj	16	24	0.00333
bj	16	24	0.01
bj	16	24	0.00333
bj	16	24	0.00333
bj	16	24	0.00667
bj	16	24	0.00333
bj	16	24	0.0167
bj	16	24	0.00333
bj	16	24	0.00333
bj	16	24	0.0167
bj	16	24	0.00333
bj	16	24	0.01
bj	16	24	0.00333
bj	16	24	0.00667
bj	16	24	0.01
bj	16	24	0.00333
bj	16	24	0.0133
bj	16	24	0.00667
bj	16	24	0.0167
bj	16	24	0.01
bj	16	24	0.00333
bj	16	24	0.00333
bj	16	24	0.00333
bj	16	24	0.00333
bj	16	24	0.00333
bj	16	24	0.00333
bj	16	24	0.01
bj	16	24	0.0133
bj	16	24	0.00667
bj	16	24	0.01
bj	16	24	0.00667
bj	16	24	0.0167
