bj	14	21	0
bj	14	21	0.00667
bj	14	21	0.00333
bj	14	21	0.01
bj	14	21	0.00333
bj	14	21	0.00667
bj	14	21	0.00333
bj	14	21	0.00333
bj	14	21	0.00333
bj	14	21	0.00333
bj	14	21	0.00333
bj	14	21	0.00667
bj	14	21	0.00667
bj	14	21	0.00333
bj	14	21	0.00333
bj	14	21	0.00667
bj	14	21	0.00333
bj	14	21	0.00333
bj	14	21	0.00333
bj	14	21	0.00333
bj	14	21	0.00333
bj	14	21	0.00667
bj	14	21	0.00333
bj	14	21	0
bj	14	21	0.00333
bj	14	21	0.00333
bj	14	21	0
bj	14	21	0.00667
bj	14	21	0.00333
bj	14	21	0.00333
bj	14	21	0
bj	14	21	0.00667
bj	14	21	0.00333
bj	14	21	0.00333
bj	14	21	0.00333
bj	14	21	0.00333
bj	14	21	0.00333
bj	14	21	0.00333
bj	14	21	0.00333
bj	14	21	0.00333
bj	14	21	0.00333
bj	14	21	0.00333
bj	14	21	0.00667
bj	14	21	0
bj	14	21	0.00667
bj	14	21	0.00333
bj	14	21	0
bj	14	21	0.00333
bj	14	21	0.00333
bj	14	21	0.00333
