bj	34	51	1.01
bj	34	51	7.12
bj	34	51	9
bj	34	51	6.27
bj	34	51	0.65
bj	34	51	0.08
bj	34	51	2.23
bj	34	51	6.66
bj	34	51	5.63
bj	34	51	33.6
bj	34	51	2.8
bj	34	51	37.2
bj	34	51	timeout
bj	34	51	timeout
bj	34	51	0.613
bj	34	51	0.29
bj	34	51	0.0867
bj	34	51	16.4
bj	34	51	45
bj	34	51	timeout
bj	34	51	1.12
bj	34	51	0.257
bj	34	51	0.487
bj	34	51	0.283
bj	34	51	0.803
bj	34	51	4.22
bj	34	51	2.72
bj	34	51	7.79
bj	34	51	2.23
bj	34	51	5.9
bj	34	51	59.4
bj	34	51	4.7
bj	34	51	0.567
bj	34	51	4.29
bj	34	51	0.723
bj	34	51	3.91
bj	34	51	1.53
bj	34	51	3.54
bj	34	51	0.443
bj	34	51	10.3
bj	34	51	1.97
bj	34	51	0.263
bj	34	51	0.663
bj	34	51	6.17
bj	34	51	6.44
bj	34	51	0.97
bj	34	51	0.447
bj	34	51	3.44
bj	34	51	3.99
bj	34	51	10.9
