hpr	10	19	0.00333
hpr	10	17	0
hpr	10	17	0
hpr	10	19	0.00333
hpr	10	17	0
hpr	10	15	0.00333
hpr	10	21	0
hpr	10	19	0.00333
hpr	10	19	0.00333
hpr	10	13	0
hpr	10	19	0
hpr	10	17	0.00333
hpr	10	19	0
hpr	10	21	0
hpr	10	19	0
hpr	10	17	0
hpr	10	17	0
hpr	10	15	0
hpr	10	17	0
hpr	10	19	0.00333
hpr	10	15	0
hpr	10	17	0.00333
hpr	10	17	0
hpr	10	17	0
hpr	10	17	0.00333
hpr	10	17	0
hpr	10	17	0
hpr	10	15	0
hpr	10	21	0.00333
hpr	10	17	0
hpr	10	17	0.00333
hpr	10	17	0
hpr	10	21	0
hpr	10	15	0
hpr	10	19	0.00333
hpr	10	19	0
hpr	10	19	0.00333
hpr	10	13	0
hpr	10	19	0.00333
hpr	10	15	0
hpr	10	15	0
hpr	10	17	0
hpr	10	17	0.00333
hpr	10	15	0
hpr	10	15	0
hpr	10	19	0.00333
hpr	10	17	0
hpr	10	17	0
hpr	10	17	0.00333
hpr	10	17	0
hpr	12	19	0
hpr	12	25	0.00667
hpr	12	25	0.01
hpr	12	21	0.00333
hpr	12	23	0.00667
hpr	12	21	0.00333
hpr	12	23	0
hpr	12	21	0.00333
hpr	12	21	0.00333
hpr	12	25	0.00333
hpr	12	23	0.00333
hpr	12	23	0.00667
hpr	12	21	0.00333
hpr	12	19	0
hpr	12	21	0.00333
hpr	12	23	0.00333
hpr	12	23	0.00333
hpr	12	23	0.00333
hpr	12	13	0
hpr	12	23	0
hpr	12	17	0
hpr	12	21	0
hpr	12	19	0
hpr	12	23	0
hpr	12	19	0
hpr	12	19	0
hpr	12	21	0.00333
hpr	12	23	0
hpr	12	27	0.00333
hpr	12	19	0
hpr	12	21	0.00333
hpr	12	21	0.00333
hpr	12	23	0.00333
hpr	12	19	0
hpr	12	21	0
hpr	12	21	0
hpr	12	21	0.00333
hpr	12	19	0
hpr	12	21	0
hpr	12	21	0
hpr	12	25	0.00667
hpr	12	23	0.01
hpr	12	23	0.00667
hpr	12	23	0.00333
hpr	12	25	0.00667
hpr	12	23	0.00333
hpr	12	17	0
hpr	12	21	0.00333
hpr	12	21	0.00333
hpr	12	25	0.00333
hpr	14	27	0.00667
hpr	14	27	0.00333
hpr	14	33	0.0633
hpr	14	29	0.00333
hpr	14	27	0.02
hpr	14	25	0.00667
hpr	14	29	0.01
hpr	14	25	0.00333
hpr	14	23	0.00333
hpr	14	29	0.00667
hpr	14	29	0.0133
hpr	14	25	0.00333
hpr	14	25	0
hpr	14	27	0.0133
hpr	14	25	0.00333
hpr	14	27	0.01
hpr	14	25	0
hpr	14	29	0.00667
hpr	14	25	0.00333
hpr	14	29	0.02
hpr	14	29	0.0233
hpr	14	23	0
hpr	14	25	0.00667
hpr	14	27	0.01
hpr	14	27	0.0133
hpr	14	25	0
hpr	14	25	0.00667
hpr	14	25	0
hpr	14	29	0.02
hpr	14	27	0.00333
hpr	14	25	0.00333
hpr	14	25	0.00333
hpr	14	29	0.0167
hpr	14	27	0.01
hpr	14	25	0.00667
hpr	14	25	0
hpr	14	25	0
hpr	14	29	0.02
hpr	14	25	0.00333
hpr	14	27	0.00667
hpr	14	23	0
hpr	14	29	0.0233
hpr	14	25	0.00333
hpr	14	27	0.00333
hpr	14	27	0.00333
hpr	14	23	0
hpr	14	25	0.00333
hpr	14	27	0.00333
hpr	14	27	0.0167
hpr	14	25	0.00333
hpr	16	31	0.0333
hpr	16	29	0.00667
hpr	16	25	0.01
hpr	16	27	0.01
hpr	16	33	0.01
hpr	16	31	0.0367
hpr	16	31	0.0167
hpr	16	31	0.03
hpr	16	31	0.03
hpr	16	29	0.02
hpr	16	29	0.00333
hpr	16	29	0.00333
hpr	16	29	0.0133
hpr	16	33	0.00333
hpr	16	29	0.0367
hpr	16	27	0.00333
hpr	16	27	0.00333
hpr	16	29	0.0167
hpr	16	29	0.00667
hpr	16	29	0.00333
hpr	16	29	0.00333
hpr	16	31	0.0133
hpr	16	29	0.02
hpr	16	29	0.00333
hpr	16	31	0.0233
hpr	16	35	0.0367
hpr	16	31	0.01
hpr	16	31	0.0367
hpr	16	33	0.0667
hpr	16	31	0.0267
hpr	16	29	0.01
hpr	16	25	0
hpr	16	33	0.0167
hpr	16	31	0.00333
hpr	16	33	0.0267
hpr	16	31	0.00667
hpr	16	27	0.0133
hpr	16	29	0.00667
hpr	16	33	0.0533
hpr	16	31	0.0367
hpr	16	29	0.00667
hpr	16	29	0.0133
hpr	16	29	0.01
hpr	16	27	0.00333
hpr	16	31	0.01
hpr	16	33	0.00667
hpr	16	33	0.00667
hpr	16	33	0.123
hpr	16	29	0.00667
hpr	16	31	0.0167
hpr	18	37	0.07
hpr	18	35	0.0267
hpr	18	35	0.0133
hpr	18	37	0.0733
hpr	18	29	0.00667
hpr	18	31	0.0133
hpr	18	35	0.07
hpr	18	35	0.0133
hpr	18	35	0.0633
hpr	18	37	0.09
hpr	18	37	0.0133
hpr	18	31	0.01
hpr	18	37	0.03
hpr	18	37	0.0867
hpr	18	35	0.05
hpr	18	35	0.01
hpr	18	37	0.0433
hpr	18	37	0.07
hpr	18	33	0.04
hpr	18	33	0.0367
hpr	18	35	0.00333
hpr	18	35	0.0233
hpr	18	37	0.0533
hpr	18	37	0.0667
hpr	18	35	0.0333
hpr	18	35	0.02
hpr	18	31	0.0267
hpr	18	33	0.03
hpr	18	33	0.0167
hpr	18	33	0.01
hpr	18	35	0.04
hpr	18	39	0.0333
hpr	18	35	0.0267
hpr	18	33	0.0233
hpr	18	37	0.237
hpr	18	37	0.06
hpr	18	35	0.03
hpr	18	37	0.0233
hpr	18	37	0.0667
hpr	18	35	0.0233
hpr	18	37	0.123
hpr	18	35	0.04
hpr	18	33	0.0133
hpr	18	35	0.0333
hpr	18	35	0.0133
hpr	18	39	0.213
hpr	18	37	0.05
hpr	18	33	0.0133
hpr	18	35	0.03
hpr	18	33	0.0233
hpr	20	35	0.04
hpr	20	39	0.12
hpr	20	43	0.14
hpr	20	41	0.107
hpr	20	41	0.11
hpr	20	31	0.00333
hpr	20	43	0.38
hpr	20	41	0.0667
hpr	20	43	0.137
hpr	20	43	0.0867
hpr	20	43	0.477
hpr	20	41	0.253
hpr	20	39	0.0733
hpr	20	43	0.0433
hpr	20	45	0.307
hpr	20	43	0.173
hpr	20	41	0.0967
hpr	20	41	0.137
hpr	20	35	0.00667
hpr	20	43	0.173
hpr	20	41	0.09
hpr	20	41	0.13
hpr	20	37	0.0633
hpr	20	39	0.0367
hpr	20	35	0.00667
hpr	20	39	0.06
hpr	20	35	0.0767
hpr	20	37	0.0433
hpr	20	37	0.07
hpr	20	45	0.0767
hpr	20	37	0.04
hpr	20	43	0.137
hpr	20	39	0.227
hpr	20	39	0.0833
hpr	20	45	0.437
hpr	20	45	0.27
hpr	20	45	0.267
hpr	20	39	0.127
hpr	20	41	0.143
hpr	20	43	0.123
hpr	20	45	0.18
hpr	20	43	0.12
hpr	20	39	0.113
hpr	20	45	0.39
hpr	20	41	0.177
hpr	20	39	0.0433
hpr	20	39	0.0467
hpr	20	41	0.133
hpr	20	41	0.25
hpr	20	39	0.06
hpr	22	41	0.133
hpr	22	47	0.5
hpr	22	49	0.323
hpr	22	47	0.243
hpr	22	45	0.45
hpr	22	51	2.92
hpr	22	43	0.133
hpr	22	45	0.237
hpr	22	39	0.0667
hpr	22	45	0.22
hpr	22	45	0.297
hpr	22	49	0.483
hpr	22	43	0.06
hpr	22	45	0.19
hpr	22	47	0.03
hpr	22	41	0.237
hpr	22	43	0.363
hpr	22	47	0.117
hpr	22	41	0.163
hpr	22	45	0.643
hpr	22	47	1.33
hpr	22	47	0.0733
hpr	22	45	0.05
hpr	22	49	1.03
hpr	22	45	0.16
hpr	22	47	0.403
hpr	22	47	0.857
hpr	22	43	0.153
hpr	22	37	0.0167
hpr	22	43	1.64
hpr	22	43	0.147
hpr	22	49	0.74
hpr	22	45	0.38
hpr	22	45	0.0267
hpr	22	49	0.267
hpr	22	41	0.117
hpr	22	37	0.0433
hpr	22	49	0.153
hpr	22	43	0.143
hpr	22	47	0.217
hpr	22	49	0.73
hpr	22	47	0.08
hpr	22	43	0.787
hpr	22	43	0.0467
hpr	22	45	0.28
hpr	22	49	0.137
hpr	22	47	0.123
hpr	22	43	0.35
hpr	22	49	0.557
hpr	22	49	0.267
hpr	24	47	0.33
hpr	24	43	0.127
hpr	24	47	0.263
hpr	24	49	1.19
hpr	24	49	1.02
hpr	24	49	0.89
hpr	24	49	0.233
hpr	24	51	0.567
hpr	24	45	0.163
hpr	24	55	5.68
hpr	24	49	0.23
hpr	24	43	0.0233
hpr	24	49	0.767
hpr	24	53	2.05
hpr	24	47	0.853
hpr	24	47	0.227
hpr	24	53	0.143
hpr	24	53	1.87
hpr	24	49	0.303
hpr	24	49	0.643
hpr	24	49	0.467
hpr	24	51	1.11
hpr	24	53	0.563
hpr	24	51	3.73
hpr	24	53	0.153
hpr	24	51	0.523
hpr	24	51	0.36
hpr	24	51	0.313
hpr	24	49	0.19
hpr	24	49	0.05
hpr	24	47	0.213
hpr	24	49	0.303
hpr	24	47	0.323
hpr	24	47	0.313
hpr	24	49	0.587
hpr	24	49	0.167
hpr	24	47	0.457
hpr	24	53	0.4
hpr	24	49	0.723
hpr	24	51	0.347
hpr	24	51	0.497
hpr	24	47	0.143
hpr	24	49	0.95
hpr	24	47	0.5
hpr	24	51	1.43
hpr	24	45	0.457
hpr	24	49	0.667
hpr	24	47	0.0433
hpr	24	53	2.77
hpr	24	49	2.29
hpr	26	53	1.18
hpr	26	51	1.98
hpr	26	53	0.813
hpr	26	55	1.39
hpr	26	49	0.0667
hpr	26	53	0.25
hpr	26	57	3.16
hpr	26	47	0.343
hpr	26	53	1.26
hpr	26	55	2.18
hpr	26	61	6.43
hpr	26	51	0.187
hpr	26	55	1.99
hpr	26	55	0.08
hpr	26	53	1.6
hpr	26	49	0.59
hpr	26	53	0.207
hpr	26	55	3.19
hpr	26	57	1.05
hpr	26	57	0.98
hpr	26	51	0.217
hpr	26	51	0.723
hpr	26	53	1.24
hpr	26	55	7.25
hpr	26	51	0.27
hpr	26	55	1.83
hpr	26	55	0.52
hpr	26	53	0.563
hpr	26	51	0.52
hpr	26	57	1.55
hpr	26	53	1.07
hpr	26	55	0.87
hpr	26	57	2.4
hpr	26	63	7.76
hpr	26	57	5.28
hpr	26	53	0.557
hpr	26	45	0.163
hpr	26	55	4.52
hpr	26	51	2.24
hpr	26	55	1.87
hpr	26	53	0.233
hpr	26	55	0.31
hpr	26	55	1.04
hpr	26	59	2.61
hpr	26	55	2.21
hpr	26	59	1.78
hpr	26	49	1.27
hpr	26	55	1.85
hpr	26	57	0.2
hpr	26	55	0.39
hpr	28	61	1.26
hpr	28	55	0.16
hpr	28	59	5.92
hpr	28	61	5.65
hpr	28	59	1.24
hpr	28	67	4.18
hpr	28	59	11.2
hpr	28	65	2.27
hpr	28	57	1.51
hpr	28	57	1.61
hpr	28	61	2.47
hpr	28	61	1.15
hpr	28	57	1.06
hpr	28	51	1.08
hpr	28	63	1.12
hpr	28	59	1.3
hpr	28	57	2.22
hpr	28	53	0.45
hpr	28	59	0.617
hpr	28	59	0.327
hpr	28	63	1.2
hpr	28	55	0.0667
hpr	28	61	0.67
hpr	28	57	4.01
hpr	28	63	3
hpr	28	55	1.32
hpr	28	59	8.43
hpr	28	63	15.3
hpr	28	61	6.39
hpr	28	55	0.797
hpr	28	61	5.47
hpr	28	59	2.52
hpr	28	63	14.2
hpr	28	59	1.42
hpr	28	53	0.33
hpr	28	55	3.82
hpr	28	57	1.44
hpr	28	59	9.78
hpr	28	57	0.92
hpr	28	59	1.13
hpr	28	57	5.69
hpr	28	59	2.12
hpr	28	53	3.93
hpr	28	61	12.7
hpr	28	57	5.34
hpr	28	61	7.59
hpr	28	61	0.57
hpr	28	59	3.02
hpr	28	55	0.753
hpr	28	57	2.62
hpr	30	67	28.6
hpr	30	61	6.01
hpr	30	65	1.66
hpr	30	69	42.2
hpr	30	59	4.03
hpr	30	63	32.3
hpr	30	61	4.71
hpr	30	63	3.95
hpr	30	63	54.8
hpr	30	63	0.24
hpr	30	63	4.33
hpr	30	55	1.11
hpr	30	69	14.5
hpr	30	67	8.2
hpr	30	63	18.4
hpr	30	59	0.767
hpr	30	65	6.69
hpr	30	63	2.5
hpr	30	67	19.2
hpr	30	69	44.2
hpr	30	63	0.547
hpr	30	65	14.9
hpr	30	57	3.86
hpr	30	67	22.9
hpr	30	57	0.6
hpr	30	59	1.15
hpr	30	59	1.49
hpr	30	59	1.51
hpr	30	57	0.32
hpr	30	65	10
hpr	30	65	62.2
hpr	30	61	23.6
hpr	30	59	1.31
hpr	30	65	13.1
hpr	30	63	3.79
hpr	30	65	0.863
hpr	30	63	1.95
hpr	30	65	7.55
hpr	30	63	8.49
hpr	30	61	15.4
hpr	30	67	2.31
hpr	30	65	4.65
hpr	30	65	6.37
hpr	30	65	24.7
hpr	30	69	69
hpr	30	61	1.56
hpr	30	61	3.84
hpr	30	61	3.25
hpr	30	63	1.3
hpr	30	65	25.9
hpr	32	67	0.103
hpr	32	75	113
hpr	32	69	3.02
hpr	32	69	2.46
hpr	32	71	0.167
hpr	32	69	62.2
hpr	32	73	30.2
hpr	32	73	19.4
hpr	32	65	0.557
hpr	32	71	17.3
hpr	32	65	2.88
hpr	32	67	12.2
hpr	32	71	75
hpr	32	67	18.8
hpr	32	71	50.7
hpr	32	69	1.93
hpr	32	69	13
hpr	32	67	9.42
hpr	32	71	35.2
hpr	32	67	5.22
hpr	32	67	4.2
hpr	32	65	15
hpr	32	67	16.4
hpr	32	69	11.8
hpr	32	69	52.3
hpr	32	67	9.59
hpr	32	69	11.4
hpr	32	71	85.7
hpr	32	69	8.71
hpr	32	77	120
hpr	32	69	4.14
hpr	32	63	5.68
hpr	32	73	59.8
hpr	32	67	1.27
hpr	32	69	5.98
hpr	32	69	27.2
hpr	32	67	3.57
hpr	32	71	1.14
hpr	32	67	3.86
hpr	32	67	0.883
hpr	32	69	3.46
hpr	32	67	1.5
hpr	32	63	1.09
hpr	32	67	0.61
hpr	32	67	2.86
hpr	32	67	3.34
hpr	32	69	33
hpr	32	65	0.927
hpr	32	73	11.1
hpr	32	71	36.2
hpr	34	79	120
hpr	34	69	14.1
hpr	34	71	108
hpr	34	71	24.8
hpr	34	71	67.1
hpr	34	75	4.49
hpr	34	69	5.18
hpr	34	71	23.8
hpr	34	69	70
hpr	34	75	48.6
hpr	34	73	12.9
hpr	34	71	19.3
hpr	34	71	3.95
hpr	34	73	4.14
hpr	34	71	4.33
hpr	34	73	38.4
hpr	34	69	20.4
hpr	34	77	3.38
hpr	34	73	47.7
hpr	34	73	29.2
hpr	34	67	10.5
hpr	34	71	41.3
hpr	34	75	21.8
hpr	34	71	104
hpr	34	71	24.8
hpr	34	77	120
hpr	34	73	14
hpr	34	67	1.45
hpr	34	69	7.39
hpr	34	71	21.6
hpr	34	69	22.4
hpr	34	77	27.1
hpr	34	73	47.3
hpr	34	73	12.2
hpr	34	67	1.55
hpr	34	75	118
hpr	34	77	57.3
hpr	34	73	5.95
hpr	34	69	14.5
hpr	34	73	2.31
hpr	34	69	23.9
hpr	34	75	33.9
hpr	34	73	13.8
hpr	34	69	7.31
hpr	34	73	6.71
hpr	34	75	13.6
hpr	34	77	62.5
hpr	34	69	19.2
hpr	34	73	54.4
hpr	34	79	120
hpr	36	77	120
hpr	36	79	61.4
hpr	36	73	19.2
hpr	36	75	120
hpr	36	75	6.72
hpr	36	79	62.9
hpr	36	79	31.8
hpr	36	75	41.5
hpr	36	77	120
hpr	36	79	3.96
hpr	36	79	120
hpr	36	77	103
hpr	36	77	21.5
hpr	36	75	5.74
hpr	36	73	120
hpr	36	75	1.81
hpr	36	77	120
hpr	36	77	60.1
hpr	36	79	37.3
hpr	36	77	6.77
hpr	36	77	25.6
hpr	36	77	120
hpr	36	69	96
hpr	36	83	120
hpr	36	75	92.8
hpr	36	77	43.3
hpr	36	77	11.7
hpr	36	79	73.1
hpr	36	75	24.3
hpr	36	79	12.6
hpr	36	79	13.3
hpr	36	75	25.6
hpr	36	71	6.62
hpr	36	69	0.273
hpr	36	81	120
hpr	36	79	120
hpr	36	71	0.897
hpr	36	81	10.7
hpr	36	87	120
hpr	36	81	91.3
hpr	36	83	120
hpr	36	79	56
hpr	36	79	21.4
hpr	36	77	39.2
hpr	36	81	120
hpr	36	71	27.6
hpr	36	85	120
hpr	36	77	9.33
hpr	36	77	23.9
hpr	36	81	120
hpr	38	81	58.6
hpr	38	93	120
hpr	38	79	3.44
hpr	38	77	3.85
hpr	38	77	33.8
hpr	38	81	14.1
hpr	38	83	120
hpr	38	81	120
hpr	38	81	63.7
hpr	38	81	120
hpr	38	81	75.4
hpr	38	83	120
hpr	38	79	120
hpr	38	83	120
hpr	38	81	6.25
hpr	38	85	120
hpr	38	83	120
hpr	38	85	120
hpr	38	85	1.92
hpr	38	75	120
hpr	38	87	39.3
hpr	38	85	9.49
hpr	38	79	20.3
hpr	38	79	3.74
hpr	38	81	5.63
hpr	38	83	12.3
hpr	38	87	14.8
hpr	38	79	120
hpr	38	77	10.1
hpr	38	85	56.7
hpr	38	83	120
hpr	38	81	120
hpr	38	83	22.1
hpr	38	85	120
hpr	38	83	11.4
hpr	38	75	3.21
hpr	38	85	7.17
hpr	38	77	27.5
hpr	38	83	7.43
hpr	38	87	120
hpr	38	79	24.7
hpr	38	85	16.5
hpr	38	81	109
hpr	38	87	120
hpr	38	77	11.4
hpr	38	81	120
hpr	38	79	30.1
hpr	38	79	112
hpr	38	85	120
hpr	38	79	63.6
hpr	40	81	65.3
hpr	40	81	49.2
hpr	40	87	120
hpr	40	87	120
hpr	40	85	120
hpr	40	87	120
hpr	40	87	120
hpr	40	85	2.38
hpr	40	91	120
hpr	40	85	120
hpr	40	83	120
hpr	40	91	120
hpr	40	83	120
hpr	40	93	120
hpr	40	91	6.65
hpr	40	91	120
hpr	40	83	4.56
hpr	40	91	120
hpr	40	87	105
hpr	40	81	120
hpr	40	85	120
hpr	40	89	120
hpr	40	85	120
hpr	40	87	117
hpr	40	81	11.3
hpr	40	89	120
hpr	40	81	120
hpr	40	91	120
hpr	40	97	120
hpr	40	81	81.1
hpr	40	83	120
hpr	40	79	120
hpr	40	91	120
hpr	40	85	120
hpr	40	87	120
hpr	40	83	47.2
hpr	40	87	120
hpr	40	87	101
hpr	40	85	120
hpr	40	87	110
hpr	40	87	120
hpr	40	85	120
hpr	40	93	120
hpr	40	79	34.3
hpr	40	93	120
hpr	40	89	120
hpr	40	91	120
hpr	40	87	120
hpr	40	87	120
hpr	40	85	120
bj	10	19	0.00333
bj	10	17	0.00333
bj	10	17	0.00333
bj	10	19	0.00333
bj	10	17	0.00333
bj	10	15	0.00333
bj	10	21	0.00333
bj	10	19	0.00333
bj	10	19	0.00333
bj	10	13	0
bj	10	19	0.00333
bj	10	17	0
bj	10	19	0
bj	10	21	0
bj	10	19	0
bj	10	17	0
bj	10	17	0
bj	10	15	0
bj	10	17	0
bj	10	19	0.00333
bj	10	15	0
bj	10	17	0
bj	10	17	0
bj	10	17	0
bj	10	17	0
bj	10	17	0
bj	10	17	0
bj	10	15	0
bj	10	21	0.00333
bj	10	17	0.00333
bj	10	17	0
bj	10	17	0
bj	10	21	0.00333
bj	10	15	0
bj	10	19	0
bj	10	19	0.00333
bj	10	19	0
bj	10	13	0
bj	10	19	0
bj	10	15	0
bj	10	15	0
bj	10	17	0
bj	10	17	0
bj	10	15	0
bj	10	15	0
bj	10	19	0
bj	10	17	0
bj	10	17	0
bj	10	17	0
bj	10	17	0
bj	12	19	0
bj	12	25	0.00667
bj	12	25	0.00667
bj	12	21	0.00333
bj	12	23	0.00333
bj	12	21	0.00333
bj	12	23	0.00333
bj	12	21	0.00333
bj	12	21	0.00333
bj	12	25	0.00333
bj	12	23	0.00333
bj	12	23	0.00333
bj	12	21	0
bj	12	19	0.00333
bj	12	21	0.00333
bj	12	23	0.00333
bj	12	23	0.00333
bj	12	23	0.00333
bj	12	13	0
bj	12	23	0.00333
bj	12	17	0
bj	12	21	0
bj	12	19	0.00333
bj	12	23	0.00333
bj	12	19	0.00333
bj	12	19	0.00333
bj	12	21	0.00333
bj	12	23	0.00333
bj	12	27	0.00333
bj	12	19	0
bj	12	21	0
bj	12	21	0
bj	12	23	0.00333
bj	12	19	0
bj	12	21	0.00333
bj	12	21	0.00333
bj	12	21	0
bj	12	19	0
bj	12	21	0.00333
bj	12	21	0.00333
bj	12	25	0.00667
bj	12	23	0.00667
bj	12	23	0.00333
bj	12	23	0.00333
bj	12	25	0.00333
bj	12	23	0.00333
bj	12	17	0
bj	12	21	0
bj	12	21	0.00333
bj	12	25	0.00333
bj	14	27	0.00333
bj	14	27	0.00333
bj	14	33	0.0133
bj	14	29	0.00333
bj	14	27	0.00667
bj	14	25	0.00333
bj	14	29	0.00333
bj	14	25	0.00333
bj	14	23	0.00333
bj	14	29	0.01
bj	14	29	0.00333
bj	14	25	0.00333
bj	14	25	0
bj	14	27	0.01
bj	14	25	0.00333
bj	14	27	0.00667
bj	14	25	0.00333
bj	14	29	0.00333
bj	14	25	0.00333
bj	14	29	0.00333
bj	14	29	0.00333
bj	14	23	0.00333
bj	14	25	0.00333
bj	14	27	0.00333
bj	14	27	0.00333
bj	14	25	0.00333
bj	14	25	0.00333
bj	14	25	0.00333
bj	14	29	0.01
bj	14	27	0.00333
bj	14	25	0.00333
bj	14	25	0.00333
bj	14	29	0.01
bj	14	27	0.00667
bj	14	25	0.00333
bj	14	25	0.00333
bj	14	25	0.00333
bj	14	29	0.00667
bj	14	25	0.00333
bj	14	27	0.00333
bj	14	23	0.00333
bj	14	29	0.00667
bj	14	25	0.00333
bj	14	27	0.00333
bj	14	27	0.00667
bj	14	23	0.00333
bj	14	25	0.00333
bj	14	27	0.00333
bj	14	27	0.00667
bj	14	25	0.00333
bj	16	31	0.00667
bj	16	29	0.00667
bj	16	25	0.00333
bj	16	27	0.00667
bj	16	33	0.00667
bj	16	31	0.0133
bj	16	31	0.00667
bj	16	31	0.01
bj	16	31	0.00667
bj	16	29	0.00667
bj	16	29	0.00333
bj	16	29	0.00667
bj	16	29	0.01
bj	16	33	0.0133
bj	16	29	0.01
bj	16	27	0.00333
bj	16	27	0.00333
bj	16	29	0.00333
bj	16	29	0.00667
bj	16	29	0.00333
bj	16	29	0.00667
bj	16	31	0.00667
bj	16	29	0.00667
bj	16	29	0.01
bj	16	31	0.0133
bj	16	35	0.01
bj	16	31	0.00333
bj	16	31	0.0133
bj	16	33	0.00667
bj	16	31	0.01
bj	16	29	0.00333
bj	16	25	0.00333
bj	16	33	0.00667
bj	16	31	0.00667
bj	16	33	0.00667
bj	16	31	0.00667
bj	16	27	0.00333
bj	16	29	0.00667
bj	16	33	0.00667
bj	16	31	0.00667
bj	16	29	0.01
bj	16	29	0.00667
bj	16	29	0.00667
bj	16	27	0.00333
bj	16	31	0.00667
bj	16	33	0.00667
bj	16	33	0.00667
bj	16	33	0.03
bj	16	29	0.00333
bj	16	31	0.01
bj	18	37	0.02
bj	18	35	0.01
bj	18	35	0.0167
bj	18	37	0.0233
bj	18	29	0.01
bj	18	31	0.01
bj	18	35	0.0167
bj	18	35	0.01
bj	18	35	0.0433
bj	18	37	0.0167
bj	18	37	0.01
bj	18	31	0.00667
bj	18	37	0.0133
bj	18	37	0.0267
bj	18	35	0.01
bj	18	35	0.01
bj	18	37	0.0233
bj	18	37	0.01
bj	18	33	0.03
bj	18	33	0.01
bj	18	35	0.0133
bj	18	35	0.0233
bj	18	37	0.0167
bj	18	37	0.03
bj	18	35	0.01
bj	18	35	0.0167
bj	18	31	0.01
bj	18	33	0.00667
bj	18	33	0.00667
bj	18	33	0.0133
bj	18	35	0.0167
bj	18	39	0.02
bj	18	35	0.0233
bj	18	33	0.00667
bj	18	37	0.0467
bj	18	37	0.0233
bj	18	35	0.0133
bj	18	37	0.0233
bj	18	37	0.0333
bj	18	35	0.01
bj	18	37	0.04
bj	18	35	0.0167
bj	18	33	0.00667
bj	18	35	0.00667
bj	18	35	0.0133
bj	18	39	0.0133
bj	18	37	0.03
bj	18	33	0.00667
bj	18	35	0.02
bj	18	33	0.01
bj	20	35	0.0267
bj	20	39	0.0333
bj	20	43	0.0233
bj	20	41	0.0133
bj	20	41	0.0267
bj	20	31	0.00667
bj	20	43	0.03
bj	20	41	0.0233
bj	20	43	0.03
bj	20	43	0.03
bj	20	43	0.0367
bj	20	41	0.0367
bj	20	39	0.0133
bj	20	43	0.0333
bj	20	45	0.0333
bj	20	43	0.04
bj	20	41	0.0167
bj	20	41	0.0167
bj	20	35	0.0133
bj	20	43	0.04
bj	20	41	0.06
bj	20	41	0.03
bj	20	37	0.0233
bj	20	39	0.01
bj	20	35	0.01
bj	20	39	0.0367
bj	20	35	0.01
bj	20	37	0.03
bj	20	37	0.0333
bj	20	45	0.0233
bj	20	37	0.01
bj	20	43	0.0333
bj	20	39	0.04
bj	20	39	0.0133
bj	20	45	0.04
bj	20	45	0.04
bj	20	45	0.0233
bj	20	39	0.0367
bj	20	41	0.03
bj	20	43	0.0133
bj	20	45	0.02
bj	20	43	0.0367
bj	20	39	0.02
bj	20	45	0.02
bj	20	41	0.0433
bj	20	39	0.0267
bj	20	39	0.0233
bj	20	41	0.0267
bj	20	41	0.0367
bj	20	39	0.01
bj	22	41	0.02
bj	22	47	0.06
bj	22	49	0.03
bj	22	47	0.04
bj	22	45	0.0267
bj	22	51	0.0833
bj	22	43	0.0433
bj	22	45	0.0433
bj	22	39	0.0133
bj	22	45	0.05
bj	22	45	0.07
bj	22	49	0.0433
bj	22	43	0.02
bj	22	45	0.0267
bj	22	47	0.0433
bj	22	41	0.0333
bj	22	43	0.0933
bj	22	47	0.05
bj	22	41	0.0267
bj	22	45	0.0567
bj	22	47	0.0633
bj	22	47	0.04
bj	22	45	0.0467
bj	22	49	0.0667
bj	22	45	0.04
bj	22	47	0.0467
bj	22	47	0.09
bj	22	43	0.02
bj	22	37	0.01
bj	22	43	0.0367
bj	22	43	0.0233
bj	22	49	0.0633
bj	22	45	0.0233
bj	22	45	0.04
bj	22	49	0.03
bj	22	41	0.0233
bj	22	37	0.0133
bj	22	49	0.03
bj	22	43	0.05
bj	22	47	0.0533
bj	22	49	0.0367
bj	22	47	0.0267
bj	22	43	0.06
bj	22	43	0.0267
bj	22	45	0.07
bj	22	49	0.0633
bj	22	47	0.04
bj	22	43	0.0533
bj	22	49	0.167
bj	22	49	0.0767
bj	24	47	0.08
bj	24	43	0.0233
bj	24	47	0.02
bj	24	49	0.0767
bj	24	49	0.0633
bj	24	49	0.0933
bj	24	49	0.0233
bj	24	51	0.0633
bj	24	45	0.04
bj	24	55	0.147
bj	24	49	0.0733
bj	24	43	0.0233
bj	24	49	0.0267
bj	24	53	0.12
bj	24	47	0.06
bj	24	47	0.0333
bj	24	53	0.0633
bj	24	53	0.07
bj	24	49	0.0467
bj	24	49	0.06
bj	24	49	0.05
bj	24	51	0.0767
bj	24	53	0.193
bj	24	51	0.0767
bj	24	53	0.0833
bj	24	51	0.07
bj	24	51	0.13
bj	24	51	0.0667
bj	24	49	0.0333
bj	24	49	0.0567
bj	24	47	0.117
bj	24	49	0.0533
bj	24	47	0.0467
bj	24	47	0.0567
bj	24	49	0.0567
bj	24	49	0.0433
bj	24	47	0.0433
bj	24	53	0.1
bj	24	49	0.04
bj	24	51	0.09
bj	24	51	0.07
bj	24	47	0.0633
bj	24	49	0.0767
bj	24	47	0.05
bj	24	51	0.0867
bj	24	45	0.327
bj	24	49	0.0967
bj	24	47	0.0167
bj	24	53	0.29
bj	24	49	0.0967
bj	26	53	0.107
bj	26	51	0.0833
bj	26	53	0.0667
bj	26	55	0.107
bj	26	49	0.0333
bj	26	53	0.03
bj	26	57	0.0967
bj	26	47	0.0567
bj	26	53	0.0767
bj	26	55	0.08
bj	26	61	0.1
bj	26	51	0.0467
bj	26	55	0.113
bj	26	55	0.0433
bj	26	53	0.0933
bj	26	49	0.0267
bj	26	53	0.0567
bj	26	55	0.547
bj	26	57	0.0733
bj	26	57	0.0733
bj	26	51	0.06
bj	26	51	0.08
bj	26	53	0.0733
bj	26	55	0.0733
bj	26	51	0.0333
bj	26	55	0.0533
bj	26	55	0.0767
bj	26	53	0.127
bj	26	51	0.03
bj	26	57	0.08
bj	26	53	0.07
bj	26	55	0.0533
bj	26	57	0.0967
bj	26	63	0.37
bj	26	57	0.0667
bj	26	53	0.0733
bj	26	45	0.0367
bj	26	55	0.14
bj	26	51	0.0567
bj	26	55	0.133
bj	26	53	0.0867
bj	26	55	0.0633
bj	26	55	0.06
bj	26	59	0.0967
bj	26	55	0.0833
bj	26	59	0.0667
bj	26	49	0.1
bj	26	55	0.133
bj	26	57	0.0967
bj	26	55	0.307
bj	28	61	0.22
bj	28	55	0.05
bj	28	59	0.25
bj	28	61	0.13
bj	28	59	0.347
bj	28	67	0.163
bj	28	59	0.403
bj	28	65	0.59
bj	28	57	0.0867
bj	28	57	0.103
bj	28	61	0.183
bj	28	61	0.167
bj	28	57	0.137
bj	28	51	0.0567
bj	28	63	0.15
bj	28	59	0.117
bj	28	57	0.0467
bj	28	53	0.0733
bj	28	59	0.103
bj	28	59	0.14
bj	28	63	0.16
bj	28	55	0.0767
bj	28	61	0.0433
bj	28	57	0.143
bj	28	63	0.143
bj	28	55	0.07
bj	28	59	0.283
bj	28	63	0.39
bj	28	61	0.537
bj	28	55	0.12
bj	28	61	0.143
bj	28	59	0.173
bj	28	63	0.157
bj	28	59	0.11
bj	28	53	0.08
bj	28	55	0.21
bj	28	57	0.163
bj	28	59	0.16
bj	28	57	0.0567
bj	28	59	0.0767
bj	28	57	0.113
bj	28	59	0.14
bj	28	53	0.107
bj	28	61	0.17
bj	28	57	0.3
bj	28	61	0.177
bj	28	61	0.13
bj	28	59	0.0533
bj	28	55	0.0733
bj	28	57	0.127
bj	30	67	0.86
bj	30	61	0.0967
bj	30	65	0.17
bj	30	69	0.46
bj	30	59	0.0433
bj	30	63	0.383
bj	30	61	0.13
bj	30	63	0.133
bj	30	63	0.467
bj	30	63	0.08
bj	30	63	0.143
bj	30	55	0.07
bj	30	69	0.933
bj	30	67	0.3
bj	30	63	0.37
bj	30	59	0.137
bj	30	65	0.167
bj	30	63	0.253
bj	30	67	0.263
bj	30	69	0.307
bj	30	63	0.167
bj	30	65	0.423
bj	30	57	0.277
bj	30	67	0.43
bj	30	57	0.07
bj	30	59	0.187
bj	30	59	0.84
bj	30	59	0.05
bj	30	57	0.0533
bj	30	65	0.423
bj	30	65	1.13
bj	30	61	0.297
bj	30	59	0.0433
bj	30	65	0.16
bj	30	63	0.143
bj	30	65	0.13
bj	30	63	0.103
bj	30	65	0.117
bj	30	63	0.42
bj	30	61	0.187
bj	30	67	0.133
bj	30	65	1.16
bj	30	65	0.74
bj	30	65	0.52
bj	30	69	0.12
bj	30	61	0.08
bj	30	61	0.16
bj	30	61	0.0867
bj	30	63	0.127
bj	30	65	0.143
bj	32	67	0.107
bj	32	75	0.553
bj	32	69	0.393
bj	32	69	0.18
bj	32	71	0.133
bj	32	69	0.777
bj	32	73	0.547
bj	32	73	0.437
bj	32	65	0.0767
bj	32	71	0.353
bj	32	65	0.237
bj	32	67	0.337
bj	32	71	0.793
bj	32	67	0.21
bj	32	71	0.337
bj	32	69	0.22
bj	32	69	0.173
bj	32	67	0.173
bj	32	71	0.193
bj	32	67	0.15
bj	32	67	0.487
bj	32	65	0.23
bj	32	67	1.24
bj	32	69	0.177
bj	32	69	0.34
bj	32	67	0.33
bj	32	69	0.243
bj	32	71	3.18
bj	32	69	0.217
bj	32	77	2.76
bj	32	69	0.26
bj	32	63	0.223
bj	32	73	0.933
bj	32	67	0.0567
bj	32	69	0.483
bj	32	69	0.183
bj	32	67	0.317
bj	32	71	0.34
bj	32	67	0.26
bj	32	67	0.08
bj	32	69	0.173
bj	32	67	0.153
bj	32	63	0.11
bj	32	67	0.127
bj	32	67	0.93
bj	32	67	0.24
bj	32	69	0.537
bj	32	65	0.14
bj	32	73	0.467
bj	32	71	0.263
bj	34	79	2.14
bj	34	69	0.2
bj	34	71	0.783
bj	34	71	0.167
bj	34	71	0.183
bj	34	75	0.4
bj	34	69	0.203
bj	34	71	0.31
bj	34	69	0.33
bj	34	75	0.297
bj	34	73	1.27
bj	34	71	0.407
bj	34	71	0.0867
bj	34	73	0.183
bj	34	71	0.203
bj	34	73	0.293
bj	34	69	0.14
bj	34	77	0.507
bj	34	73	0.24
bj	34	73	2.83
bj	34	67	0.627
bj	34	71	0.353
bj	34	75	0.333
bj	34	71	0.39
bj	34	71	0.757
bj	34	77	0.227
bj	34	73	0.533
bj	34	67	0.13
bj	34	69	0.14
bj	34	71	0.36
bj	34	69	0.357
bj	34	77	0.6
bj	34	73	0.483
bj	34	73	0.163
bj	34	67	0.153
bj	34	75	0.237
bj	34	77	0.3
bj	34	73	0.453
bj	34	69	1.02
bj	34	73	0.273
bj	34	69	0.287
bj	34	75	0.703
bj	34	73	0.367
bj	34	69	0.0967
bj	34	73	0.257
bj	34	75	0.17
bj	34	77	3
bj	34	69	0.213
bj	34	73	0.233
bj	34	79	0.387
bj	36	77	8.39
bj	36	79	0.6
bj	36	73	0.333
bj	36	75	2.83
bj	36	75	0.51
bj	36	79	1.54
bj	36	79	0.977
bj	36	75	0.263
bj	36	77	1.24
bj	36	79	0.287
bj	36	79	0.487
bj	36	77	1.38
bj	36	77	0.147
bj	36	75	0.767
bj	36	73	0.95
bj	36	75	0.177
bj	36	77	0.237
bj	36	77	0.387
bj	36	79	0.27
bj	36	77	0.547
bj	36	77	0.427
bj	36	77	1.17
bj	36	69	0.223
bj	36	83	0.94
bj	36	75	0.857
bj	36	77	1.43
bj	36	77	0.107
bj	36	79	0.55
bj	36	75	0.167
bj	36	79	0.477
bj	36	79	0.533
bj	36	75	0.547
bj	36	71	0.173
bj	36	69	0.447
bj	36	81	1.18
bj	36	79	1.07
bj	36	71	0.123
bj	36	81	0.417
bj	36	87	0.46
bj	36	81	0.5
bj	36	83	4.53
bj	36	79	0.253
bj	36	79	0.27
bj	36	77	0.567
bj	36	81	0.167
bj	36	71	0.127
bj	36	85	1.31
bj	36	77	0.553
bj	36	77	0.257
bj	36	81	0.337
bj	38	81	0.18
bj	38	93	5.29
bj	38	79	0.363
bj	38	77	0.19
bj	38	77	0.577
bj	38	81	0.593
bj	38	83	0.307
bj	38	81	2.85
bj	38	81	0.39
bj	38	81	1.32
bj	38	81	0.32
bj	38	83	5.85
bj	38	79	0.253
bj	38	83	0.56
bj	38	81	0.84
bj	38	85	3.4
bj	38	83	0.887
bj	38	85	6.23
bj	38	85	0.26
bj	38	75	0.4
bj	38	87	0.46
bj	38	85	0.287
bj	38	79	0.18
bj	38	79	0.29
bj	38	81	0.23
bj	38	83	0.273
bj	38	87	0.98
bj	38	79	0.233
bj	38	77	0.213
bj	38	85	0.297
bj	38	83	0.54
bj	38	81	1.4
bj	38	83	0.28
bj	38	85	5.65
bj	38	83	0.167
bj	38	75	0.463
bj	38	85	0.363
bj	38	77	1.92
bj	38	83	0.353
bj	38	87	2.05
bj	38	79	0.507
bj	38	85	0.493
bj	38	81	0.317
bj	38	87	1.72
bj	38	77	0.327
bj	38	81	0.673
bj	38	79	0.553
bj	38	79	0.443
bj	38	85	0.61
bj	38	79	3.82
bj	40	81	0.387
bj	40	81	0.533
bj	40	87	0.803
bj	40	87	1.76
bj	40	85	0.23
bj	40	87	35.7
bj	40	87	0.857
bj	40	85	0.413
bj	40	91	0.813
bj	40	85	0.407
bj	40	83	1.48
bj	40	91	0.743
bj	40	83	0.227
bj	40	93	4.43
bj	40	91	0.307
bj	40	91	3.52
bj	40	83	0.447
bj	40	91	1.45
bj	40	87	0.427
bj	40	81	4.75
bj	40	85	2.29
bj	40	89	0.88
bj	40	85	0.75
bj	40	87	4.32
bj	40	81	0.297
bj	40	89	0.3
bj	40	81	1.55
bj	40	91	0.907
bj	40	97	1.32
bj	40	81	0.31
bj	40	83	6.21
bj	40	79	2.19
bj	40	91	1.32
bj	40	85	9.37
bj	40	87	2.72
bj	40	83	0.317
bj	40	87	0.38
bj	40	87	1.45
bj	40	85	1.22
bj	40	87	0.453
bj	40	87	1.39
bj	40	85	0.55
bj	40	93	1.33
bj	40	79	0.573
bj	40	93	2
bj	40	89	0.93
bj	40	91	0.98
bj	40	87	0.513
bj	40	87	1.96
bj	40	85	2.67
bhkk	10	19	0.046666
bhkk	10	17	0.036666
bhkk	10	17	0.036666
bhkk	10	19	0.046666
bhkk	10	17	0.036666
bhkk	10	15	0.029999
bhkk	10	21	0.053333
bhkk	10	19	0.046666
bhkk	10	19	0.046666
bhkk	10	13	0.019999
bhkk	10	19	0.043333
bhkk	10	17	0.036666
bhkk	10	19	0.046666
bhkk	10	21	0.053333
bhkk	10	19	0.046666
bhkk	10	17	0.036666
bhkk	10	17	0.036666
bhkk	10	15	0.029999
bhkk	10	17	0.036666
bhkk	10	19	0.046666
bhkk	10	15	0.029999
bhkk	10	17	0.036666
bhkk	10	17	0.039999
bhkk	10	17	0.036666
bhkk	10	17	0.036666
bhkk	10	17	0.036666
bhkk	10	17	0.036666
bhkk	10	15	0.029999
bhkk	10	21	0.053333
bhkk	10	17	0.036666
bhkk	10	17	0.036666
bhkk	10	17	0.036666
bhkk	10	21	0.053333
bhkk	10	15	0.029999
bhkk	10	19	0.046666
bhkk	10	19	0.046666
bhkk	10	19	0.046666
bhkk	10	13	0.019999
bhkk	10	19	0.046666
bhkk	10	15	0.029999
bhkk	10	15	0.029999
bhkk	10	17	0.036666
bhkk	10	17	0.036666
bhkk	10	15	0.029999
bhkk	10	15	0.029999
bhkk	10	19	0.046666
bhkk	10	17	0.036666
bhkk	10	17	0.036666
bhkk	10	17	0.036666
bhkk	10	17	0.036666
bhkk	12	19	0.253333
bhkk	12	25	0.416666
bhkk	12	25	0.416666
bhkk	12	21	0.306666
bhkk	12	23	0.359999
bhkk	12	21	0.303333
bhkk	12	23	0.359999
bhkk	12	21	0.306666
bhkk	12	21	0.306666
bhkk	12	25	0.413333
bhkk	12	23	0.359999
bhkk	12	23	0.359999
bhkk	12	21	0.306666
bhkk	12	19	0.249999
bhkk	12	21	0.306666
bhkk	12	23	0.359999
bhkk	12	23	0.359999
bhkk	12	23	0.359999
bhkk	12	13	0.086666
bhkk	12	23	0.359999
bhkk	12	17	0.196666
bhkk	12	21	0.306666
bhkk	12	19	0.249999
bhkk	12	23	0.359999
bhkk	12	19	0.249999
bhkk	12	19	0.253333
bhkk	12	21	0.306666
bhkk	12	23	0.359999
bhkk	12	27	0.469999
bhkk	12	19	0.249999
bhkk	12	21	0.306666
bhkk	12	21	0.306666
bhkk	12	23	0.356666
bhkk	12	19	0.249999
bhkk	12	21	0.306666
bhkk	12	21	0.303333
bhkk	12	21	0.306666
bhkk	12	19	0.253333
bhkk	12	21	0.306666
bhkk	12	21	0.306666
bhkk	12	25	0.416666
bhkk	12	23	0.359999
bhkk	12	23	0.359999
bhkk	12	23	0.359999
bhkk	12	25	0.416666
bhkk	12	23	0.359999
bhkk	12	17	0.196666
bhkk	12	21	0.306666
bhkk	12	21	0.306666
bhkk	12	25	0.416666
bhkk	14	27	2.52
bhkk	14	27	2.52333
bhkk	14	33	3.51333
bhkk	14	29	2.85333
bhkk	14	27	2.51667
bhkk	14	25	2.19
bhkk	14	29	2.85333
bhkk	14	25	2.19
bhkk	14	23	1.86
bhkk	14	29	2.85333
bhkk	14	29	2.85333
bhkk	14	25	2.19
bhkk	14	25	2.19
bhkk	14	27	2.52333
bhkk	14	25	2.19
bhkk	14	27	2.52333
bhkk	14	25	2.18667
bhkk	14	29	2.85333
bhkk	14	25	2.19
bhkk	14	29	2.85667
bhkk	14	29	2.85333
bhkk	14	23	1.86
bhkk	14	25	2.19333
bhkk	14	27	2.52333
bhkk	14	27	2.52333
bhkk	14	25	2.19
bhkk	14	25	2.19
bhkk	14	25	2.19
bhkk	14	29	2.85333
bhkk	14	27	2.52
bhkk	14	25	2.19
bhkk	14	25	2.18667
bhkk	14	29	2.85333
bhkk	14	27	2.52333
bhkk	14	25	2.19
bhkk	14	25	2.19
bhkk	14	25	2.19
bhkk	14	29	2.85333
bhkk	14	25	2.19333
bhkk	14	27	2.52333
bhkk	14	23	1.85667
bhkk	14	29	2.85667
bhkk	14	25	2.18667
bhkk	14	27	2.52
bhkk	14	27	2.52
bhkk	14	23	1.85667
bhkk	14	25	2.18667
bhkk	14	27	2.52333
bhkk	14	27	2.51333
bhkk	14	25	2.19
bhkk	16	31	15.6867
bhkk	16	29	13.87
bhkk	16	25	10.2067
bhkk	16	27	12.04
bhkk	16	33	17.51
bhkk	16	31	15.6933
bhkk	16	31	15.6867
bhkk	16	31	15.6933
bhkk	16	31	15.6833
bhkk	16	29	13.8733
bhkk	16	29	13.8633
bhkk	16	29	13.87
bhkk	16	29	13.8633
bhkk	16	33	17.51
bhkk	16	29	13.8667
bhkk	16	27	12.0333
bhkk	16	27	12.04
bhkk	16	29	13.8633
bhkk	16	29	13.8667
bhkk	16	29	13.8667
bhkk	16	29	13.86
bhkk	16	31	15.6933
bhkk	16	29	13.8667
bhkk	16	29	13.8667
bhkk	16	31	15.6867
bhkk	16	35	19.3267
bhkk	16	31	15.6967
bhkk	16	31	15.6933
bhkk	16	33	17.5167
bhkk	16	31	15.6967
bhkk	16	29	13.86
bhkk	16	25	10.2033
bhkk	16	33	17.5167
bhkk	16	31	15.69
bhkk	16	33	17.5133
bhkk	16	31	15.6933
bhkk	16	27	12.0333
bhkk	16	29	13.86
bhkk	16	33	17.52
bhkk	16	31	15.68
bhkk	16	29	13.87
bhkk	16	29	13.8567
bhkk	16	29	13.8633
bhkk	16	27	12.0367
bhkk	16	31	15.69
bhkk	16	33	17.5233
bhkk	16	33	17.52
bhkk	16	33	17.5067
bhkk	16	29	13.8667
bhkk	16	31	15.6933
bhkk	18	37	120
bhkk	18	35	110.89
bhkk	18	35	110.753
bhkk	18	37	120
bhkk	18	29	76.38
bhkk	18	31	88.0033
bhkk	18	35	110.837
bhkk	18	35	110.853
bhkk	18	35	110.863
bhkk	18	37	120
bhkk	18	37	120
bhkk	18	31	87.93
bhkk	18	37	120
bhkk	18	37	120
bhkk	18	35	110.737
bhkk	18	35	110.863
bhkk	18	37	120
bhkk	18	37	120
bhkk	18	33	99.43
bhkk	18	33	99.4367
bhkk	18	35	110.87
bhkk	18	35	110.873
bhkk	18	37	120
bhkk	18	37	120
bhkk	18	35	110.89
bhkk	18	35	110.867
bhkk	18	31	87.9
bhkk	18	33	99.4233
bhkk	18	33	99.3933
bhkk	18	33	99.4133
bhkk	18	35	110.92
bhkk	18	39	120
bhkk	18	35	110.913
bhkk	18	33	99.42
bhkk	18	37	120
bhkk	18	37	120
bhkk	18	35	110.827
bhkk	18	37	120
bhkk	18	37	120
bhkk	18	35	110.897
bhkk	18	37	120
bhkk	18	35	110.833
bhkk	18	33	99.4
bhkk	18	35	110.827
bhkk	18	35	110.843
bhkk	18	39	120
bhkk	18	37	120
bhkk	18	33	99.3933
bhkk	18	35	110.81
bhkk	18	33	99.4367
bhkk	20	35	120
bhkk	20	39	120
bhkk	20	43	120
bhkk	20	41	120
bhkk	20	41	120
bhkk	20	31	120
bhkk	20	43	120
bhkk	20	41	120
bhkk	20	43	120
bhkk	20	43	120
bhkk	20	43	120
bhkk	20	41	120
bhkk	20	39	120
bhkk	20	43	120
bhkk	20	45	120
bhkk	20	43	120
bhkk	20	41	120
bhkk	20	41	120
bhkk	20	35	120
bhkk	20	43	120
bhkk	20	41	120
bhkk	20	41	120
bhkk	20	37	120
bhkk	20	39	120
bhkk	20	35	120
bhkk	20	39	120
bhkk	20	35	120
bhkk	20	37	120
bhkk	20	37	120
bhkk	20	45	120
bhkk	20	37	120
bhkk	20	43	120
bhkk	20	39	120
bhkk	20	39	120
bhkk	20	45	120
bhkk	20	45	120
bhkk	20	45	120
bhkk	20	39	120
bhkk	20	41	120
bhkk	20	43	120
bhkk	20	45	120
bhkk	20	43	120
bhkk	20	39	120
bhkk	20	45	120
bhkk	20	41	120
bhkk	20	39	120
bhkk	20	39	120
bhkk	20	41	120
bhkk	20	41	120
bhkk	20	39	120
bhkk	22	41	120
bhkk	22	47	120
bhkk	22	49	120
bhkk	22	47	120
bhkk	22	45	120
bhkk	22	51	120
bhkk	22	43	120
bhkk	22	45	120
bhkk	22	39	120
bhkk	22	45	120
bhkk	22	45	120
bhkk	22	49	120
bhkk	22	43	120
bhkk	22	45	120
bhkk	22	47	120
bhkk	22	41	120
bhkk	22	43	120
bhkk	22	47	120
bhkk	22	41	120
bhkk	22	45	120
bhkk	22	47	120
bhkk	22	47	120
bhkk	22	45	120
bhkk	22	49	120
bhkk	22	45	120
bhkk	22	47	120
bhkk	22	47	120
bhkk	22	43	120
bhkk	22	37	120
bhkk	22	43	120
bhkk	22	43	120
bhkk	22	49	120
bhkk	22	45	120
bhkk	22	45	120
bhkk	22	49	120
bhkk	22	41	120
bhkk	22	37	120
bhkk	22	49	120
bhkk	22	43	120
bhkk	22	47	120
bhkk	22	49	120
bhkk	22	47	120
bhkk	22	43	120
bhkk	22	43	120
bhkk	22	45	120
bhkk	22	49	120
bhkk	22	47	120
bhkk	22	43	120
bhkk	22	49	120
bhkk	22	49	120
bhkk	24	47	120
bhkk	24	43	120
bhkk	24	47	120
bhkk	24	49	120
bhkk	24	49	120
bhkk	24	49	120
bhkk	24	49	120
bhkk	24	51	120
bhkk	24	45	120
bhkk	24	55	120
bhkk	24	49	120
bhkk	24	43	120
bhkk	24	49	120
bhkk	24	53	120
bhkk	24	47	120
bhkk	24	47	120
bhkk	24	53	120
bhkk	24	53	120
bhkk	24	49	120
bhkk	24	49	120
bhkk	24	49	120
bhkk	24	51	120
bhkk	24	53	120
bhkk	24	51	120
bhkk	24	53	120
bhkk	24	51	120
bhkk	24	51	120
bhkk	24	51	120
bhkk	24	49	120
bhkk	24	49	120
bhkk	24	47	120
bhkk	24	49	120
bhkk	24	47	120
bhkk	24	47	120
bhkk	24	49	120
bhkk	24	49	120
bhkk	24	47	120
bhkk	24	53	120
bhkk	24	49	120
bhkk	24	51	120
bhkk	24	51	120
bhkk	24	47	120
bhkk	24	49	120
bhkk	24	47	120
bhkk	24	51	120
bhkk	24	45	120
bhkk	24	49	120
bhkk	24	47	120
bhkk	24	53	120
bhkk	24	49	120
