bj	36	77	8.39
bj	36	79	0.6
bj	36	73	0.333
bj	36	75	2.83
bj	36	75	0.51
bj	36	79	1.54
bj	36	79	0.977
bj	36	75	0.263
bj	36	77	1.24
bj	36	79	0.287
bj	36	79	0.487
bj	36	77	1.38
bj	36	77	0.147
bj	36	75	0.767
bj	36	73	0.95
bj	36	75	0.177
bj	36	77	0.237
bj	36	77	0.387
bj	36	79	0.27
bj	36	77	0.547
bj	36	77	0.427
bj	36	77	1.17
bj	36	69	0.223
bj	36	83	0.94
bj	36	75	0.857
bj	36	77	1.43
bj	36	77	0.107
bj	36	79	0.55
bj	36	75	0.167
bj	36	79	0.477
bj	36	79	0.533
bj	36	75	0.547
bj	36	71	0.173
bj	36	69	0.447
bj	36	81	1.18
bj	36	79	1.07
bj	36	71	0.123
bj	36	81	0.417
bj	36	87	0.46
bj	36	81	0.5
bj	36	83	4.53
bj	36	79	0.253
bj	36	79	0.27
bj	36	77	0.567
bj	36	81	0.167
bj	36	71	0.127
bj	36	85	1.31
bj	36	77	0.553
bj	36	77	0.257
bj	36	81	0.337
