bj	32	67	0.107
bj	32	75	0.553
bj	32	69	0.393
bj	32	69	0.18
bj	32	71	0.133
bj	32	69	0.777
bj	32	73	0.547
bj	32	73	0.437
bj	32	65	0.0767
bj	32	71	0.353
bj	32	65	0.237
bj	32	67	0.337
bj	32	71	0.793
bj	32	67	0.21
bj	32	71	0.337
bj	32	69	0.22
bj	32	69	0.173
bj	32	67	0.173
bj	32	71	0.193
bj	32	67	0.15
bj	32	67	0.487
bj	32	65	0.23
bj	32	67	1.24
bj	32	69	0.177
bj	32	69	0.34
bj	32	67	0.33
bj	32	69	0.243
bj	32	71	3.18
bj	32	69	0.217
bj	32	77	2.76
bj	32	69	0.26
bj	32	63	0.223
bj	32	73	0.933
bj	32	67	0.0567
bj	32	69	0.483
bj	32	69	0.183
bj	32	67	0.317
bj	32	71	0.34
bj	32	67	0.26
bj	32	67	0.08
bj	32	69	0.173
bj	32	67	0.153
bj	32	63	0.11
bj	32	67	0.127
bj	32	67	0.93
bj	32	67	0.24
bj	32	69	0.537
bj	32	65	0.14
bj	32	73	0.467
bj	32	71	0.263
