bj	38	81	0.18
bj	38	93	5.29
bj	38	79	0.363
bj	38	77	0.19
bj	38	77	0.577
bj	38	81	0.593
bj	38	83	0.307
bj	38	81	2.85
bj	38	81	0.39
bj	38	81	1.32
bj	38	81	0.32
bj	38	83	5.85
bj	38	79	0.253
bj	38	83	0.56
bj	38	81	0.84
bj	38	85	3.4
bj	38	83	0.887
bj	38	85	6.23
bj	38	85	0.26
bj	38	75	0.4
bj	38	87	0.46
bj	38	85	0.287
bj	38	79	0.18
bj	38	79	0.29
bj	38	81	0.23
bj	38	83	0.273
bj	38	87	0.98
bj	38	79	0.233
bj	38	77	0.213
bj	38	85	0.297
bj	38	83	0.54
bj	38	81	1.4
bj	38	83	0.28
bj	38	85	5.65
bj	38	83	0.167
bj	38	75	0.463
bj	38	85	0.363
bj	38	77	1.92
bj	38	83	0.353
bj	38	87	2.05
bj	38	79	0.507
bj	38	85	0.493
bj	38	81	0.317
bj	38	87	1.72
bj	38	77	0.327
bj	38	81	0.673
bj	38	79	0.553
bj	38	79	0.443
bj	38	85	0.61
bj	38	79	3.82
