hpr	20	35	0.04
hpr	20	39	0.12
hpr	20	43	0.14
hpr	20	41	0.107
hpr	20	41	0.11
hpr	20	31	0.00333
hpr	20	43	0.38
hpr	20	41	0.0667
hpr	20	43	0.137
hpr	20	43	0.0867
hpr	20	43	0.477
hpr	20	41	0.253
hpr	20	39	0.0733
hpr	20	43	0.0433
hpr	20	45	0.307
hpr	20	43	0.173
hpr	20	41	0.0967
hpr	20	41	0.137
hpr	20	35	0.00667
hpr	20	43	0.173
hpr	20	41	0.09
hpr	20	41	0.13
hpr	20	37	0.0633
hpr	20	39	0.0367
hpr	20	35	0.00667
hpr	20	39	0.06
hpr	20	35	0.0767
hpr	20	37	0.0433
hpr	20	37	0.07
hpr	20	45	0.0767
hpr	20	37	0.04
hpr	20	43	0.137
hpr	20	39	0.227
hpr	20	39	0.0833
hpr	20	45	0.437
hpr	20	45	0.27
hpr	20	45	0.267
hpr	20	39	0.127
hpr	20	41	0.143
hpr	20	43	0.123
hpr	20	45	0.18
hpr	20	43	0.12
hpr	20	39	0.113
hpr	20	45	0.39
hpr	20	41	0.177
hpr	20	39	0.0433
hpr	20	39	0.0467
hpr	20	41	0.133
hpr	20	41	0.25
hpr	20	39	0.06
