bj	34	79	2.14
bj	34	69	0.2
bj	34	71	0.783
bj	34	71	0.167
bj	34	71	0.183
bj	34	75	0.4
bj	34	69	0.203
bj	34	71	0.31
bj	34	69	0.33
bj	34	75	0.297
bj	34	73	1.27
bj	34	71	0.407
bj	34	71	0.0867
bj	34	73	0.183
bj	34	71	0.203
bj	34	73	0.293
bj	34	69	0.14
bj	34	77	0.507
bj	34	73	0.24
bj	34	73	2.83
bj	34	67	0.627
bj	34	71	0.353
bj	34	75	0.333
bj	34	71	0.39
bj	34	71	0.757
bj	34	77	0.227
bj	34	73	0.533
bj	34	67	0.13
bj	34	69	0.14
bj	34	71	0.36
bj	34	69	0.357
bj	34	77	0.6
bj	34	73	0.483
bj	34	73	0.163
bj	34	67	0.153
bj	34	75	0.237
bj	34	77	0.3
bj	34	73	0.453
bj	34	69	1.02
bj	34	73	0.273
bj	34	69	0.287
bj	34	75	0.703
bj	34	73	0.367
bj	34	69	0.0967
bj	34	73	0.257
bj	34	75	0.17
bj	34	77	3
bj	34	69	0.213
bj	34	73	0.233
bj	34	79	0.387
