bj	24	47	0.08
bj	24	43	0.0233
bj	24	47	0.02
bj	24	49	0.0767
bj	24	49	0.0633
bj	24	49	0.0933
bj	24	49	0.0233
bj	24	51	0.0633
bj	24	45	0.04
bj	24	55	0.147
bj	24	49	0.0733
bj	24	43	0.0233
bj	24	49	0.0267
bj	24	53	0.12
bj	24	47	0.06
bj	24	47	0.0333
bj	24	53	0.0633
bj	24	53	0.07
bj	24	49	0.0467
bj	24	49	0.06
bj	24	49	0.05
bj	24	51	0.0767
bj	24	53	0.193
bj	24	51	0.0767
bj	24	53	0.0833
bj	24	51	0.07
bj	24	51	0.13
bj	24	51	0.0667
bj	24	49	0.0333
bj	24	49	0.0567
bj	24	47	0.117
bj	24	49	0.0533
bj	24	47	0.0467
bj	24	47	0.0567
bj	24	49	0.0567
bj	24	49	0.0433
bj	24	47	0.0433
bj	24	53	0.1
bj	24	49	0.04
bj	24	51	0.09
bj	24	51	0.07
bj	24	47	0.0633
bj	24	49	0.0767
bj	24	47	0.05
bj	24	51	0.0867
bj	24	45	0.327
bj	24	49	0.0967
bj	24	47	0.0167
bj	24	53	0.29
bj	24	49	0.0967
