bhkk	16	31	15.6867
bhkk	16	29	13.87
bhkk	16	25	10.2067
bhkk	16	27	12.04
bhkk	16	33	17.51
bhkk	16	31	15.6933
bhkk	16	31	15.6867
bhkk	16	31	15.6933
bhkk	16	31	15.6833
bhkk	16	29	13.8733
bhkk	16	29	13.8633
bhkk	16	29	13.87
bhkk	16	29	13.8633
bhkk	16	33	17.51
bhkk	16	29	13.8667
bhkk	16	27	12.0333
bhkk	16	27	12.04
bhkk	16	29	13.8633
bhkk	16	29	13.8667
bhkk	16	29	13.8667
bhkk	16	29	13.86
bhkk	16	31	15.6933
bhkk	16	29	13.8667
bhkk	16	29	13.8667
bhkk	16	31	15.6867
bhkk	16	35	19.3267
bhkk	16	31	15.6967
bhkk	16	31	15.6933
bhkk	16	33	17.5167
bhkk	16	31	15.6967
bhkk	16	29	13.86
bhkk	16	25	10.2033
bhkk	16	33	17.5167
bhkk	16	31	15.69
bhkk	16	33	17.5133
bhkk	16	31	15.6933
bhkk	16	27	12.0333
bhkk	16	29	13.86
bhkk	16	33	17.52
bhkk	16	31	15.68
bhkk	16	29	13.87
bhkk	16	29	13.8567
bhkk	16	29	13.8633
bhkk	16	27	12.0367
bhkk	16	31	15.69
bhkk	16	33	17.5233
bhkk	16	33	17.52
bhkk	16	33	17.5067
bhkk	16	29	13.8667
bhkk	16	31	15.6933
