hpr	16	31	0.0333
hpr	16	29	0.00667
hpr	16	25	0.01
hpr	16	27	0.01
hpr	16	33	0.01
hpr	16	31	0.0367
hpr	16	31	0.0167
hpr	16	31	0.03
hpr	16	31	0.03
hpr	16	29	0.02
hpr	16	29	0.00333
hpr	16	29	0.00333
hpr	16	29	0.0133
hpr	16	33	0.00333
hpr	16	29	0.0367
hpr	16	27	0.00333
hpr	16	27	0.00333
hpr	16	29	0.0167
hpr	16	29	0.00667
hpr	16	29	0.00333
hpr	16	29	0.00333
hpr	16	31	0.0133
hpr	16	29	0.02
hpr	16	29	0.00333
hpr	16	31	0.0233
hpr	16	35	0.0367
hpr	16	31	0.01
hpr	16	31	0.0367
hpr	16	33	0.0667
hpr	16	31	0.0267
hpr	16	29	0.01
hpr	16	25	0
hpr	16	33	0.0167
hpr	16	31	0.00333
hpr	16	33	0.0267
hpr	16	31	0.00667
hpr	16	27	0.0133
hpr	16	29	0.00667
hpr	16	33	0.0533
hpr	16	31	0.0367
hpr	16	29	0.00667
hpr	16	29	0.0133
hpr	16	29	0.01
hpr	16	27	0.00333
hpr	16	31	0.01
hpr	16	33	0.00667
hpr	16	33	0.00667
hpr	16	33	0.123
hpr	16	29	0.00667
hpr	16	31	0.0167
