bj	12	19	0
bj	12	25	0.00667
bj	12	25	0.00667
bj	12	21	0.00333
bj	12	23	0.00333
bj	12	21	0.00333
bj	12	23	0.00333
bj	12	21	0.00333
bj	12	21	0.00333
bj	12	25	0.00333
bj	12	23	0.00333
bj	12	23	0.00333
bj	12	21	0
bj	12	19	0.00333
bj	12	21	0.00333
bj	12	23	0.00333
bj	12	23	0.00333
bj	12	23	0.00333
bj	12	13	0
bj	12	23	0.00333
bj	12	17	0
bj	12	21	0
bj	12	19	0.00333
bj	12	23	0.00333
bj	12	19	0.00333
bj	12	19	0.00333
bj	12	21	0.00333
bj	12	23	0.00333
bj	12	27	0.00333
bj	12	19	0
bj	12	21	0
bj	12	21	0
bj	12	23	0.00333
bj	12	19	0
bj	12	21	0.00333
bj	12	21	0.00333
bj	12	21	0
bj	12	19	0
bj	12	21	0.00333
bj	12	21	0.00333
bj	12	25	0.00667
bj	12	23	0.00667
bj	12	23	0.00333
bj	12	23	0.00333
bj	12	25	0.00333
bj	12	23	0.00333
bj	12	17	0
bj	12	21	0
bj	12	21	0.00333
bj	12	25	0.00333
