hpr	14	27	0.00667
hpr	14	27	0.00333
hpr	14	33	0.0633
hpr	14	29	0.00333
hpr	14	27	0.02
hpr	14	25	0.00667
hpr	14	29	0.01
hpr	14	25	0.00333
hpr	14	23	0.00333
hpr	14	29	0.00667
hpr	14	29	0.0133
hpr	14	25	0.00333
hpr	14	25	0
hpr	14	27	0.0133
hpr	14	25	0.00333
hpr	14	27	0.01
hpr	14	25	0
hpr	14	29	0.00667
hpr	14	25	0.00333
hpr	14	29	0.02
hpr	14	29	0.0233
hpr	14	23	0
hpr	14	25	0.00667
hpr	14	27	0.01
hpr	14	27	0.0133
hpr	14	25	0
hpr	14	25	0.00667
hpr	14	25	0
hpr	14	29	0.02
hpr	14	27	0.00333
hpr	14	25	0.00333
hpr	14	25	0.00333
hpr	14	29	0.0167
hpr	14	27	0.01
hpr	14	25	0.00667
hpr	14	25	0
hpr	14	25	0
hpr	14	29	0.02
hpr	14	25	0.00333
hpr	14	27	0.00667
hpr	14	23	0
hpr	14	29	0.0233
hpr	14	25	0.00333
hpr	14	27	0.00333
hpr	14	27	0.00333
hpr	14	23	0
hpr	14	25	0.00333
hpr	14	27	0.00333
hpr	14	27	0.0167
hpr	14	25	0.00333
