bj	40	81	0.387
bj	40	81	0.533
bj	40	87	0.803
bj	40	87	1.76
bj	40	85	0.23
bj	40	87	35.7
bj	40	87	0.857
bj	40	85	0.413
bj	40	91	0.813
bj	40	85	0.407
bj	40	83	1.48
bj	40	91	0.743
bj	40	83	0.227
bj	40	93	4.43
bj	40	91	0.307
bj	40	91	3.52
bj	40	83	0.447
bj	40	91	1.45
bj	40	87	0.427
bj	40	81	4.75
bj	40	85	2.29
bj	40	89	0.88
bj	40	85	0.75
bj	40	87	4.32
bj	40	81	0.297
bj	40	89	0.3
bj	40	81	1.55
bj	40	91	0.907
bj	40	97	1.32
bj	40	81	0.31
bj	40	83	6.21
bj	40	79	2.19
bj	40	91	1.32
bj	40	85	9.37
bj	40	87	2.72
bj	40	83	0.317
bj	40	87	0.38
bj	40	87	1.45
bj	40	85	1.22
bj	40	87	0.453
bj	40	87	1.39
bj	40	85	0.55
bj	40	93	1.33
bj	40	79	0.573
bj	40	93	2
bj	40	89	0.93
bj	40	91	0.98
bj	40	87	0.513
bj	40	87	1.96
bj	40	85	2.67
