hpr	12	19	0
hpr	12	25	0.00667
hpr	12	25	0.01
hpr	12	21	0.00333
hpr	12	23	0.00667
hpr	12	21	0.00333
hpr	12	23	0
hpr	12	21	0.00333
hpr	12	21	0.00333
hpr	12	25	0.00333
hpr	12	23	0.00333
hpr	12	23	0.00667
hpr	12	21	0.00333
hpr	12	19	0
hpr	12	21	0.00333
hpr	12	23	0.00333
hpr	12	23	0.00333
hpr	12	23	0.00333
hpr	12	13	0
hpr	12	23	0
hpr	12	17	0
hpr	12	21	0
hpr	12	19	0
hpr	12	23	0
hpr	12	19	0
hpr	12	19	0
hpr	12	21	0.00333
hpr	12	23	0
hpr	12	27	0.00333
hpr	12	19	0
hpr	12	21	0.00333
hpr	12	21	0.00333
hpr	12	23	0.00333
hpr	12	19	0
hpr	12	21	0
hpr	12	21	0
hpr	12	21	0.00333
hpr	12	19	0
hpr	12	21	0
hpr	12	21	0
hpr	12	25	0.00667
hpr	12	23	0.01
hpr	12	23	0.00667
hpr	12	23	0.00333
hpr	12	25	0.00667
hpr	12	23	0.00333
hpr	12	17	0
hpr	12	21	0.00333
hpr	12	21	0.00333
hpr	12	25	0.00333
