bhkk	10	19	0.046666
bhkk	10	17	0.036666
bhkk	10	17	0.036666
bhkk	10	19	0.046666
bhkk	10	17	0.036666
bhkk	10	15	0.029999
bhkk	10	21	0.053333
bhkk	10	19	0.046666
bhkk	10	19	0.046666
bhkk	10	13	0.019999
bhkk	10	19	0.043333
bhkk	10	17	0.036666
bhkk	10	19	0.046666
bhkk	10	21	0.053333
bhkk	10	19	0.046666
bhkk	10	17	0.036666
bhkk	10	17	0.036666
bhkk	10	15	0.029999
bhkk	10	17	0.036666
bhkk	10	19	0.046666
bhkk	10	15	0.029999
bhkk	10	17	0.036666
bhkk	10	17	0.039999
bhkk	10	17	0.036666
bhkk	10	17	0.036666
bhkk	10	17	0.036666
bhkk	10	17	0.036666
bhkk	10	15	0.029999
bhkk	10	21	0.053333
bhkk	10	17	0.036666
bhkk	10	17	0.036666
bhkk	10	17	0.036666
bhkk	10	21	0.053333
bhkk	10	15	0.029999
bhkk	10	19	0.046666
bhkk	10	19	0.046666
bhkk	10	19	0.046666
bhkk	10	13	0.019999
bhkk	10	19	0.046666
bhkk	10	15	0.029999
bhkk	10	15	0.029999
bhkk	10	17	0.036666
bhkk	10	17	0.036666
bhkk	10	15	0.029999
bhkk	10	15	0.029999
bhkk	10	19	0.046666
bhkk	10	17	0.036666
bhkk	10	17	0.036666
bhkk	10	17	0.036666
bhkk	10	17	0.036666
