bhkk	12	19	0.253333
bhkk	12	25	0.416666
bhkk	12	25	0.416666
bhkk	12	21	0.306666
bhkk	12	23	0.359999
bhkk	12	21	0.303333
bhkk	12	23	0.359999
bhkk	12	21	0.306666
bhkk	12	21	0.306666
bhkk	12	25	0.413333
bhkk	12	23	0.359999
bhkk	12	23	0.359999
bhkk	12	21	0.306666
bhkk	12	19	0.249999
bhkk	12	21	0.306666
bhkk	12	23	0.359999
bhkk	12	23	0.359999
bhkk	12	23	0.359999
bhkk	12	13	0.086666
bhkk	12	23	0.359999
bhkk	12	17	0.196666
bhkk	12	21	0.306666
bhkk	12	19	0.249999
bhkk	12	23	0.359999
bhkk	12	19	0.249999
bhkk	12	19	0.253333
bhkk	12	21	0.306666
bhkk	12	23	0.359999
bhkk	12	27	0.469999
bhkk	12	19	0.249999
bhkk	12	21	0.306666
bhkk	12	21	0.306666
bhkk	12	23	0.356666
bhkk	12	19	0.249999
bhkk	12	21	0.306666
bhkk	12	21	0.303333
bhkk	12	21	0.306666
bhkk	12	19	0.253333
bhkk	12	21	0.306666
bhkk	12	21	0.306666
bhkk	12	25	0.416666
bhkk	12	23	0.359999
bhkk	12	23	0.359999
bhkk	12	23	0.359999
bhkk	12	25	0.416666
bhkk	12	23	0.359999
bhkk	12	17	0.196666
bhkk	12	21	0.306666
bhkk	12	21	0.306666
bhkk	12	25	0.416666
