hpr	32	67	0.103
hpr	32	75	113
hpr	32	69	3.02
hpr	32	69	2.46
hpr	32	71	0.167
hpr	32	69	62.2
hpr	32	73	30.2
hpr	32	73	19.4
hpr	32	65	0.557
hpr	32	71	17.3
hpr	32	65	2.88
hpr	32	67	12.2
hpr	32	71	75
hpr	32	67	18.8
hpr	32	71	50.7
hpr	32	69	1.93
hpr	32	69	13
hpr	32	67	9.42
hpr	32	71	35.2
hpr	32	67	5.22
hpr	32	67	4.2
hpr	32	65	15
hpr	32	67	16.4
hpr	32	69	11.8
hpr	32	69	52.3
hpr	32	67	9.59
hpr	32	69	11.4
hpr	32	71	85.7
hpr	32	69	8.71
hpr	32	77	timeout
hpr	32	69	4.14
hpr	32	63	5.68
hpr	32	73	59.8
hpr	32	67	1.27
hpr	32	69	5.98
hpr	32	69	27.2
hpr	32	67	3.57
hpr	32	71	1.14
hpr	32	67	3.86
hpr	32	67	0.883
hpr	32	69	3.46
hpr	32	67	1.5
hpr	32	63	1.09
hpr	32	67	0.61
hpr	32	67	2.86
hpr	32	67	3.34
hpr	32	69	33
hpr	32	65	0.927
hpr	32	73	11.1
hpr	32	71	36.2
