hpr	30	67	28.6
hpr	30	61	6.01
hpr	30	65	1.66
hpr	30	69	42.2
hpr	30	59	4.03
hpr	30	63	32.3
hpr	30	61	4.71
hpr	30	63	3.95
hpr	30	63	54.8
hpr	30	63	0.24
hpr	30	63	4.33
hpr	30	55	1.11
hpr	30	69	14.5
hpr	30	67	8.2
hpr	30	63	18.4
hpr	30	59	0.767
hpr	30	65	6.69
hpr	30	63	2.5
hpr	30	67	19.2
hpr	30	69	44.2
hpr	30	63	0.547
hpr	30	65	14.9
hpr	30	57	3.86
hpr	30	67	22.9
hpr	30	57	0.6
hpr	30	59	1.15
hpr	30	59	1.49
hpr	30	59	1.51
hpr	30	57	0.32
hpr	30	65	10
hpr	30	65	62.2
hpr	30	61	23.6
hpr	30	59	1.31
hpr	30	65	13.1
hpr	30	63	3.79
hpr	30	65	0.863
hpr	30	63	1.95
hpr	30	65	7.55
hpr	30	63	8.49
hpr	30	61	15.4
hpr	30	67	2.31
hpr	30	65	4.65
hpr	30	65	6.37
hpr	30	65	24.7
hpr	30	69	69
hpr	30	61	1.56
hpr	30	61	3.84
hpr	30	61	3.25
hpr	30	63	1.3
hpr	30	65	25.9
