bj	20	35	0.0267
bj	20	39	0.0333
bj	20	43	0.0233
bj	20	41	0.0133
bj	20	41	0.0267
bj	20	31	0.00667
bj	20	43	0.03
bj	20	41	0.0233
bj	20	43	0.03
bj	20	43	0.03
bj	20	43	0.0367
bj	20	41	0.0367
bj	20	39	0.0133
bj	20	43	0.0333
bj	20	45	0.0333
bj	20	43	0.04
bj	20	41	0.0167
bj	20	41	0.0167
bj	20	35	0.0133
bj	20	43	0.04
bj	20	41	0.06
bj	20	41	0.03
bj	20	37	0.0233
bj	20	39	0.01
bj	20	35	0.01
bj	20	39	0.0367
bj	20	35	0.01
bj	20	37	0.03
bj	20	37	0.0333
bj	20	45	0.0233
bj	20	37	0.01
bj	20	43	0.0333
bj	20	39	0.04
bj	20	39	0.0133
bj	20	45	0.04
bj	20	45	0.04
bj	20	45	0.0233
bj	20	39	0.0367
bj	20	41	0.03
bj	20	43	0.0133
bj	20	45	0.02
bj	20	43	0.0367
bj	20	39	0.02
bj	20	45	0.02
bj	20	41	0.0433
bj	20	39	0.0267
bj	20	39	0.0233
bj	20	41	0.0267
bj	20	41	0.0367
bj	20	39	0.01
