hpr	10	19	0.00333
hpr	10	17	0
hpr	10	17	0
hpr	10	19	0.00333
hpr	10	17	0
hpr	10	15	0.00333
hpr	10	21	0
hpr	10	19	0.00333
hpr	10	19	0.00333
hpr	10	13	0
hpr	10	19	0
hpr	10	17	0.00333
hpr	10	19	0
hpr	10	21	0
hpr	10	19	0
hpr	10	17	0
hpr	10	17	0
hpr	10	15	0
hpr	10	17	0
hpr	10	19	0.00333
hpr	10	15	0
hpr	10	17	0.00333
hpr	10	17	0
hpr	10	17	0
hpr	10	17	0.00333
hpr	10	17	0
hpr	10	17	0
hpr	10	15	0
hpr	10	21	0.00333
hpr	10	17	0
hpr	10	17	0.00333
hpr	10	17	0
hpr	10	21	0
hpr	10	15	0
hpr	10	19	0.00333
hpr	10	19	0
hpr	10	19	0.00333
hpr	10	13	0
hpr	10	19	0.00333
hpr	10	15	0
hpr	10	15	0
hpr	10	17	0
hpr	10	17	0.00333
hpr	10	15	0
hpr	10	15	0
hpr	10	19	0.00333
hpr	10	17	0
hpr	10	17	0
hpr	10	17	0.00333
hpr	10	17	0
