hpr	18	37	0.07
hpr	18	35	0.0267
hpr	18	35	0.0133
hpr	18	37	0.0733
hpr	18	29	0.00667
hpr	18	31	0.0133
hpr	18	35	0.07
hpr	18	35	0.0133
hpr	18	35	0.0633
hpr	18	37	0.09
hpr	18	37	0.0133
hpr	18	31	0.01
hpr	18	37	0.03
hpr	18	37	0.0867
hpr	18	35	0.05
hpr	18	35	0.01
hpr	18	37	0.0433
hpr	18	37	0.07
hpr	18	33	0.04
hpr	18	33	0.0367
hpr	18	35	0.00333
hpr	18	35	0.0233
hpr	18	37	0.0533
hpr	18	37	0.0667
hpr	18	35	0.0333
hpr	18	35	0.02
hpr	18	31	0.0267
hpr	18	33	0.03
hpr	18	33	0.0167
hpr	18	33	0.01
hpr	18	35	0.04
hpr	18	39	0.0333
hpr	18	35	0.0267
hpr	18	33	0.0233
hpr	18	37	0.237
hpr	18	37	0.06
hpr	18	35	0.03
hpr	18	37	0.0233
hpr	18	37	0.0667
hpr	18	35	0.0233
hpr	18	37	0.123
hpr	18	35	0.04
hpr	18	33	0.0133
hpr	18	35	0.0333
hpr	18	35	0.0133
hpr	18	39	0.213
hpr	18	37	0.05
hpr	18	33	0.0133
hpr	18	35	0.03
hpr	18	33	0.0233
