hpr	28	61	1.26
hpr	28	55	0.16
hpr	28	59	5.92
hpr	28	61	5.65
hpr	28	59	1.24
hpr	28	67	4.18
hpr	28	59	11.2
hpr	28	65	2.27
hpr	28	57	1.51
hpr	28	57	1.61
hpr	28	61	2.47
hpr	28	61	1.15
hpr	28	57	1.06
hpr	28	51	1.08
hpr	28	63	1.12
hpr	28	59	1.3
hpr	28	57	2.22
hpr	28	53	0.45
hpr	28	59	0.617
hpr	28	59	0.327
hpr	28	63	1.2
hpr	28	55	0.0667
hpr	28	61	0.67
hpr	28	57	4.01
hpr	28	63	3
hpr	28	55	1.32
hpr	28	59	8.43
hpr	28	63	15.3
hpr	28	61	6.39
hpr	28	55	0.797
hpr	28	61	5.47
hpr	28	59	2.52
hpr	28	63	14.2
hpr	28	59	1.42
hpr	28	53	0.33
hpr	28	55	3.82
hpr	28	57	1.44
hpr	28	59	9.78
hpr	28	57	0.92
hpr	28	59	1.13
hpr	28	57	5.69
hpr	28	59	2.12
hpr	28	53	3.93
hpr	28	61	12.7
hpr	28	57	5.34
hpr	28	61	7.59
hpr	28	61	0.57
hpr	28	59	3.02
hpr	28	55	0.753
hpr	28	57	2.62
