hpr	26	53	1.18
hpr	26	51	1.98
hpr	26	53	0.813
hpr	26	55	1.39
hpr	26	49	0.0667
hpr	26	53	0.25
hpr	26	57	3.16
hpr	26	47	0.343
hpr	26	53	1.26
hpr	26	55	2.18
hpr	26	61	6.43
hpr	26	51	0.187
hpr	26	55	1.99
hpr	26	55	0.08
hpr	26	53	1.6
hpr	26	49	0.59
hpr	26	53	0.207
hpr	26	55	3.19
hpr	26	57	1.05
hpr	26	57	0.98
hpr	26	51	0.217
hpr	26	51	0.723
hpr	26	53	1.24
hpr	26	55	7.25
hpr	26	51	0.27
hpr	26	55	1.83
hpr	26	55	0.52
hpr	26	53	0.563
hpr	26	51	0.52
hpr	26	57	1.55
hpr	26	53	1.07
hpr	26	55	0.87
hpr	26	57	2.4
hpr	26	63	7.76
hpr	26	57	5.28
hpr	26	53	0.557
hpr	26	45	0.163
hpr	26	55	4.52
hpr	26	51	2.24
hpr	26	55	1.87
hpr	26	53	0.233
hpr	26	55	0.31
hpr	26	55	1.04
hpr	26	59	2.61
hpr	26	55	2.21
hpr	26	59	1.78
hpr	26	49	1.27
hpr	26	55	1.85
hpr	26	57	0.2
hpr	26	55	0.39
