hpr	34	79	timeout
hpr	34	69	14.1
hpr	34	71	108
hpr	34	71	24.8
hpr	34	71	67.1
hpr	34	75	4.49
hpr	34	69	5.18
hpr	34	71	23.8
hpr	34	69	70
hpr	34	75	48.6
hpr	34	73	12.9
hpr	34	71	19.3
hpr	34	71	3.95
hpr	34	73	4.14
hpr	34	71	4.33
hpr	34	73	38.4
hpr	34	69	20.4
hpr	34	77	3.38
hpr	34	73	47.7
hpr	34	73	29.2
hpr	34	67	10.5
hpr	34	71	41.3
hpr	34	75	21.8
hpr	34	71	104
hpr	34	71	24.8
hpr	34	77	timeout
hpr	34	73	14
hpr	34	67	1.45
hpr	34	69	7.39
hpr	34	71	21.6
hpr	34	69	22.4
hpr	34	77	27.1
hpr	34	73	47.3
hpr	34	73	12.2
hpr	34	67	1.55
hpr	34	75	118
hpr	34	77	57.3
hpr	34	73	5.95
hpr	34	69	14.5
hpr	34	73	2.31
hpr	34	69	23.9
hpr	34	75	33.9
hpr	34	73	13.8
hpr	34	69	7.31
hpr	34	73	6.71
hpr	34	75	13.6
hpr	34	77	62.5
hpr	34	69	19.2
hpr	34	73	54.4
hpr	34	79	timeout
