hpr	24	47	0.33
hpr	24	43	0.127
hpr	24	47	0.263
hpr	24	49	1.19
hpr	24	49	1.02
hpr	24	49	0.89
hpr	24	49	0.233
hpr	24	51	0.567
hpr	24	45	0.163
hpr	24	55	5.68
hpr	24	49	0.23
hpr	24	43	0.0233
hpr	24	49	0.767
hpr	24	53	2.05
hpr	24	47	0.853
hpr	24	47	0.227
hpr	24	53	0.143
hpr	24	53	1.87
hpr	24	49	0.303
hpr	24	49	0.643
hpr	24	49	0.467
hpr	24	51	1.11
hpr	24	53	0.563
hpr	24	51	3.73
hpr	24	53	0.153
hpr	24	51	0.523
hpr	24	51	0.36
hpr	24	51	0.313
hpr	24	49	0.19
hpr	24	49	0.05
hpr	24	47	0.213
hpr	24	49	0.303
hpr	24	47	0.323
hpr	24	47	0.313
hpr	24	49	0.587
hpr	24	49	0.167
hpr	24	47	0.457
hpr	24	53	0.4
hpr	24	49	0.723
hpr	24	51	0.347
hpr	24	51	0.497
hpr	24	47	0.143
hpr	24	49	0.95
hpr	24	47	0.5
hpr	24	51	1.43
hpr	24	45	0.457
hpr	24	49	0.667
hpr	24	47	0.0433
hpr	24	53	2.77
hpr	24	49	2.29
