bj	30	67	0.86
bj	30	61	0.0967
bj	30	65	0.17
bj	30	69	0.46
bj	30	59	0.0433
bj	30	63	0.383
bj	30	61	0.13
bj	30	63	0.133
bj	30	63	0.467
bj	30	63	0.08
bj	30	63	0.143
bj	30	55	0.07
bj	30	69	0.933
bj	30	67	0.3
bj	30	63	0.37
bj	30	59	0.137
bj	30	65	0.167
bj	30	63	0.253
bj	30	67	0.263
bj	30	69	0.307
bj	30	63	0.167
bj	30	65	0.423
bj	30	57	0.277
bj	30	67	0.43
bj	30	57	0.07
bj	30	59	0.187
bj	30	59	0.84
bj	30	59	0.05
bj	30	57	0.0533
bj	30	65	0.423
bj	30	65	1.13
bj	30	61	0.297
bj	30	59	0.0433
bj	30	65	0.16
bj	30	63	0.143
bj	30	65	0.13
bj	30	63	0.103
bj	30	65	0.117
bj	30	63	0.42
bj	30	61	0.187
bj	30	67	0.133
bj	30	65	1.16
bj	30	65	0.74
bj	30	65	0.52
bj	30	69	0.12
bj	30	61	0.08
bj	30	61	0.16
bj	30	61	0.0867
bj	30	63	0.127
bj	30	65	0.143
