bj	26	53	0.107
bj	26	51	0.0833
bj	26	53	0.0667
bj	26	55	0.107
bj	26	49	0.0333
bj	26	53	0.03
bj	26	57	0.0967
bj	26	47	0.0567
bj	26	53	0.0767
bj	26	55	0.08
bj	26	61	0.1
bj	26	51	0.0467
bj	26	55	0.113
bj	26	55	0.0433
bj	26	53	0.0933
bj	26	49	0.0267
bj	26	53	0.0567
bj	26	55	0.547
bj	26	57	0.0733
bj	26	57	0.0733
bj	26	51	0.06
bj	26	51	0.08
bj	26	53	0.0733
bj	26	55	0.0733
bj	26	51	0.0333
bj	26	55	0.0533
bj	26	55	0.0767
bj	26	53	0.127
bj	26	51	0.03
bj	26	57	0.08
bj	26	53	0.07
bj	26	55	0.0533
bj	26	57	0.0967
bj	26	63	0.37
bj	26	57	0.0667
bj	26	53	0.0733
bj	26	45	0.0367
bj	26	55	0.14
bj	26	51	0.0567
bj	26	55	0.133
bj	26	53	0.0867
bj	26	55	0.0633
bj	26	55	0.06
bj	26	59	0.0967
bj	26	55	0.0833
bj	26	59	0.0667
bj	26	49	0.1
bj	26	55	0.133
bj	26	57	0.0967
bj	26	55	0.307
