hpr	22	41	0.133
hpr	22	47	0.5
hpr	22	49	0.323
hpr	22	47	0.243
hpr	22	45	0.45
hpr	22	51	2.92
hpr	22	43	0.133
hpr	22	45	0.237
hpr	22	39	0.0667
hpr	22	45	0.22
hpr	22	45	0.297
hpr	22	49	0.483
hpr	22	43	0.06
hpr	22	45	0.19
hpr	22	47	0.03
hpr	22	41	0.237
hpr	22	43	0.363
hpr	22	47	0.117
hpr	22	41	0.163
hpr	22	45	0.643
hpr	22	47	1.33
hpr	22	47	0.0733
hpr	22	45	0.05
hpr	22	49	1.03
hpr	22	45	0.16
hpr	22	47	0.403
hpr	22	47	0.857
hpr	22	43	0.153
hpr	22	37	0.0167
hpr	22	43	1.64
hpr	22	43	0.147
hpr	22	49	0.74
hpr	22	45	0.38
hpr	22	45	0.0267
hpr	22	49	0.267
hpr	22	41	0.117
hpr	22	37	0.0433
hpr	22	49	0.153
hpr	22	43	0.143
hpr	22	47	0.217
hpr	22	49	0.73
hpr	22	47	0.08
hpr	22	43	0.787
hpr	22	43	0.0467
hpr	22	45	0.28
hpr	22	49	0.137
hpr	22	47	0.123
hpr	22	43	0.35
hpr	22	49	0.557
hpr	22	49	0.267
