bj	28	61	0.22
bj	28	55	0.05
bj	28	59	0.25
bj	28	61	0.13
bj	28	59	0.347
bj	28	67	0.163
bj	28	59	0.403
bj	28	65	0.59
bj	28	57	0.0867
bj	28	57	0.103
bj	28	61	0.183
bj	28	61	0.167
bj	28	57	0.137
bj	28	51	0.0567
bj	28	63	0.15
bj	28	59	0.117
bj	28	57	0.0467
bj	28	53	0.0733
bj	28	59	0.103
bj	28	59	0.14
bj	28	63	0.16
bj	28	55	0.0767
bj	28	61	0.0433
bj	28	57	0.143
bj	28	63	0.143
bj	28	55	0.07
bj	28	59	0.283
bj	28	63	0.39
bj	28	61	0.537
bj	28	55	0.12
bj	28	61	0.143
bj	28	59	0.173
bj	28	63	0.157
bj	28	59	0.11
bj	28	53	0.08
bj	28	55	0.21
bj	28	57	0.163
bj	28	59	0.16
bj	28	57	0.0567
bj	28	59	0.0767
bj	28	57	0.113
bj	28	59	0.14
bj	28	53	0.107
bj	28	61	0.17
bj	28	57	0.3
bj	28	61	0.177
bj	28	61	0.13
bj	28	59	0.0533
bj	28	55	0.0733
bj	28	57	0.127
