bhkk	12	48	1.04
bhkk	12	48	1.04
bhkk	12	48	1.04
bhkk	12	48	1.04
bhkk	12	48	1.04
bhkk	12	48	1.04
bhkk	12	48	1.04
bhkk	12	48	1.04
bhkk	12	48	1.04
bhkk	12	48	1.04
bhkk	12	48	1.04
bhkk	12	48	1.04
bhkk	12	48	1.04
bhkk	12	48	1.04
bhkk	12	48	1.04
bhkk	12	48	1.03667
bhkk	12	48	1.04
bhkk	12	48	1.04
bhkk	12	48	1.04
bhkk	12	48	1.04
bhkk	12	48	1.04
bhkk	12	48	1.04
bhkk	12	48	1.04
bhkk	12	48	1.04
bhkk	12	48	1.04
bhkk	12	48	1.03667
bhkk	12	48	1.04
bhkk	12	48	1.04
bhkk	12	48	1.04
bhkk	12	48	1.04
bhkk	12	48	1.04
bhkk	12	48	1.04
bhkk	12	48	1.04
bhkk	12	48	1.04
bhkk	12	48	1.04
bhkk	12	48	1.04
bhkk	12	48	1.04
bhkk	12	48	1.03667
bhkk	12	48	1.04
bhkk	12	48	1.04
bhkk	12	48	1.04
bhkk	12	48	1.04
bhkk	12	48	1.03667
bhkk	12	48	1.04
bhkk	12	48	1.04
bhkk	12	48	1.04
bhkk	12	48	1.04
bhkk	12	48	1.04
bhkk	12	48	1.03667
bhkk	12	48	1.04
bhkk	12	48	1.04
bhkk	12	48	1.04
bhkk	12	48	1.04
bhkk	12	48	1.04
bhkk	12	48	1.04
bhkk	12	48	1.04
bhkk	12	48	1.04
bhkk	12	48	1.04
bhkk	12	48	1.04
bhkk	12	48	1.04
bhkk	12	48	1.04
bhkk	12	48	1.04
bhkk	12	48	1.04
bhkk	12	48	1.04
bhkk	12	48	1.04
bhkk	12	48	1.03667
bhkk	12	48	1.04
bhkk	12	48	1.04
bhkk	12	48	1.04
bhkk	12	48	1.04
bhkk	12	48	1.04
bhkk	12	48	1.04
bhkk	12	48	1.04
bhkk	12	48	1.04
bhkk	12	48	1.04
bhkk	12	48	1.04
bhkk	12	48	1.04
bhkk	12	48	1.03667
bhkk	12	48	1.04
bhkk	12	48	1.03667
bhkk	12	48	1.04
bhkk	12	48	1.04
bhkk	12	48	1.04
bhkk	12	48	1.04
bhkk	12	48	1.04
bhkk	12	48	1.04
bhkk	12	48	1.04
bhkk	12	48	1.04
bhkk	12	48	1.03667
bhkk	12	48	1.04
bhkk	12	48	1.04
bhkk	12	48	1.04
bhkk	12	48	1.04
bhkk	12	48	1.03667
bhkk	12	48	1.03667
bhkk	12	48	1.03667
bhkk	12	48	1.04
bhkk	12	48	1.04
bhkk	12	48	1.04
bhkk	12	48	1.03667
