bhkk	12	32	0.559999
bhkk	12	32	0.559999
bhkk	12	32	0.559999
bhkk	12	32	0.559999
bhkk	12	32	0.559999
bhkk	12	32	0.559999
bhkk	12	32	0.559999
bhkk	12	32	0.556666
bhkk	12	32	0.559999
bhkk	12	32	0.559999
bhkk	12	32	0.559999
bhkk	12	32	0.559999
bhkk	12	32	0.559999
bhkk	12	32	0.559999
bhkk	12	32	0.556666
bhkk	12	32	0.559999
bhkk	12	32	0.559999
bhkk	12	32	0.559999
bhkk	12	32	0.559999
bhkk	12	32	0.559999
bhkk	12	32	0.559999
bhkk	12	32	0.559999
bhkk	12	32	0.559999
bhkk	12	32	0.559999
bhkk	12	32	0.559999
bhkk	12	32	0.559999
bhkk	12	32	0.559999
bhkk	12	32	0.559999
bhkk	12	32	0.556666
bhkk	12	32	0.559999
bhkk	12	32	0.559999
bhkk	12	32	0.556666
bhkk	12	32	0.559999
bhkk	12	32	0.556666
bhkk	12	32	0.559999
bhkk	12	32	0.559999
bhkk	12	32	0.559999
bhkk	12	32	0.559999
bhkk	12	32	0.559999
bhkk	12	32	0.559999
bhkk	12	32	0.559999
bhkk	12	32	0.559999
bhkk	12	32	0.559999
bhkk	12	32	0.559999
bhkk	12	32	0.559999
bhkk	12	32	0.556666
bhkk	12	32	0.559999
bhkk	12	32	0.559999
bhkk	12	32	0.556666
bhkk	12	32	0.559999
bhkk	12	32	0.559999
bhkk	12	32	0.556666
bhkk	12	32	0.559999
bhkk	12	32	0.559999
bhkk	12	32	0.559999
bhkk	12	32	0.556666
bhkk	12	32	0.559999
bhkk	12	32	0.556666
bhkk	12	32	0.559999
bhkk	12	32	0.559999
bhkk	12	32	0.559999
bhkk	12	32	0.559999
bhkk	12	32	0.559999
bhkk	12	32	0.559999
bhkk	12	32	0.559999
bhkk	12	32	0.559999
bhkk	12	32	0.559999
bhkk	12	32	0.559999
bhkk	12	32	0.559999
bhkk	12	32	0.559999
bhkk	12	32	0.559999
bhkk	12	32	0.559999
bhkk	12	32	0.559999
bhkk	12	32	0.559999
bhkk	12	32	0.559999
bhkk	12	32	0.559999
bhkk	12	32	0.559999
bhkk	12	32	0.559999
bhkk	12	32	0.559999
bhkk	12	32	0.559999
bhkk	12	32	0.559999
bhkk	12	32	0.559999
bhkk	12	32	0.559999
bhkk	12	32	0.559999
bhkk	12	32	0.556666
bhkk	12	32	0.559999
bhkk	12	32	0.556666
bhkk	12	32	0.553333
bhkk	12	32	0.559999
bhkk	12	32	0.559999
bhkk	12	32	0.559999
bhkk	12	32	0.559999
bhkk	12	32	0.559999
bhkk	12	32	0.559999
bhkk	12	32	0.559999
bhkk	12	32	0.559999
bhkk	12	32	0.559999
bhkk	12	32	0.556666
bhkk	12	32	0.556666
bhkk	12	32	0.559999
