bj	12	24	0.00667
bj	12	24	0.00333
bj	11	24	0.02
bj	12	24	0.01
bj	12	24	0.00667
bj	12	24	0.00667
bj	12	24	0.00333
bj	12	24	0.00667
bj	12	24	0.00667
bj	12	24	0.00667
bj	12	24	0.01
bj	12	24	0.0167
bj	12	24	0.00667
bj	12	24	0.00333
bj	12	24	0.00667
bj	12	24	0.00333
bj	12	24	0.00333
bj	12	24	0.00333
bj	12	24	0.00667
bj	12	24	0.01
bj	12	24	0.00333
bj	12	24	0.00667
bj	12	24	0.00333
bj	12	24	0.00667
bj	12	24	0.00667
bj	12	24	0.01
bj	12	24	0.00667
bj	12	24	0.00667
bj	12	24	0.00667
bj	12	24	0.00333
bj	12	24	0.00667
bj	12	24	0.00333
bj	12	24	0.0133
bj	12	24	0.00667
bj	12	24	0.00667
bj	12	24	0.01
bj	12	24	0.00667
bj	12	24	0.00333
bj	12	24	0.00667
bj	12	24	0.00667
bj	12	24	0.00333
bj	12	24	0.00667
bj	12	24	0.00333
bj	12	24	0.00333
bj	12	24	0.00667
bj	12	24	0.00333
bj	12	24	0.00667
bj	12	24	0.00667
bj	12	24	0.00333
bj	12	24	0.00667
bj	12	24	0.00333
bj	12	24	0.01
bj	12	24	0.00667
bj	12	24	0.01
bj	12	24	0.00667
bj	12	24	0.00333
bj	12	24	0.00667
bj	12	24	0.00333
bj	12	24	0.00333
bj	12	24	0.00333
bj	12	24	0.00667
bj	12	24	0.00333
bj	12	24	0.00333
bj	12	24	0.00667
bj	12	24	0.01
bj	12	24	0.00667
bj	12	24	0.00667
bj	12	24	0.00667
bj	12	24	0.00667
bj	12	24	0.00667
bj	12	24	0.00667
bj	12	24	0.00667
bj	11	24	0.00333
bj	12	24	0.01
bj	11	24	0.00333
bj	12	24	0.0133
bj	12	24	0.00333
bj	12	24	0.00667
bj	12	24	0.00667
bj	12	24	0.00333
bj	12	24	0.00667
bj	12	24	0.00333
bj	12	24	0.00333
bj	12	24	0.00667
bj	12	24	0.01
bj	12	24	0.00667
bj	12	24	0.00333
bj	12	24	0.00667
bj	12	24	0.00667
bj	12	24	0.01
bj	12	24	0
bj	12	24	0.00667
bj	12	24	0.00667
bj	12	24	0.00667
bj	12	24	0.00333
bj	12	24	0.00333
bj	12	24	0.00333
bj	12	24	0.01
bj	12	24	0.00333
bj	12	24	0.01
