bhkk	12	66	3.29667
bhkk	12	66	3.27667
bhkk	12	66	3.27667
bhkk	12	66	3.28
bhkk	12	66	3.27667
bhkk	12	66	3.27667
bhkk	12	66	3.27667
bhkk	12	66	3.28
bhkk	12	66	3.28
bhkk	12	66	3.28
bhkk	12	66	3.27667
bhkk	12	66	3.27667
bhkk	12	66	3.28667
bhkk	12	66	3.27667
bhkk	12	66	3.27333
bhkk	12	66	3.27333
bhkk	12	66	3.28
bhkk	12	66	3.28
bhkk	12	66	3.28
bhkk	12	66	3.27667
bhkk	12	66	3.27667
bhkk	12	66	3.28
bhkk	12	66	3.27333
bhkk	12	66	3.27667
bhkk	12	66	3.27667
bhkk	12	66	3.27667
bhkk	12	66	3.27667
bhkk	12	66	3.28
bhkk	12	66	3.28
bhkk	12	66	3.27667
bhkk	12	66	3.27333
bhkk	12	66	3.28
bhkk	12	66	3.27333
bhkk	12	66	3.28
bhkk	12	66	3.27667
bhkk	12	66	3.28
bhkk	12	66	3.27667
bhkk	12	66	3.27333
bhkk	12	66	3.27667
bhkk	12	66	3.28
bhkk	12	66	3.27667
bhkk	12	66	3.27667
bhkk	12	66	3.27667
bhkk	12	66	3.28
bhkk	12	66	3.27667
bhkk	12	66	3.28
bhkk	12	66	3.27667
bhkk	12	66	3.28
bhkk	12	66	3.28
bhkk	12	66	3.27667
bhkk	12	66	3.27667
bhkk	12	66	3.28
bhkk	12	66	3.27333
bhkk	12	66	3.27667
bhkk	12	66	3.27667
bhkk	12	66	3.27333
bhkk	12	66	3.27667
bhkk	12	66	3.27667
bhkk	12	66	3.27667
bhkk	12	66	3.27667
bhkk	12	66	3.28
bhkk	12	66	3.27667
bhkk	12	66	3.27333
bhkk	12	66	3.27667
bhkk	12	66	3.27667
bhkk	12	66	3.27667
bhkk	12	66	3.27667
bhkk	12	66	3.28
bhkk	12	66	3.28333
bhkk	12	66	3.28
bhkk	12	66	3.27667
bhkk	12	66	3.28
bhkk	12	66	3.28
bhkk	12	66	3.27333
bhkk	12	66	3.27667
bhkk	12	66	3.27667
bhkk	12	66	3.27667
bhkk	12	66	3.27667
bhkk	12	66	3.28
bhkk	12	66	3.27667
bhkk	12	66	3.27667
bhkk	12	66	3.27667
bhkk	12	66	3.27667
bhkk	12	66	3.27667
bhkk	12	66	3.28
bhkk	12	66	3.27333
bhkk	12	66	3.27333
bhkk	12	66	3.27667
bhkk	12	66	3.28
bhkk	12	66	3.27667
bhkk	12	66	3.27667
bhkk	12	66	3.28
bhkk	12	66	3.27667
bhkk	12	66	3.27667
bhkk	12	66	3.27333
bhkk	12	66	3.27667
bhkk	12	66	3.28
bhkk	12	66	3.27667
bhkk	12	66	3.28
bhkk	12	66	3.27667
