bhkk	12	22	0.333333
bhkk	12	22	0.333333
bhkk	12	22	0.333333
bhkk	12	22	0.333333
bhkk	12	22	0.333333
bhkk	12	22	0.333333
bhkk	12	22	0.333333
bhkk	12	22	0.333333
bhkk	12	22	0.333333
bhkk	12	22	0.333333
bhkk	12	22	0.333333
bhkk	12	22	0.333333
bhkk	12	22	0.333333
bhkk	12	22	0.333333
bhkk	12	22	0.333333
bhkk	12	22	0.333333
bhkk	12	22	0.333333
bhkk	12	22	0.333333
bhkk	12	22	0.333333
bhkk	12	22	0.333333
bhkk	12	22	0.333333
bhkk	12	22	0.333333
bhkk	11	22	0.143333
bhkk	12	22	0.333333
bhkk	12	22	0.333333
bhkk	12	22	0.333333
bhkk	12	22	0.333333
bhkk	12	22	0.333333
bhkk	12	22	0.333333
bhkk	12	22	0.333333
bhkk	12	22	0.333333
bhkk	12	22	0.333333
bhkk	12	22	0.333333
bhkk	12	22	0.333333
bhkk	12	22	0.333333
bhkk	12	22	0.333333
bhkk	12	22	0.333333
bhkk	12	22	0.333333
bhkk	12	22	0.333333
bhkk	12	22	0.333333
bhkk	11	22	0.143333
bhkk	12	22	0.333333
bhkk	12	22	0.336666
bhkk	12	22	0.333333
bhkk	12	22	0.333333
bhkk	12	22	0.333333
bhkk	12	22	0.333333
bhkk	12	22	0.333333
bhkk	11	22	0.143333
bhkk	12	22	0.333333
bhkk	12	22	0.333333
bhkk	11	22	0.143333
bhkk	12	22	0.333333
bhkk	12	22	0.333333
bhkk	12	22	0.333333
bhkk	12	22	0.333333
bhkk	12	22	0.333333
bhkk	12	22	0.333333
bhkk	12	22	0.333333
bhkk	12	22	0.333333
bhkk	12	22	0.333333
bhkk	12	22	0.333333
bhkk	12	22	0.333333
bhkk	12	22	0.333333
bhkk	12	22	0.329999
bhkk	11	22	0.143333
bhkk	12	22	0.333333
bhkk	12	22	0.333333
bhkk	12	22	0.333333
bhkk	12	22	0.333333
bhkk	12	22	0.333333
bhkk	12	22	0.333333
bhkk	12	22	0.333333
bhkk	12	22	0.333333
bhkk	12	22	0.333333
bhkk	12	22	0.333333
bhkk	12	22	0.333333
bhkk	12	22	0.333333
bhkk	12	22	0.329999
bhkk	12	22	0.333333
bhkk	12	22	0.333333
bhkk	12	22	0.333333
bhkk	12	22	0.333333
bhkk	12	22	0.333333
bhkk	12	22	0.329999
bhkk	12	22	0.333333
bhkk	12	22	0.333333
bhkk	12	22	0.333333
bhkk	12	22	0.333333
bhkk	12	22	0.333333
bhkk	12	22	0.333333
bhkk	12	22	0.333333
bhkk	12	22	0.333333
bhkk	12	22	0.333333
bhkk	12	22	0.333333
bhkk	12	22	0.333333
bhkk	12	22	0.333333
bhkk	12	22	0.333333
bhkk	12	22	0.333333
bhkk	12	22	0.333333
