bj	12	52	0.58
bj	12	52	1.02
bj	12	52	0.933
bj	12	52	1.08
bj	12	52	1.05
bj	12	52	0.69
bj	12	52	0.877
bj	12	52	0.66
bj	12	52	0.65
bj	12	52	1.32
bj	12	52	0.32
bj	12	52	1.59
bj	12	52	2.32
bj	12	52	1.17
bj	12	52	0.61
bj	12	52	0.783
bj	12	52	1.16
bj	12	52	0.86
bj	12	52	0.89
bj	12	52	1.9
bj	12	52	1
bj	12	52	0.593
bj	12	52	0.603
bj	12	52	0.637
bj	12	52	1.04
bj	12	52	1.92
bj	12	52	0.82
bj	12	52	0.69
bj	12	52	0.317
bj	12	52	1.1
bj	12	52	1.19
bj	12	52	1
bj	12	52	1.14
bj	12	52	0.557
bj	12	52	0.32
bj	12	52	1.63
bj	12	52	0.437
bj	12	52	2.2
bj	12	52	0.697
bj	12	52	1.3
bj	12	52	1.68
bj	12	52	0.953
bj	12	52	0.94
bj	12	52	0.743
bj	12	52	2.09
bj	12	52	0.747
bj	12	52	0.66
bj	12	52	1.7
bj	12	52	3.11
bj	12	52	1.34
bj	12	52	1.26
bj	12	52	0.88
bj	12	52	0.72
bj	12	52	1.05
bj	12	52	1
bj	12	52	0.91
bj	12	52	1.01
bj	12	52	1.03
bj	12	52	1.4
bj	12	52	0.68
bj	12	52	0.71
bj	12	52	0.84
bj	12	52	1.34
bj	12	52	1.01
bj	12	52	0.903
bj	12	52	1
bj	12	52	1.94
bj	12	52	0.807
bj	12	52	1.77
bj	12	52	1.15
bj	12	52	0.657
bj	12	52	1.69
bj	12	52	0.897
bj	12	52	1.05
bj	12	52	0.923
bj	12	52	0.667
bj	12	52	1.38
bj	12	52	1.38
bj	12	52	0.57
bj	12	52	0.85
bj	12	52	0.61
bj	12	52	0.513
bj	12	52	0.99
bj	12	52	1.6
bj	12	52	1.26
bj	12	52	2.11
bj	12	52	1.62
bj	12	52	0.88
bj	12	52	0.8
bj	12	52	1.23
bj	12	52	1.11
bj	12	52	1.58
bj	12	52	0.39
bj	12	52	1.13
bj	12	52	1.25
bj	12	52	1.64
bj	12	52	0.937
bj	12	52	0.677
bj	12	52	2.06
bj	12	52	0.567
