bj	12	66	2.83
bj	12	66	2.84
bj	12	66	2.82
bj	12	66	2.84
bj	12	66	2.83
bj	12	66	2.84
bj	12	66	2.92
bj	12	66	2.83
bj	12	66	2.82
bj	12	66	2.9
bj	12	66	2.82
bj	12	66	2.82
bj	12	66	2.81
bj	12	66	2.97
bj	12	66	2.82
bj	12	66	2.83
bj	12	66	2.93
bj	12	66	2.94
bj	12	66	2.84
bj	12	66	2.83
bj	12	66	2.82
bj	12	66	2.83
bj	12	66	2.84
bj	12	66	2.8
bj	12	66	2.83
bj	12	66	2.8
bj	12	66	2.81
bj	12	66	2.82
bj	12	66	2.83
bj	12	66	2.86
bj	12	66	2.86
bj	12	66	2.85
bj	12	66	2.86
bj	12	66	2.86
bj	12	66	2.88
bj	12	66	2.99
bj	12	66	2.83
bj	12	66	2.89
bj	12	66	2.84
bj	12	66	2.99
bj	12	66	2.8
bj	12	66	2.81
bj	12	66	2.8
bj	12	66	2.79
bj	12	66	2.8
bj	12	66	2.83
bj	12	66	2.82
bj	12	66	2.8
bj	12	66	2.81
bj	12	66	2.8
bj	12	66	2.81
bj	12	66	2.86
bj	12	66	2.87
bj	12	66	2.8
bj	12	66	2.81
bj	12	66	2.79
bj	12	66	2.84
bj	12	66	2.84
bj	12	66	2.8
bj	12	66	2.87
bj	12	66	2.86
bj	12	66	2.86
bj	12	66	2.86
bj	12	66	2.82
bj	12	66	2.8
bj	12	66	2.85
bj	12	66	2.86
bj	12	66	2.84
bj	12	66	2.81
bj	12	66	2.81
bj	12	66	2.78
bj	12	66	2.83
bj	12	66	2.8
bj	12	66	2.79
bj	12	66	2.81
bj	12	66	2.82
bj	12	66	2.82
bj	12	66	2.82
bj	12	66	2.82
bj	12	66	2.84
bj	12	66	2.82
bj	12	66	2.83
bj	12	66	2.82
bj	12	66	2.85
bj	12	66	2.87
bj	12	66	2.81
bj	12	66	2.86
bj	12	66	2.82
bj	12	66	2.82
bj	12	66	2.84
bj	12	66	2.87
bj	12	66	2.86
bj	12	66	2.85
bj	12	66	2.84
bj	12	66	2.79
bj	12	66	3.43
bj	12	66	2.86
bj	12	66	2.82
bj	12	66	2.8
bj	12	66	2.8
