bhkk	12	16	0.156666
bhkk	11	16	0.069999
bhkk	12	16	0.156666
bhkk	12	16	0.156666
bhkk	11	16	0.073333
bhkk	10	16	0.033333
bhkk	12	16	0.156666
bhkk	11	16	0.073333
bhkk	12	16	0.156666
bhkk	12	16	0.156666
bhkk	12	16	0.156666
bhkk	11	16	0.073333
bhkk	12	16	0.153333
bhkk	12	16	0.156666
bhkk	12	16	0.156666
bhkk	12	16	0.156666
bhkk	12	16	0.156666
bhkk	12	16	0.156666
bhkk	12	16	0.156666
bhkk	11	16	0.073333
bhkk	12	16	0.153333
bhkk	11	16	0.073333
bhkk	12	16	0.156666
bhkk	12	16	0.156666
bhkk	12	16	0.156666
bhkk	11	16	0.073333
bhkk	10	16	0.033333
bhkk	12	16	0.156666
bhkk	12	16	0.156666
bhkk	10	16	0.033333
bhkk	10	16	0.033333
bhkk	12	16	0.156666
bhkk	11	16	0.073333
bhkk	11	16	0.069999
bhkk	10	16	0.033333
bhkk	12	16	0.156666
bhkk	11	16	0.073333
bhkk	12	16	0.156666
bhkk	11	16	0.073333
bhkk	12	16	0.156666
bhkk	12	16	0.156666
bhkk	12	16	0.156666
bhkk	11	16	0.073333
bhkk	12	16	0.156666
bhkk	11	16	0.073333
bhkk	11	16	0.073333
bhkk	12	16	0.156666
bhkk	12	16	0.156666
bhkk	12	16	0.156666
bhkk	12	16	0.153333
bhkk	11	16	0.073333
bhkk	12	16	0.156666
bhkk	12	16	0.156666
bhkk	11	16	0.073333
bhkk	12	16	0.156666
bhkk	12	16	0.156666
bhkk	12	16	0.156666
bhkk	11	16	0.073333
bhkk	12	16	0.156666
bhkk	12	16	0.156666
bhkk	11	16	0.073333
bhkk	11	16	0.073333
bhkk	12	16	0.156666
bhkk	11	16	0.073333
bhkk	11	16	0.073333
bhkk	11	16	0.073333
bhkk	11	16	0.073333
bhkk	12	16	0.156666
bhkk	12	16	0.156666
bhkk	10	16	0.033333
bhkk	11	16	0.073333
bhkk	11	16	0.073333
bhkk	11	16	0.073333
bhkk	12	16	0.156666
bhkk	12	16	0.156666
bhkk	12	16	0.156666
bhkk	10	16	0.033333
bhkk	12	16	0.156666
bhkk	11	16	0.073333
bhkk	12	16	0.156666
bhkk	11	16	0.073333
bhkk	11	16	0.073333
bhkk	12	16	0.156666
bhkk	11	16	0.073333
bhkk	11	16	0.073333
bhkk	11	16	0.073333
bhkk	11	16	0.073333
bhkk	11	16	0.073333
bhkk	12	16	0.156666
bhkk	12	16	0.156666
bhkk	12	16	0.156666
bhkk	11	16	0.073333
bhkk	11	16	0.073333
bhkk	12	16	0.156666
bhkk	12	16	0.156666
bhkk	10	16	0.033333
bhkk	11	16	0.073333
bhkk	12	16	0.153333
bhkk	11	16	0.073333
bhkk	12	16	0.156666
