bhkk	12	18	0.206666
bhkk	12	18	0.206666
bhkk	12	18	0.206666
bhkk	12	18	0.206666
bhkk	12	18	0.206666
bhkk	12	18	0.206666
bhkk	11	18	0.093333
bhkk	12	18	0.206666
bhkk	12	18	0.206666
bhkk	12	18	0.206666
bhkk	12	18	0.206666
bhkk	12	18	0.206666
bhkk	11	18	0.093333
bhkk	12	18	0.206666
bhkk	12	18	0.206666
bhkk	11	18	0.093333
bhkk	11	18	0.093333
bhkk	11	18	0.093333
bhkk	12	18	0.206666
bhkk	12	18	0.206666
bhkk	11	18	0.093333
bhkk	11	18	0.093333
bhkk	12	18	0.206666
bhkk	12	18	0.206666
bhkk	12	18	0.203333
bhkk	12	18	0.206666
bhkk	11	18	0.093333
bhkk	12	18	0.206666
bhkk	12	18	0.206666
bhkk	12	18	0.206666
bhkk	12	18	0.206666
bhkk	12	18	0.206666
bhkk	12	18	0.206666
bhkk	12	18	0.206666
bhkk	12	18	0.206666
bhkk	12	18	0.206666
bhkk	11	18	0.093333
bhkk	11	18	0.093333
bhkk	11	18	0.093333
bhkk	11	18	0.093333
bhkk	12	18	0.206666
bhkk	12	18	0.206666
bhkk	12	18	0.206666
bhkk	12	18	0.203333
bhkk	12	18	0.209999
bhkk	11	18	0.093333
bhkk	12	18	0.206666
bhkk	12	18	0.203333
bhkk	12	18	0.206666
bhkk	12	18	0.206666
bhkk	12	18	0.206666
bhkk	12	18	0.206666
bhkk	11	18	0.093333
bhkk	11	18	0.089999
bhkk	12	18	0.206666
bhkk	12	18	0.206666
bhkk	12	18	0.206666
bhkk	12	18	0.206666
bhkk	12	18	0.206666
bhkk	11	18	0.093333
bhkk	12	18	0.206666
bhkk	12	18	0.206666
bhkk	12	18	0.206666
bhkk	12	18	0.206666
bhkk	12	18	0.206666
bhkk	12	18	0.206666
bhkk	12	18	0.206666
bhkk	12	18	0.206666
bhkk	12	18	0.206666
bhkk	12	18	0.209999
bhkk	12	18	0.206666
bhkk	12	18	0.206666
bhkk	12	18	0.206666
bhkk	12	18	0.206666
bhkk	12	18	0.206666
bhkk	11	18	0.093333
bhkk	12	18	0.206666
bhkk	12	18	0.206666
bhkk	12	18	0.206666
bhkk	12	18	0.206666
bhkk	11	18	0.093333
bhkk	12	18	0.206666
bhkk	12	18	0.206666
bhkk	12	18	0.206666
bhkk	12	18	0.206666
bhkk	12	18	0.206666
bhkk	11	18	0.093333
bhkk	11	18	0.093333
bhkk	11	18	0.093333
bhkk	11	18	0.093333
bhkk	12	18	0.206666
bhkk	12	18	0.206666
bhkk	12	18	0.206666
bhkk	12	18	0.206666
bhkk	12	18	0.206666
bhkk	12	18	0.206666
bhkk	12	18	0.206666
bhkk	11	18	0.093333
bhkk	12	18	0.206666
bhkk	12	18	0.206666
