bj	12	50	0.47
bj	12	50	0.6
bj	12	50	1.22
bj	12	50	0.923
bj	12	50	0.46
bj	12	50	0.747
bj	12	50	1.88
bj	12	50	0.5
bj	12	50	0.833
bj	12	50	0.853
bj	12	50	1.77
bj	12	50	0.637
bj	12	50	0.483
bj	12	50	0.423
bj	12	50	1.16
bj	12	50	0.427
bj	12	50	0.57
bj	12	50	0.443
bj	12	50	1.43
bj	12	50	1.65
bj	12	50	0.473
bj	12	50	0.807
bj	12	50	0.69
bj	12	50	1.17
bj	12	50	0.773
bj	12	50	0.417
bj	12	50	0.507
bj	12	50	1.19
bj	12	50	0.467
bj	12	50	0.42
bj	12	50	2.76
bj	12	50	0.5
bj	12	50	0.3
bj	12	50	0.633
bj	12	50	0.883
bj	12	50	1.23
bj	12	50	1.6
bj	12	50	0.92
bj	12	50	1.08
bj	12	50	0.513
bj	12	50	0.5
bj	12	50	0.933
bj	12	50	0.553
bj	12	50	0.983
bj	12	50	0.973
bj	12	50	1.19
bj	12	50	0.97
bj	12	50	0.437
bj	12	50	0.307
bj	12	50	0.72
bj	12	50	0.507
bj	12	50	1.75
bj	12	50	0.963
bj	12	50	0.87
bj	12	50	0.787
bj	12	50	0.683
bj	12	50	0.877
bj	12	50	0.467
bj	12	50	0.553
bj	12	50	0.887
bj	12	50	0.95
bj	12	50	0.46
bj	12	50	1.75
bj	12	50	0.927
bj	12	50	0.81
bj	12	50	1.19
bj	12	50	0.423
bj	12	50	0.583
bj	12	50	1
bj	12	50	0.83
bj	12	50	1.04
bj	12	50	0.373
bj	12	50	0.87
bj	12	50	0.743
bj	12	50	0.897
bj	12	50	0.767
bj	12	50	1.39
bj	12	50	0.957
bj	12	50	0.723
bj	12	50	0.557
bj	12	50	0.323
bj	12	50	1.17
bj	12	50	0.843
bj	12	50	1.02
bj	12	50	0.537
bj	12	50	0.53
bj	12	50	0.563
bj	12	50	0.897
bj	12	50	1.97
bj	12	50	0.993
bj	12	50	1.01
bj	12	50	0.88
bj	12	50	0.913
bj	12	50	0.577
bj	12	50	0.34
bj	12	50	0.823
bj	12	50	1.31
bj	12	50	0.603
bj	12	50	0.587
bj	12	50	0.47
