bhkk	12	30	0.549999
bhkk	12	30	0.553333
bhkk	12	30	0.553333
bhkk	12	30	0.553333
bhkk	12	30	0.553333
bhkk	12	30	0.553333
bhkk	12	30	0.553333
bhkk	12	30	0.553333
bhkk	12	30	0.553333
bhkk	12	30	0.549999
bhkk	12	30	0.546666
bhkk	12	30	0.553333
bhkk	12	30	0.553333
bhkk	12	30	0.549999
bhkk	12	30	0.553333
bhkk	12	30	0.553333
bhkk	12	30	0.553333
bhkk	12	30	0.546666
bhkk	12	30	0.549999
bhkk	12	30	0.553333
bhkk	12	30	0.549999
bhkk	12	30	0.549999
bhkk	12	30	0.549999
bhkk	12	30	0.553333
bhkk	12	30	0.553333
bhkk	12	30	0.549999
bhkk	12	30	0.553333
bhkk	12	30	0.549999
bhkk	12	30	0.553333
bhkk	12	30	0.549999
bhkk	12	30	0.553333
bhkk	12	30	0.553333
bhkk	12	30	0.549999
bhkk	12	30	0.553333
bhkk	12	30	0.553333
bhkk	12	30	0.553333
bhkk	12	30	0.549999
bhkk	12	30	0.553333
bhkk	12	30	0.553333
bhkk	12	30	0.553333
bhkk	12	30	0.553333
bhkk	12	30	0.553333
bhkk	12	30	0.553333
bhkk	12	30	0.553333
bhkk	12	30	0.553333
bhkk	12	30	0.549999
bhkk	12	30	0.553333
bhkk	12	30	0.553333
bhkk	12	30	0.553333
bhkk	12	30	0.553333
bhkk	12	30	0.553333
bhkk	12	30	0.549999
bhkk	12	30	0.553333
bhkk	12	30	0.553333
bhkk	12	30	0.549999
bhkk	12	30	0.549999
bhkk	12	30	0.553333
bhkk	12	30	0.553333
bhkk	12	30	0.553333
bhkk	11	30	0.229999
bhkk	12	30	0.549999
bhkk	12	30	0.553333
bhkk	12	30	0.549999
bhkk	12	30	0.549999
bhkk	12	30	0.549999
bhkk	12	30	0.553333
bhkk	12	30	0.553333
bhkk	12	30	0.553333
bhkk	12	30	0.553333
bhkk	12	30	0.549999
bhkk	12	30	0.553333
bhkk	12	30	0.549999
bhkk	12	30	0.549999
bhkk	12	30	0.549999
bhkk	12	30	0.549999
bhkk	12	30	0.549999
bhkk	12	30	0.549999
bhkk	12	30	0.549999
bhkk	12	30	0.549999
bhkk	12	30	0.553333
bhkk	12	30	0.549999
bhkk	12	30	0.553333
bhkk	12	30	0.549999
bhkk	12	30	0.549999
bhkk	12	30	0.549999
bhkk	12	30	0.553333
bhkk	12	30	0.553333
bhkk	12	30	0.549999
bhkk	12	30	0.553333
bhkk	12	30	0.549999
bhkk	12	30	0.553333
bhkk	12	30	0.549999
bhkk	12	30	0.553333
bhkk	12	30	0.553333
bhkk	12	30	0.553333
bhkk	12	30	0.553333
bhkk	12	30	0.553333
bhkk	12	30	0.553333
bhkk	12	30	0.553333
bhkk	12	30	0.549999
