bhkk	12	38	0.769999
bhkk	12	38	0.766666
bhkk	12	38	0.769999
bhkk	12	38	0.769999
bhkk	12	38	0.769999
bhkk	12	38	0.769999
bhkk	12	38	0.769999
bhkk	12	38	0.769999
bhkk	12	38	0.766666
bhkk	12	38	0.769999
bhkk	12	38	0.769999
bhkk	12	38	0.766666
bhkk	12	38	0.769999
bhkk	12	38	0.766666
bhkk	12	38	0.766666
bhkk	12	38	0.769999
bhkk	12	38	0.769999
bhkk	12	38	0.769999
bhkk	12	38	0.769999
bhkk	12	38	0.769999
bhkk	12	38	0.769999
bhkk	12	38	0.769999
bhkk	12	38	0.769999
bhkk	12	38	0.769999
bhkk	12	38	0.769999
bhkk	12	38	0.769999
bhkk	12	38	0.766666
bhkk	12	38	0.769999
bhkk	12	38	0.766666
bhkk	12	38	0.766666
bhkk	12	38	0.769999
bhkk	12	38	0.769999
bhkk	12	38	0.769999
bhkk	12	38	0.766666
bhkk	12	38	0.769999
bhkk	12	38	0.769999
bhkk	12	38	0.769999
bhkk	12	38	0.766666
bhkk	12	38	0.769999
bhkk	12	38	0.769999
bhkk	12	38	0.769999
bhkk	12	38	0.766666
bhkk	12	38	0.769999
bhkk	12	38	0.766666
bhkk	12	38	0.766666
bhkk	12	38	0.769999
bhkk	12	38	0.766666
bhkk	12	38	0.769999
bhkk	12	38	0.769999
bhkk	12	38	0.769999
bhkk	12	38	0.769999
bhkk	12	38	0.769999
bhkk	12	38	0.766666
bhkk	12	38	0.769999
bhkk	12	38	0.769999
bhkk	12	38	0.769999
bhkk	12	38	0.769999
bhkk	12	38	0.769999
bhkk	12	38	0.769999
bhkk	12	38	0.769999
bhkk	12	38	0.769999
bhkk	12	38	0.769999
bhkk	12	38	0.769999
bhkk	12	38	0.769999
bhkk	12	38	0.769999
bhkk	12	38	0.769999
bhkk	12	38	0.769999
bhkk	12	38	0.769999
bhkk	12	38	0.769999
bhkk	12	38	0.769999
bhkk	12	38	0.769999
bhkk	12	38	0.769999
bhkk	12	38	0.769999
bhkk	12	38	0.766666
bhkk	12	38	0.766666
bhkk	12	38	0.769999
bhkk	12	38	0.769999
bhkk	12	38	0.769999
bhkk	12	38	0.766666
bhkk	12	38	0.766666
bhkk	12	38	0.769999
bhkk	12	38	0.769999
bhkk	12	38	0.769999
bhkk	12	38	0.769999
bhkk	12	38	0.769999
bhkk	12	38	0.769999
bhkk	12	38	0.769999
bhkk	12	38	0.766666
bhkk	12	38	0.766666
bhkk	12	38	0.769999
bhkk	12	38	0.769999
bhkk	12	38	0.769999
bhkk	12	38	0.769999
bhkk	12	38	0.769999
bhkk	12	38	0.769999
bhkk	12	38	0.769999
bhkk	12	38	0.769999
bhkk	12	38	0.769999
bhkk	12	38	0.769999
bhkk	12	38	0.766666
