bj	12	22	0.00333
bj	12	22	0.00333
bj	12	22	0.00333
bj	12	22	0.00333
bj	12	22	0.00333
bj	12	22	0.00333
bj	12	22	0.00333
bj	12	22	0.00333
bj	12	22	0.00333
bj	12	22	0.00333
bj	12	22	0.00333
bj	12	22	0.00333
bj	12	22	0.00333
bj	12	22	0.00333
bj	12	22	0.00333
bj	12	22	0
bj	12	22	0.00333
bj	12	22	0
bj	12	22	0
bj	12	22	0.00667
bj	12	22	0.00333
bj	12	22	0.00333
bj	11	22	0.00667
bj	12	22	0.00333
bj	12	22	0.00333
bj	12	22	0.00333
bj	12	22	0.00333
bj	12	22	0.00333
bj	12	22	0.00333
bj	12	22	0.00333
bj	12	22	0.00333
bj	12	22	0.00333
bj	12	22	0.00333
bj	12	22	0.00333
bj	12	22	0.00333
bj	12	22	0.00333
bj	12	22	0.00333
bj	12	22	0.00333
bj	12	22	0.00333
bj	12	22	0
bj	11	22	0.00333
bj	12	22	0.00333
bj	12	22	0.00333
bj	12	22	0.00333
bj	12	22	0.00333
bj	12	22	0.00333
bj	12	22	0.00333
bj	12	22	0.00333
bj	11	22	0.00333
bj	12	22	0.00333
bj	12	22	0.00333
bj	11	22	0
bj	12	22	0
bj	12	22	0.00333
bj	12	22	0.00667
bj	12	22	0.00333
bj	12	22	0.00333
bj	12	22	0.00333
bj	12	22	0.00333
bj	12	22	0.00333
bj	12	22	0.00333
bj	12	22	0.00333
bj	12	22	0.00333
bj	12	22	0.00333
bj	12	22	0.00333
bj	11	22	0.00333
bj	12	22	0.00333
bj	12	22	0.00333
bj	12	22	0.00333
bj	12	22	0.00333
bj	12	22	0.00333
bj	12	22	0.00333
bj	12	22	0.00333
bj	12	22	0.00333
bj	12	22	0.00333
bj	12	22	0.00333
bj	12	22	0.00333
bj	12	22	0.00333
bj	12	22	0.00333
bj	12	22	0.00333
bj	12	22	0.00333
bj	12	22	0.00333
bj	12	22	0.00333
bj	12	22	0.00333
bj	12	22	0.00333
bj	12	22	0.00333
bj	12	22	0.00333
bj	12	22	0.00333
bj	12	22	0.00333
bj	12	22	0.00333
bj	12	22	0.00333
bj	12	22	0.00333
bj	12	22	0.00333
bj	12	22	0
bj	12	22	0.00333
bj	12	22	0
bj	12	22	0.00333
bj	12	22	0.00333
bj	12	22	0.00333
bj	12	22	0.00333
