bj	12	16	0
bj	11	16	0
bj	12	16	0
bj	12	16	0
bj	11	16	0
bj	10	16	0
bj	12	16	0
bj	11	16	0
bj	12	16	0
bj	12	16	0
bj	12	16	0
bj	11	16	0
bj	12	16	0
bj	12	16	0
bj	12	16	0
bj	12	16	0
bj	12	16	0
bj	12	16	0
bj	12	16	0
bj	11	16	0
bj	12	16	0
bj	11	16	0
bj	12	16	0
bj	12	16	0
bj	12	16	0
bj	11	16	0
bj	10	16	0
bj	12	16	0
bj	12	16	0
bj	10	16	0
bj	10	16	0
bj	12	16	0
bj	11	16	0
bj	11	16	0
bj	10	16	0
bj	12	16	0
bj	11	16	0
bj	12	16	0
bj	11	16	0
bj	12	16	0
bj	12	16	0
bj	12	16	0
bj	11	16	0
bj	12	16	0
bj	11	16	0
bj	11	16	0
bj	12	16	0
bj	12	16	0
bj	12	16	0
bj	12	16	0
bj	11	16	0
bj	12	16	0
bj	12	16	0
bj	11	16	0
bj	12	16	0
bj	12	16	0
bj	12	16	0
bj	11	16	0
bj	12	16	0
bj	12	16	0
bj	11	16	0
bj	11	16	0
bj	12	16	0
bj	11	16	0
bj	11	16	0
bj	11	16	0
bj	11	16	0
bj	12	16	0
bj	12	16	0
bj	10	16	0
bj	11	16	0
bj	11	16	0
bj	11	16	0
bj	12	16	0
bj	12	16	0
bj	12	16	0
bj	10	16	0
bj	12	16	0
bj	11	16	0
bj	12	16	0
bj	11	16	0
bj	11	16	0
bj	12	16	0
bj	11	16	0
bj	11	16	0
bj	11	16	0
bj	11	16	0
bj	11	16	0
bj	12	16	0
bj	12	16	0
bj	12	16	0
bj	11	16	0
bj	11	16	0
bj	12	16	0
bj	12	16	0
bj	10	16	0
bj	11	16	0
bj	12	16	0
bj	11	16	0
bj	12	16	0
