bhkk	12	40	0.823333
bhkk	12	40	0.823333
bhkk	12	40	0.823333
bhkk	12	40	0.823333
bhkk	12	40	0.823333
bhkk	12	40	0.823333
bhkk	12	40	0.816666
bhkk	12	40	0.823333
bhkk	12	40	0.823333
bhkk	12	40	0.823333
bhkk	12	40	0.823333
bhkk	12	40	0.823333
bhkk	12	40	0.823333
bhkk	12	40	0.819999
bhkk	12	40	0.823333
bhkk	12	40	0.823333
bhkk	12	40	0.823333
bhkk	12	40	0.823333
bhkk	12	40	0.823333
bhkk	12	40	0.823333
bhkk	12	40	0.823333
bhkk	12	40	0.823333
bhkk	12	40	0.823333
bhkk	12	40	0.823333
bhkk	12	40	0.823333
bhkk	12	40	0.823333
bhkk	12	40	0.823333
bhkk	12	40	0.823333
bhkk	12	40	0.823333
bhkk	12	40	0.823333
bhkk	12	40	0.823333
bhkk	12	40	0.823333
bhkk	12	40	0.823333
bhkk	12	40	0.819999
bhkk	12	40	0.823333
bhkk	12	40	0.823333
bhkk	12	40	0.823333
bhkk	12	40	0.823333
bhkk	12	40	0.823333
bhkk	12	40	0.819999
bhkk	12	40	0.823333
bhkk	12	40	0.823333
bhkk	12	40	0.823333
bhkk	12	40	0.823333
bhkk	12	40	0.823333
bhkk	12	40	0.819999
bhkk	12	40	0.823333
bhkk	12	40	0.823333
bhkk	12	40	0.819999
bhkk	12	40	0.823333
bhkk	12	40	0.823333
bhkk	12	40	0.823333
bhkk	12	40	0.819999
bhkk	12	40	0.823333
bhkk	12	40	0.823333
bhkk	12	40	0.823333
bhkk	12	40	0.823333
bhkk	12	40	0.823333
bhkk	12	40	0.823333
bhkk	12	40	0.823333
bhkk	12	40	0.823333
bhkk	12	40	0.823333
bhkk	12	40	0.823333
bhkk	12	40	0.823333
bhkk	12	40	0.823333
bhkk	12	40	0.823333
bhkk	12	40	0.816666
bhkk	12	40	0.823333
bhkk	12	40	0.823333
bhkk	12	40	0.823333
bhkk	12	40	0.823333
bhkk	12	40	0.823333
bhkk	12	40	0.823333
bhkk	12	40	0.823333
bhkk	12	40	0.823333
bhkk	12	40	0.823333
bhkk	12	40	0.823333
bhkk	12	40	0.823333
bhkk	12	40	0.819999
bhkk	12	40	0.823333
bhkk	12	40	0.823333
bhkk	12	40	0.823333
bhkk	12	40	0.823333
bhkk	12	40	0.823333
bhkk	12	40	0.823333
bhkk	12	40	0.823333
bhkk	12	40	0.823333
bhkk	12	40	0.823333
bhkk	12	40	0.823333
bhkk	12	40	0.823333
bhkk	12	40	0.823333
bhkk	12	40	0.823333
bhkk	12	40	0.819999
bhkk	12	40	0.823333
bhkk	12	40	0.823333
bhkk	12	40	0.823333
bhkk	12	40	0.823333
bhkk	12	40	0.823333
bhkk	12	40	0.823333
bhkk	12	40	0.823333
