bj	12	56	3.93
bj	12	56	1.64
bj	12	56	3.37
bj	12	56	3.62
bj	12	56	2.59
bj	12	56	1.39
bj	12	56	1.57
bj	12	56	3.39
bj	12	56	1.63
bj	12	56	1.32
bj	12	56	2.88
bj	12	56	1.4
bj	12	56	1.04
bj	12	56	1.68
bj	12	56	0.943
bj	12	56	2.46
bj	12	56	1.8
bj	12	56	1.41
bj	12	56	2.05
bj	12	56	1.54
bj	12	56	2.41
bj	12	56	1.8
bj	12	56	1.53
bj	12	56	1.7
bj	12	56	2.27
bj	12	56	2.08
bj	12	56	1.2
bj	12	56	1.62
bj	12	56	3.19
bj	12	56	1.2
bj	12	56	3.82
bj	12	56	1.63
bj	12	56	2.56
bj	12	56	1.31
bj	12	56	1.15
bj	12	56	1.97
bj	12	56	2.19
bj	12	56	2.52
bj	12	56	2.5
bj	12	56	0.853
bj	12	56	1.89
bj	12	56	2.68
bj	12	56	1.6
bj	12	56	1.9
bj	12	56	1.8
bj	12	56	1.76
bj	12	56	1.51
bj	12	56	2.05
bj	12	56	2.14
bj	12	56	2.23
bj	12	56	1.46
bj	12	56	2.34
bj	12	56	1.64
bj	12	56	1.81
bj	12	56	0.91
bj	12	56	1.69
bj	12	56	1.72
bj	12	56	1.98
bj	12	56	1.74
bj	12	56	1.7
bj	12	56	1.34
bj	12	56	1.04
bj	12	56	2.22
bj	12	56	1.53
bj	12	56	0.91
bj	12	56	1.34
bj	12	56	1.55
bj	12	56	1.34
bj	12	56	2.02
bj	12	56	3.35
bj	12	56	1.53
bj	12	56	11.9
bj	12	56	0.92
bj	12	56	4.35
bj	12	56	0.867
bj	12	56	4.11
bj	12	56	1.52
bj	12	56	2.16
bj	12	56	0.897
bj	12	56	2.03
bj	12	56	3.26
bj	12	56	1.93
bj	12	56	1.42
bj	12	56	1.23
bj	12	56	2
bj	12	56	1.65
bj	12	56	1.73
bj	12	56	0.877
bj	12	56	1.79
bj	12	56	4.05
bj	12	56	1.7
bj	12	56	4.32
bj	12	56	2.03
bj	12	56	1.42
bj	12	56	2.4
bj	12	56	1.71
bj	12	56	1.73
bj	12	56	1.75
bj	12	56	18
bj	12	56	0.923
