bj	12	32	0.0367
bj	12	32	0.01
bj	12	32	0.0533
bj	12	32	0.0167
bj	12	32	0.0333
bj	12	32	0.0167
bj	12	32	0.0233
bj	12	32	0.05
bj	12	32	0.0233
bj	12	32	0.0333
bj	12	32	0.0367
bj	12	32	0.0333
bj	12	32	0.03
bj	12	32	0.0267
bj	12	32	0.0133
bj	12	32	0.02
bj	12	32	0.05
bj	12	32	0.0333
bj	12	32	0.0233
bj	12	32	0.0267
bj	12	32	0.03
bj	12	32	0.0533
bj	12	32	0.0467
bj	12	32	0.0233
bj	12	32	0.0333
bj	12	32	0.04
bj	12	32	0.0633
bj	12	32	0.0533
bj	12	32	0.02
bj	12	32	0.0567
bj	12	32	0.03
bj	12	32	0.0233
bj	12	32	0.03
bj	12	32	0.02
bj	12	32	0.0567
bj	12	32	0.0233
bj	12	32	0.0233
bj	12	32	0.03
bj	12	32	0.05
bj	12	32	0.0133
bj	12	32	0.0567
bj	12	32	0.0533
bj	12	32	0.0433
bj	12	32	0.0133
bj	12	32	0.0233
bj	12	32	0.0267
bj	12	32	0.0267
bj	12	32	0.0167
bj	12	32	0.02
bj	12	32	0.0433
bj	12	32	0.0833
bj	12	32	0.02
bj	12	32	0.02
bj	12	32	0.0267
bj	12	32	0.0233
bj	12	32	0.0567
bj	12	32	0.0167
bj	12	32	0.0267
bj	12	32	0.0467
bj	12	32	0.0233
bj	12	32	0.0567
bj	12	32	0.0467
bj	12	32	0.0267
bj	12	32	0.03
bj	12	32	0.0133
bj	12	32	0.0167
bj	12	32	0.04
bj	12	32	0.0233
bj	12	32	0.07
bj	12	32	0.0233
bj	12	32	0.03
bj	12	32	0.03
bj	12	32	0.0233
bj	12	32	0.04
bj	12	32	0.0233
bj	12	32	0.03
bj	12	32	0.04
bj	12	32	0.04
bj	12	32	0.0433
bj	12	32	0.04
bj	12	32	0.02
bj	12	32	0.0367
bj	12	32	0.0233
bj	12	32	0.0267
bj	12	32	0.02
bj	12	32	0.0467
bj	12	32	0.07
bj	12	32	0.0267
bj	12	32	0.0433
bj	12	32	0.0367
bj	12	32	0.0333
bj	12	32	0.0233
bj	12	32	0.0167
bj	12	32	0.0233
bj	12	32	0.0167
bj	12	32	0.02
bj	12	32	0.03
bj	12	32	0.04
bj	12	32	0.0567
bj	12	32	0.02
