bhkk	12	56	2.51
bhkk	12	56	2.51
bhkk	12	56	2.51
bhkk	12	56	2.51
bhkk	12	56	2.50667
bhkk	12	56	2.51333
bhkk	12	56	2.51
bhkk	12	56	2.51
bhkk	12	56	2.51333
bhkk	12	56	2.51
bhkk	12	56	2.51
bhkk	12	56	2.51
bhkk	12	56	2.51
bhkk	12	56	2.51
bhkk	12	56	2.50667
bhkk	12	56	2.51
bhkk	12	56	2.50667
bhkk	12	56	2.51
bhkk	12	56	2.51
bhkk	12	56	2.51
bhkk	12	56	2.51
bhkk	12	56	2.51
bhkk	12	56	2.50667
bhkk	12	56	2.51
bhkk	12	56	2.51
bhkk	12	56	2.51
bhkk	12	56	2.51
bhkk	12	56	2.51
bhkk	12	56	2.51
bhkk	12	56	2.51
bhkk	12	56	2.51333
bhkk	12	56	2.51
bhkk	12	56	2.51
bhkk	12	56	2.51
bhkk	12	56	2.51
bhkk	12	56	2.51
bhkk	12	56	2.51
bhkk	12	56	2.50667
bhkk	12	56	2.50667
bhkk	12	56	2.51
bhkk	12	56	2.51
bhkk	12	56	2.50667
bhkk	12	56	2.51333
bhkk	12	56	2.51
bhkk	12	56	2.50667
bhkk	12	56	2.51
bhkk	12	56	2.51
bhkk	12	56	2.51
bhkk	12	56	2.50667
bhkk	12	56	2.50667
bhkk	12	56	2.51
bhkk	12	56	2.51
bhkk	12	56	2.50667
bhkk	12	56	2.51
bhkk	12	56	2.50667
bhkk	12	56	2.51
bhkk	12	56	2.51
bhkk	12	56	2.50333
bhkk	12	56	2.51333
bhkk	12	56	2.50667
bhkk	12	56	2.51
bhkk	12	56	2.51
bhkk	12	56	2.51
bhkk	12	56	2.51
bhkk	12	56	2.51
bhkk	12	56	2.51
bhkk	12	56	2.51
bhkk	12	56	2.51
bhkk	12	56	2.51
bhkk	12	56	2.51
bhkk	12	56	2.51333
bhkk	12	56	2.51
bhkk	12	56	2.51
bhkk	12	56	2.51
bhkk	12	56	2.51
bhkk	12	56	2.51333
bhkk	12	56	2.51
bhkk	12	56	2.51
bhkk	12	56	2.51
bhkk	12	56	2.51
bhkk	12	56	2.51
bhkk	12	56	2.50667
bhkk	12	56	2.51
bhkk	12	56	2.51
bhkk	12	56	2.51
bhkk	12	56	2.51
bhkk	12	56	2.50667
bhkk	12	56	2.50667
bhkk	12	56	2.50667
bhkk	12	56	2.51333
bhkk	12	56	2.50667
bhkk	12	56	2.50667
bhkk	12	56	2.51
bhkk	12	56	2.51333
bhkk	12	56	2.50667
bhkk	12	56	2.51
bhkk	12	56	2.50667
bhkk	12	56	2.51
bhkk	12	56	2.51
bhkk	12	56	2.50667
