bj	12	62	2.2
bj	12	62	2.62
bj	12	62	2.15
bj	12	62	1.62
bj	12	62	2.49
bj	12	62	2.98
bj	12	62	1.89
bj	12	62	2.46
bj	12	62	2.9
bj	12	62	2.23
bj	12	62	2.56
bj	12	62	2.28
bj	12	62	2.42
bj	12	62	2.95
bj	12	62	2.24
bj	12	62	1.65
bj	12	62	1.72
bj	12	62	2.74
bj	12	62	2.38
bj	12	62	2.28
bj	12	62	2.2
bj	12	62	2.48
bj	12	62	2.15
bj	12	62	2.13
bj	12	62	2.39
bj	12	62	2.41
bj	12	62	1.66
bj	12	62	2.31
bj	12	62	1.93
bj	12	62	2.21
bj	12	62	2.55
bj	12	62	2.39
bj	12	62	2.38
bj	12	62	2.08
bj	12	62	1.59
bj	12	62	2.09
bj	12	62	1.68
bj	12	62	2.56
bj	12	62	2.12
bj	12	62	2.06
bj	12	62	1.66
bj	12	62	2.47
bj	12	62	2.5
bj	12	62	2.93
bj	12	62	1.71
bj	12	62	2.14
bj	12	62	1.7
bj	12	62	2.06
bj	12	62	2.72
bj	12	62	2.27
bj	12	62	2.36
bj	12	62	2.25
bj	12	62	1.79
bj	12	62	2.16
bj	12	62	2.7
bj	12	62	2.09
bj	12	62	1.85
bj	12	62	1.75
bj	12	62	2.82
bj	12	62	3
bj	12	62	1.95
bj	12	62	2.2
bj	12	62	2.28
bj	12	62	1.56
bj	12	62	2.3
bj	12	62	2.55
bj	12	62	1.74
bj	12	62	2.25
bj	12	62	2.18
bj	12	62	2.48
bj	12	62	1.8
bj	12	62	2.41
bj	12	62	2.97
bj	12	62	1.62
bj	12	62	4.17
bj	12	62	7.24
bj	12	62	2.17
bj	12	62	3.26
bj	12	62	1.77
bj	12	62	1.61
bj	12	62	2.18
bj	12	62	1.9
bj	12	62	2.15
bj	12	62	2.3
bj	12	62	1.87
bj	12	62	2
bj	12	62	2.2
bj	12	62	2.27
bj	12	62	2.92
bj	12	62	2.98
bj	12	62	2.07
bj	12	62	2.27
bj	12	62	2.53
bj	12	62	2.24
bj	12	62	1.62
bj	12	62	2.1
bj	12	62	2
bj	12	62	2.76
bj	12	62	2.66
bj	12	62	2.11
