bj	12	58	1.3
bj	12	58	1.39
bj	12	58	2.34
bj	12	58	1.4
bj	12	58	1.52
bj	12	58	2.18
bj	12	58	1.88
bj	12	58	1.82
bj	12	58	1.79
bj	12	58	1.83
bj	12	58	3.44
bj	12	58	2.13
bj	12	58	1.35
bj	12	58	1.44
bj	12	58	1.79
bj	12	58	1.48
bj	12	58	1.72
bj	12	58	1.1
bj	12	58	4.35
bj	12	58	1.49
bj	12	58	2.32
bj	12	58	4.34
bj	12	58	1.64
bj	12	58	1.47
bj	12	58	3.48
bj	12	58	1.11
bj	12	58	1.29
bj	12	58	2.39
bj	12	58	1.65
bj	12	58	2.32
bj	12	58	3.69
bj	12	58	2.01
bj	12	58	1.69
bj	12	58	2.34
bj	12	58	1.84
bj	12	58	3.09
bj	12	58	1.5
bj	12	58	1.43
bj	12	58	1.17
bj	12	58	1.62
bj	12	58	1.43
bj	12	58	1.54
bj	12	58	2.48
bj	12	58	1.92
bj	12	58	2.82
bj	12	58	1.32
bj	12	58	1.58
bj	12	58	2.03
bj	12	58	2.26
bj	12	58	2.04
bj	12	58	1.42
bj	12	58	1.36
bj	12	58	1.97
bj	12	58	1.26
bj	12	58	1.91
bj	12	58	2.83
bj	12	58	1.76
bj	12	58	2.3
bj	12	58	3.65
bj	12	58	2.17
bj	12	58	2.12
bj	12	58	1.52
bj	12	58	1.38
bj	12	58	2.03
bj	12	58	1.46
bj	12	58	1.92
bj	12	58	2.24
bj	12	58	2.24
bj	12	58	1.89
bj	12	58	1.03
bj	12	58	2.09
bj	12	58	1.62
bj	12	58	1.44
bj	12	58	0.873
bj	12	58	1.37
bj	12	58	1.98
bj	12	58	2.26
bj	12	58	2.34
bj	12	58	1.85
bj	12	58	1.55
bj	12	58	2.64
bj	12	58	3.48
bj	12	58	13.8
bj	12	58	1.69
bj	12	58	1.52
bj	12	58	2.72
bj	12	58	4.33
bj	12	58	1.59
bj	12	58	1.97
bj	12	58	1.84
bj	12	58	1.96
bj	12	58	1.66
bj	12	58	1.38
bj	12	58	2.19
bj	12	58	1.66
bj	12	58	1.69
bj	12	58	1.91
bj	12	58	1.45
bj	12	58	2.83
bj	12	58	1.51
