bj	12	64	2.46
bj	12	64	2.64
bj	12	64	2.66
bj	12	64	2.34
bj	12	64	2.5
bj	12	64	2.64
bj	12	64	2.42
bj	12	64	2.4
bj	12	64	2.59
bj	12	64	2.75
bj	12	64	2.38
bj	12	64	2.71
bj	12	64	2.55
bj	12	64	3.01
bj	12	64	2.65
bj	12	64	2.68
bj	12	64	2.56
bj	12	64	2.96
bj	12	64	2.76
bj	12	64	3.09
bj	12	64	2.66
bj	12	64	2.36
bj	12	64	2.68
bj	12	64	2.69
bj	12	64	2.42
bj	12	64	2.33
bj	12	64	3.1
bj	12	64	2.54
bj	12	64	2.64
bj	12	64	2.55
bj	12	64	2.6
bj	12	64	2.55
bj	12	64	3.62
bj	12	64	2.54
bj	12	64	2.53
bj	12	64	2.7
bj	12	64	2.67
bj	12	64	2.35
bj	12	64	2.43
bj	12	64	2.66
bj	12	64	2.52
bj	12	64	2.68
bj	12	64	2.66
bj	12	64	2.43
bj	12	64	3.89
bj	12	64	2.53
bj	12	64	3.02
bj	12	64	3.21
bj	12	64	2.66
bj	12	64	3.01
bj	12	64	3.79
bj	12	64	2.36
bj	12	64	2.52
bj	12	64	2.44
bj	12	64	2.56
bj	12	64	3.65
bj	12	64	2.67
bj	12	64	2.37
bj	12	64	2.63
bj	12	64	2.43
bj	12	64	2.37
bj	12	64	2.96
bj	12	64	2.97
bj	12	64	2.75
bj	12	64	2.39
bj	12	64	2.37
bj	12	64	2.98
bj	12	64	2.44
bj	12	64	2.66
bj	12	64	2.66
bj	12	64	2.31
bj	12	64	2.45
bj	12	64	2.46
bj	12	64	2.34
bj	12	64	2.4
bj	12	64	2.67
bj	12	64	2.75
bj	12	64	2.66
bj	12	64	2.42
bj	12	64	2.3
bj	12	64	2.59
bj	12	64	2.78
bj	12	64	3.49
bj	12	64	2.62
bj	12	64	2.63
bj	12	64	2.67
bj	12	64	2.42
bj	12	64	2.53
bj	12	64	2.6
bj	12	64	3.47
bj	12	64	2.6
bj	12	64	2.37
bj	12	64	2.53
bj	12	64	2.66
bj	12	64	2.68
bj	12	64	3.38
bj	12	64	2.46
bj	12	64	2.38
bj	12	64	2.38
bj	12	64	2.67
