bhkk	12	64	2.72
bhkk	12	64	2.71333
bhkk	12	64	2.71667
bhkk	12	64	2.71667
bhkk	12	64	2.74
bhkk	12	64	2.71667
bhkk	12	64	2.72
bhkk	12	64	2.71667
bhkk	12	64	2.72
bhkk	12	64	2.71667
bhkk	12	64	2.71667
bhkk	12	64	2.71667
bhkk	12	64	2.77333
bhkk	12	64	2.71667
bhkk	12	64	2.72
bhkk	12	64	2.77333
bhkk	12	64	2.72
bhkk	12	64	2.71667
bhkk	12	64	2.71667
bhkk	12	64	2.77333
bhkk	12	64	2.71667
bhkk	12	64	2.71667
bhkk	12	64	2.71333
bhkk	12	64	2.71667
bhkk	12	64	2.71667
bhkk	12	64	2.72
bhkk	12	64	2.71667
bhkk	12	64	2.71667
bhkk	12	64	2.71667
bhkk	12	64	2.71667
bhkk	12	64	2.71667
bhkk	12	64	2.71667
bhkk	12	64	2.71667
bhkk	12	64	2.71667
bhkk	12	64	2.72
bhkk	12	64	2.71667
bhkk	12	64	2.71667
bhkk	12	64	2.72
bhkk	12	64	2.71667
bhkk	12	64	2.71667
bhkk	12	64	2.72333
bhkk	12	64	2.71667
bhkk	12	64	2.72
bhkk	12	64	2.71667
bhkk	12	64	2.71667
bhkk	12	64	2.71667
bhkk	12	64	2.71667
bhkk	12	64	2.71667
bhkk	12	64	2.72
bhkk	12	64	2.71667
bhkk	12	64	2.71667
bhkk	12	64	2.71667
bhkk	12	64	2.71667
bhkk	12	64	2.71667
bhkk	12	64	2.71667
bhkk	12	64	2.71667
bhkk	12	64	2.72
bhkk	12	64	2.72
bhkk	12	64	2.72
bhkk	12	64	2.71667
bhkk	12	64	2.71667
bhkk	12	64	2.71667
bhkk	12	64	2.71667
bhkk	12	64	2.71667
bhkk	12	64	2.71333
bhkk	12	64	2.71667
bhkk	12	64	2.71667
bhkk	12	64	2.71667
bhkk	12	64	2.71667
bhkk	12	64	2.71667
bhkk	12	64	2.71667
bhkk	12	64	2.71667
bhkk	12	64	2.71667
bhkk	12	64	2.71667
bhkk	12	64	2.71667
bhkk	12	64	2.71667
bhkk	12	64	2.71667
bhkk	12	64	2.71667
bhkk	12	64	2.71667
bhkk	12	64	2.71667
bhkk	12	64	2.71667
bhkk	12	64	2.71667
bhkk	12	64	2.77333
bhkk	12	64	2.72
bhkk	12	64	2.71667
bhkk	12	64	2.71667
bhkk	12	64	2.71667
bhkk	12	64	2.71667
bhkk	12	64	2.72
bhkk	12	64	2.71667
bhkk	12	64	2.72
bhkk	12	64	2.71667
bhkk	12	64	2.71667
bhkk	12	64	2.71667
bhkk	12	64	2.71667
bhkk	12	64	2.71667
bhkk	12	64	2.71667
bhkk	12	64	2.71667
bhkk	12	64	2.71667
bhkk	12	64	2.71667
