bhkk	12	60	2.72667
bhkk	12	60	2.72667
bhkk	12	60	2.72667
bhkk	12	60	2.72333
bhkk	12	60	2.72667
bhkk	12	60	2.72667
bhkk	12	60	2.72667
bhkk	12	60	2.73
bhkk	12	60	2.72333
bhkk	12	60	2.72667
bhkk	12	60	2.73333
bhkk	12	60	2.72333
bhkk	12	60	2.72667
bhkk	12	60	2.72667
bhkk	12	60	2.72667
bhkk	12	60	2.73
bhkk	12	60	2.72667
bhkk	12	60	2.72667
bhkk	12	60	2.72667
bhkk	12	60	2.72667
bhkk	12	60	2.72667
bhkk	12	60	2.73
bhkk	12	60	2.72667
bhkk	12	60	2.72667
bhkk	12	60	2.73
bhkk	12	60	2.72667
bhkk	12	60	2.72667
bhkk	12	60	2.72667
bhkk	12	60	2.72667
bhkk	12	60	2.72333
bhkk	12	60	2.72667
bhkk	12	60	2.72667
bhkk	12	60	2.73
bhkk	12	60	2.72667
bhkk	12	60	2.72667
bhkk	12	60	2.72667
bhkk	12	60	2.73
bhkk	12	60	2.73
bhkk	12	60	2.72667
bhkk	12	60	2.73
bhkk	12	60	2.72667
bhkk	12	60	2.73
bhkk	12	60	2.72667
bhkk	12	60	2.72667
bhkk	12	60	2.72667
bhkk	12	60	2.72667
bhkk	12	60	2.73
bhkk	12	60	2.72667
bhkk	12	60	2.73
bhkk	12	60	2.73
bhkk	12	60	2.72667
bhkk	12	60	2.72667
bhkk	12	60	2.72667
bhkk	12	60	2.73
bhkk	12	60	2.72667
bhkk	12	60	2.72667
bhkk	12	60	2.72667
bhkk	12	60	2.72667
bhkk	12	60	2.73
bhkk	12	60	2.72667
bhkk	12	60	2.72333
bhkk	12	60	2.72667
bhkk	12	60	2.72667
bhkk	12	60	2.72667
bhkk	12	60	2.73
bhkk	12	60	2.73
bhkk	12	60	2.72667
bhkk	12	60	2.73
bhkk	12	60	2.72667
bhkk	12	60	2.72667
bhkk	12	60	2.73
bhkk	12	60	2.72667
bhkk	12	60	2.72667
bhkk	12	60	2.72667
bhkk	12	60	2.73
bhkk	12	60	2.72333
bhkk	12	60	2.72667
bhkk	12	60	2.72667
bhkk	12	60	2.72667
bhkk	12	60	2.73
bhkk	12	60	2.73
bhkk	12	60	2.72667
bhkk	12	60	2.72667
bhkk	12	60	2.72667
bhkk	12	60	2.72667
bhkk	12	60	2.72667
bhkk	12	60	2.72667
bhkk	12	60	2.72667
bhkk	12	60	2.72667
bhkk	12	60	2.72667
bhkk	12	60	2.72667
bhkk	12	60	2.72
bhkk	12	60	2.72667
bhkk	12	60	2.72667
bhkk	12	60	2.73
bhkk	12	60	2.72333
bhkk	12	60	2.72333
bhkk	12	60	2.72667
bhkk	12	60	2.72667
bhkk	12	60	2.72667
