bj	12	38	0.07
bj	12	38	0.0433
bj	12	38	0.163
bj	12	38	0.117
bj	12	38	0.103
bj	12	38	0.0767
bj	12	38	0.08
bj	12	38	0.11
bj	12	38	0.0833
bj	12	38	0.13
bj	12	38	0.12
bj	12	38	0.257
bj	12	38	0.377
bj	12	38	0.0833
bj	12	38	0.22
bj	12	38	0.06
bj	12	38	0.133
bj	12	38	0.0667
bj	12	38	0.14
bj	12	38	0.0967
bj	12	38	0.323
bj	12	38	0.0567
bj	12	38	0.157
bj	12	38	0.0833
bj	12	38	0.0833
bj	12	38	0.103
bj	12	38	0.113
bj	12	38	0.12
bj	12	38	0.16
bj	12	38	0.12
bj	12	38	0.11
bj	12	38	0.22
bj	12	38	0.24
bj	12	38	0.0733
bj	12	38	0.133
bj	12	38	0.113
bj	12	38	0.187
bj	12	38	0.0867
bj	12	38	0.0567
bj	12	38	0.117
bj	12	38	0.06
bj	12	38	0.12
bj	12	38	0.12
bj	12	38	0.29
bj	12	38	0.04
bj	12	38	0.117
bj	12	38	0.0967
bj	12	38	0.257
bj	12	38	0.18
bj	12	38	0.0733
bj	12	38	0.133
bj	12	38	0.14
bj	12	38	0.163
bj	12	38	0.0967
bj	12	38	0.22
bj	12	38	0.0867
bj	12	38	0.127
bj	12	38	0.0833
bj	12	38	0.07
bj	12	38	0.0833
bj	12	38	0.09
bj	12	38	0.0767
bj	12	38	0.0967
bj	12	38	0.187
bj	12	38	0.2
bj	12	38	0.1
bj	12	38	0.147
bj	12	38	0.123
bj	12	38	0.103
bj	12	38	0.0967
bj	12	38	0.09
bj	12	38	0.113
bj	12	38	0.0733
bj	12	38	0.287
bj	12	38	0.11
bj	12	38	0.2
bj	12	38	0.163
bj	12	38	0.157
bj	12	38	0.09
bj	12	38	0.14
bj	12	38	0.177
bj	12	38	0.19
bj	12	38	0.0433
bj	12	38	0.0867
bj	12	38	0.16
bj	12	38	0.0867
bj	12	38	0.11
bj	12	38	0.1
bj	12	38	0.25
bj	12	38	0.11
bj	12	38	0.0633
bj	12	38	0.0733
bj	12	38	0.203
bj	12	38	0.0567
bj	12	38	0.0767
bj	12	38	0.09
bj	12	38	0.0867
bj	12	38	0.117
bj	12	38	0.15
bj	12	38	0.143
