bhkk	12	24	0.359999
bhkk	12	24	0.359999
bhkk	11	24	0.153333
bhkk	12	24	0.356666
bhkk	12	24	0.356666
bhkk	12	24	0.356666
bhkk	12	24	0.356666
bhkk	12	24	0.356666
bhkk	12	24	0.356666
bhkk	12	24	0.359999
bhkk	12	24	0.359999
bhkk	12	24	0.359999
bhkk	12	24	0.359999
bhkk	12	24	0.356666
bhkk	12	24	0.359999
bhkk	12	24	0.359999
bhkk	12	24	0.359999
bhkk	12	24	0.359999
bhkk	12	24	0.359999
bhkk	12	24	0.359999
bhkk	12	24	0.359999
bhkk	12	24	0.359999
bhkk	12	24	0.359999
bhkk	12	24	0.356666
bhkk	12	24	0.359999
bhkk	12	24	0.356666
bhkk	12	24	0.359999
bhkk	12	24	0.356666
bhkk	12	24	0.356666
bhkk	12	24	0.359999
bhkk	12	24	0.356666
bhkk	12	24	0.356666
bhkk	12	24	0.359999
bhkk	12	24	0.359999
bhkk	12	24	0.359999
bhkk	12	24	0.356666
bhkk	12	24	0.356666
bhkk	12	24	0.359999
bhkk	12	24	0.359999
bhkk	12	24	0.359999
bhkk	12	24	0.356666
bhkk	12	24	0.356666
bhkk	12	24	0.359999
bhkk	12	24	0.356666
bhkk	12	24	0.359999
bhkk	12	24	0.359999
bhkk	12	24	0.356666
bhkk	12	24	0.359999
bhkk	12	24	0.359999
bhkk	12	24	0.356666
bhkk	12	24	0.359999
bhkk	12	24	0.356666
bhkk	12	24	0.356666
bhkk	12	24	0.359999
bhkk	12	24	0.359999
bhkk	12	24	0.359999
bhkk	12	24	0.359999
bhkk	12	24	0.359999
bhkk	12	24	0.359999
bhkk	12	24	0.356666
bhkk	12	24	0.359999
bhkk	12	24	0.356666
bhkk	12	24	0.356666
bhkk	12	24	0.359999
bhkk	12	24	0.359999
bhkk	12	24	0.359999
bhkk	12	24	0.356666
bhkk	12	24	0.359999
bhkk	12	24	0.359999
bhkk	12	24	0.359999
bhkk	12	24	0.359999
bhkk	12	24	0.356666
bhkk	11	24	0.153333
bhkk	12	24	0.359999
bhkk	11	24	0.153333
bhkk	12	24	0.359999
bhkk	12	24	0.356666
bhkk	12	24	0.359999
bhkk	12	24	0.359999
bhkk	12	24	0.359999
bhkk	12	24	0.356666
bhkk	12	24	0.359999
bhkk	12	24	0.356666
bhkk	12	24	0.359999
bhkk	12	24	0.359999
bhkk	12	24	0.356666
bhkk	12	24	0.359999
bhkk	12	24	0.359999
bhkk	12	24	0.359999
bhkk	12	24	0.359999
bhkk	12	24	0.356666
bhkk	12	24	0.356666
bhkk	12	24	0.359999
bhkk	12	24	0.356666
bhkk	12	24	0.356666
bhkk	12	24	0.356666
bhkk	12	24	0.356666
bhkk	12	24	0.356666
bhkk	12	24	0.356666
bhkk	12	24	0.356666
