bj	12	30	0.03
bj	12	30	0.0167
bj	12	30	0.0167
bj	12	30	0.0267
bj	12	30	0.05
bj	12	30	0.0267
bj	12	30	0.03
bj	12	30	0.0333
bj	12	30	0.03
bj	12	30	0.0167
bj	12	30	0.0167
bj	12	30	0.0267
bj	12	30	0.0167
bj	12	30	0.02
bj	12	30	0.0267
bj	12	30	0.0133
bj	12	30	0.0133
bj	12	30	0.0133
bj	12	30	0.03
bj	12	30	0.02
bj	12	30	0.0167
bj	12	30	0.02
bj	12	30	0.01
bj	12	30	0.0267
bj	12	30	0.0133
bj	12	30	0.0167
bj	12	30	0.0433
bj	12	30	0.0133
bj	12	30	0.0167
bj	12	30	0.0233
bj	12	30	0.0233
bj	12	30	0.02
bj	12	30	0.0233
bj	12	30	0.02
bj	12	30	0.0233
bj	12	30	0.0367
bj	12	30	0.04
bj	12	30	0.02
bj	12	30	0.0133
bj	12	30	0.01
bj	12	30	0.02
bj	12	30	0.01
bj	12	30	0.0233
bj	12	30	0.03
bj	12	30	0.02
bj	12	30	0.02
bj	12	30	0.0233
bj	12	30	0.0167
bj	12	30	0.0333
bj	12	30	0.0133
bj	12	30	0.0133
bj	12	30	0.0333
bj	12	30	0.02
bj	12	30	0.0133
bj	12	30	0.0367
bj	12	30	0.0167
bj	12	30	0.02
bj	12	30	0.0333
bj	12	30	0.0133
bj	11	30	0.0167
bj	12	30	0.0167
bj	12	30	0.0133
bj	12	30	0.01
bj	12	30	0.0133
bj	12	30	0.04
bj	12	30	0.0133
bj	12	30	0.0133
bj	12	30	0.0333
bj	12	30	0.0267
bj	12	30	0.00667
bj	12	30	0.0233
bj	12	30	0.0233
bj	12	30	0.0167
bj	12	30	0.0167
bj	12	30	0.0333
bj	12	30	0.0167
bj	12	30	0.0167
bj	12	30	0.0133
bj	12	30	0.03
bj	12	30	0.0133
bj	12	30	0.0167
bj	12	30	0.0333
bj	12	30	0.0133
bj	12	30	0.01
bj	12	30	0.0233
bj	12	30	0.0367
bj	12	30	0.0133
bj	12	30	0.02
bj	12	30	0.0167
bj	12	30	0.0133
bj	12	30	0.0267
bj	12	30	0.01
bj	12	30	0.0167
bj	12	30	0.0133
bj	12	30	0.02
bj	12	30	0.01
bj	12	30	0.0367
bj	12	30	0.02
bj	12	30	0.0567
bj	12	30	0.0233
