bhkk	12	58	2.62
bhkk	12	58	2.61667
bhkk	12	58	2.62
bhkk	12	58	2.61667
bhkk	12	58	2.62
bhkk	12	58	2.62
bhkk	12	58	2.62
bhkk	12	58	2.62
bhkk	12	58	2.61667
bhkk	12	58	2.62
bhkk	12	58	2.62
bhkk	12	58	2.62
bhkk	12	58	2.62
bhkk	12	58	2.62
bhkk	12	58	2.62
bhkk	12	58	2.62
bhkk	12	58	2.62
bhkk	12	58	2.62
bhkk	12	58	2.62
bhkk	12	58	2.61667
bhkk	12	58	2.62
bhkk	12	58	2.62
bhkk	12	58	2.62
bhkk	12	58	2.61667
bhkk	12	58	2.61667
bhkk	12	58	2.62
bhkk	12	58	2.62
bhkk	12	58	2.62
bhkk	12	58	2.62
bhkk	12	58	2.62
bhkk	12	58	2.62
bhkk	12	58	2.62
bhkk	12	58	2.62
bhkk	12	58	2.62
bhkk	12	58	2.62
bhkk	12	58	2.62
bhkk	12	58	2.62
bhkk	12	58	2.62
bhkk	12	58	2.62
bhkk	12	58	2.62
bhkk	12	58	2.62
bhkk	12	58	2.61667
bhkk	12	58	2.62
bhkk	12	58	2.62
bhkk	12	58	2.61667
bhkk	12	58	2.62
bhkk	12	58	2.61667
bhkk	12	58	2.61667
bhkk	12	58	2.62
bhkk	12	58	2.61667
bhkk	12	58	2.62
bhkk	12	58	2.62
bhkk	12	58	2.62
bhkk	12	58	2.62
bhkk	12	58	2.62
bhkk	12	58	2.62
bhkk	12	58	2.62
bhkk	12	58	2.62
bhkk	12	58	2.62
bhkk	12	58	2.61667
bhkk	12	58	2.62
bhkk	12	58	2.62
bhkk	12	58	2.61667
bhkk	12	58	2.61667
bhkk	12	58	2.62
bhkk	12	58	2.62
bhkk	12	58	2.62333
bhkk	12	58	2.61667
bhkk	12	58	2.62
bhkk	12	58	2.61667
bhkk	12	58	2.62
bhkk	12	58	2.62
bhkk	12	58	2.62
bhkk	12	58	2.62
bhkk	12	58	2.62
bhkk	12	58	2.62
bhkk	12	58	2.61667
bhkk	12	58	2.61667
bhkk	12	58	2.61667
bhkk	12	58	2.62
bhkk	12	58	2.62
bhkk	12	58	2.62333
bhkk	12	58	2.62
bhkk	12	58	2.61667
bhkk	12	58	2.61667
bhkk	12	58	2.62
bhkk	12	58	2.62
bhkk	12	58	2.62
bhkk	12	58	2.62
bhkk	12	58	2.62
bhkk	12	58	2.62
bhkk	12	58	2.62
bhkk	12	58	2.61667
bhkk	12	58	2.62
bhkk	12	58	2.62
bhkk	12	58	2.62
bhkk	12	58	2.62
bhkk	12	58	2.62
bhkk	12	58	2.62
bhkk	12	58	2.61667
