bj	12	40	0.24
bj	12	40	0.243
bj	12	40	0.0767
bj	12	40	0.16
bj	12	40	0.0667
bj	12	40	0.343
bj	12	40	0.23
bj	12	40	0.09
bj	12	40	0.0967
bj	12	40	0.213
bj	12	40	0.387
bj	12	40	0.287
bj	12	40	0.357
bj	12	40	0.413
bj	12	40	0.123
bj	12	40	0.16
bj	12	40	0.2
bj	12	40	0.407
bj	12	40	0.363
bj	12	40	0.103
bj	12	40	0.297
bj	12	40	0.233
bj	12	40	0.153
bj	12	40	0.35
bj	12	40	0.283
bj	12	40	0.143
bj	12	40	0.147
bj	12	40	0.233
bj	12	40	0.163
bj	12	40	0.08
bj	12	40	0.353
bj	12	40	0.2
bj	12	40	0.29
bj	12	40	0.143
bj	12	40	0.2
bj	12	40	0.16
bj	12	40	0.25
bj	12	40	0.0967
bj	12	40	0.167
bj	12	40	0.327
bj	12	40	0.287
bj	12	40	0.26
bj	12	40	0.16
bj	12	40	0.147
bj	12	40	0.387
bj	12	40	0.203
bj	12	40	0.15
bj	12	40	0.187
bj	12	40	0.147
bj	12	40	0.323
bj	12	40	0.223
bj	12	40	0.177
bj	12	40	0.2
bj	12	40	0.0933
bj	12	40	0.15
bj	12	40	0.313
bj	12	40	0.183
bj	12	40	0.117
bj	12	40	0.12
bj	12	40	0.163
bj	12	40	0.09
bj	12	40	0.253
bj	12	40	0.177
bj	12	40	0.16
bj	12	40	0.237
bj	12	40	0.13
bj	12	40	0.1
bj	12	40	0.12
bj	12	40	0.103
bj	12	40	0.297
bj	12	40	0.103
bj	12	40	0.463
bj	12	40	0.133
bj	12	40	0.123
bj	12	40	0.203
bj	12	40	0.42
bj	12	40	0.137
bj	12	40	0.273
bj	12	40	0.277
bj	12	40	0.16
bj	12	40	0.117
bj	12	40	0.263
bj	12	40	0.09
bj	12	40	0.24
bj	12	40	0.173
bj	12	40	0.27
bj	12	40	0.0967
bj	12	40	0.363
bj	12	40	0.173
bj	12	40	0.4
bj	12	40	0.27
bj	12	40	0.123
bj	12	40	0.353
bj	12	40	0.353
bj	12	40	0.207
bj	12	40	0.0967
bj	12	40	0.17
bj	12	40	0.18
bj	12	40	0.1
bj	12	40	0.337
