bj	12	54	0.657
bj	12	54	1.48
bj	12	54	0.977
bj	12	54	0.773
bj	12	54	1.39
bj	12	54	0.5
bj	12	54	0.797
bj	12	54	1.5
bj	12	54	1.91
bj	12	54	1.37
bj	12	54	1.54
bj	12	54	0.667
bj	12	54	0.747
bj	12	54	1.4
bj	12	54	0.807
bj	12	54	1.12
bj	12	54	0.617
bj	12	54	1.47
bj	12	54	2.29
bj	12	54	0.93
bj	12	54	1.57
bj	12	54	1.42
bj	12	54	3.47
bj	12	54	1.7
bj	12	54	1.12
bj	12	54	1.19
bj	12	54	0.95
bj	12	54	1.37
bj	12	54	1.28
bj	12	54	0.983
bj	12	54	1.93
bj	12	54	1.05
bj	12	54	2.1
bj	12	54	1.86
bj	12	54	0.753
bj	12	54	1.93
bj	12	54	1.03
bj	12	54	1.22
bj	12	54	2.59
bj	12	54	1.36
bj	12	54	0.943
bj	12	54	1.7
bj	12	54	1.18
bj	12	54	3.22
bj	12	54	1.32
bj	12	54	1.87
bj	12	54	1.38
bj	12	54	1.18
bj	12	54	1.64
bj	12	54	1.37
bj	12	54	1.84
bj	12	54	2.56
bj	12	54	1.27
bj	12	54	1.8
bj	12	54	1.82
bj	12	54	0.723
bj	12	54	1.61
bj	12	54	1.57
bj	12	54	1.38
bj	12	54	2.43
bj	12	54	1.23
bj	12	54	1.97
bj	12	54	1.21
bj	12	54	2.71
bj	12	54	1.54
bj	12	54	0.62
bj	12	54	0.817
bj	12	54	0.823
bj	12	54	1.57
bj	12	54	1.34
bj	12	54	0.663
bj	12	54	1.37
bj	12	54	1.65
bj	12	54	3.2
bj	12	54	1.38
bj	12	54	0.87
bj	12	54	1.83
bj	12	54	0.663
bj	12	54	0.973
bj	12	54	1.27
bj	12	54	0.7
bj	12	54	1.62
bj	12	54	1.14
bj	12	54	0.757
bj	12	54	1.41
bj	12	54	1.04
bj	12	54	1.48
bj	12	54	0.97
bj	12	54	2.63
bj	12	54	1.4
bj	12	54	1.63
bj	12	54	0.84
bj	12	54	1.76
bj	12	54	0.527
bj	12	54	2.15
bj	12	54	4.54
bj	12	54	0.64
bj	12	54	1.18
bj	12	54	1.18
bj	12	54	0.677
