bj	12	48	0.403
bj	12	48	1.17
bj	12	48	0.68
bj	12	48	0.433
bj	12	48	0.613
bj	12	48	0.77
bj	12	48	0.577
bj	12	48	1.43
bj	12	48	1.36
bj	12	48	0.843
bj	12	48	0.267
bj	12	48	1.53
bj	12	48	0.547
bj	12	48	0.78
bj	12	48	1.08
bj	12	48	0.403
bj	12	48	0.633
bj	12	48	0.677
bj	12	48	0.777
bj	12	48	0.54
bj	12	48	1.23
bj	12	48	0.697
bj	12	48	0.643
bj	12	48	0.563
bj	12	48	0.96
bj	12	48	0.44
bj	12	48	0.537
bj	12	48	0.48
bj	12	48	0.37
bj	12	48	1.09
bj	12	48	0.577
bj	12	48	0.277
bj	12	48	0.857
bj	12	48	0.563
bj	12	48	0.833
bj	12	48	0.853
bj	12	48	2.4
bj	12	48	0.95
bj	12	48	0.473
bj	12	48	0.567
bj	12	48	0.363
bj	12	48	0.41
bj	12	48	0.453
bj	12	48	0.68
bj	12	48	0.353
bj	12	48	0.38
bj	12	48	0.71
bj	12	48	1.52
bj	12	48	0.39
bj	12	48	0.5
bj	12	48	0.573
bj	12	48	0.413
bj	12	48	0.523
bj	12	48	0.713
bj	12	48	0.597
bj	12	48	0.273
bj	12	48	0.347
bj	12	48	0.287
bj	12	48	1.72
bj	12	48	0.483
bj	12	48	0.743
bj	12	48	0.53
bj	12	48	0.487
bj	12	48	0.867
bj	12	48	0.59
bj	12	48	1.11
bj	12	48	0.78
bj	12	48	0.44
bj	12	48	0.583
bj	12	48	0.267
bj	12	48	0.643
bj	12	48	0.44
bj	12	48	0.413
bj	12	48	1.05
bj	12	48	0.903
bj	12	48	0.48
bj	12	48	0.533
bj	12	48	0.253
bj	12	48	0.16
bj	12	48	0.64
bj	12	48	1.62
bj	12	48	0.57
bj	12	48	0.503
bj	12	48	0.743
bj	12	48	0.853
bj	12	48	0.703
bj	12	48	0.74
bj	12	48	0.837
bj	12	48	0.687
bj	12	48	0.543
bj	12	48	0.31
bj	12	48	0.563
bj	12	48	0.72
bj	12	48	1.2
bj	12	48	0.693
bj	12	48	0.6
bj	12	48	0.373
bj	12	48	0.297
bj	12	48	1.25
bj	12	48	0.553
