bhkk	12	14	0.106666
bhkk	12	14	0.103333
bhkk	12	14	0.103333
bhkk	9	14	0.009999
bhkk	11	14	0.053333
bhkk	12	14	0.103333
bhkk	11	14	0.053333
bhkk	12	14	0.103333
bhkk	11	14	0.053333
bhkk	11	14	0.053333
bhkk	12	14	0.103333
bhkk	12	14	0.103333
bhkk	10	14	0.026666
bhkk	12	14	0.106666
bhkk	11	14	0.049999
bhkk	11	14	0.053333
bhkk	10	14	0.026666
bhkk	12	14	0.103333
bhkk	12	14	0.103333
bhkk	11	14	0.053333
bhkk	10	14	0.023333
bhkk	12	14	0.099999
bhkk	11	14	0.053333
bhkk	11	14	0.049999
bhkk	12	14	0.103333
bhkk	11	14	0.053333
bhkk	12	14	0.106666
bhkk	12	14	0.106666
bhkk	11	14	0.053333
bhkk	10	14	0.023333
bhkk	11	14	0.053333
bhkk	11	14	0.053333
bhkk	11	14	0.053333
bhkk	12	14	0.103333
bhkk	11	14	0.053333
bhkk	11	14	0.053333
bhkk	11	14	0.053333
bhkk	12	14	0.103333
bhkk	12	14	0.103333
bhkk	11	14	0.053333
bhkk	12	14	0.106666
bhkk	12	14	0.103333
bhkk	12	14	0.103333
bhkk	12	14	0.106666
bhkk	12	14	0.106666
bhkk	11	14	0.053333
bhkk	12	14	0.106666
bhkk	11	14	0.053333
bhkk	11	14	0.053333
bhkk	9	14	0.009999
bhkk	10	14	0.026666
bhkk	11	14	0.053333
bhkk	10	14	0.023333
bhkk	11	14	0.053333
bhkk	9	14	0.009999
bhkk	11	14	0.053333
bhkk	12	14	0.106666
bhkk	11	14	0.053333
bhkk	11	14	0.049999
bhkk	11	14	0.053333
bhkk	11	14	0.053333
bhkk	11	14	0.053333
bhkk	12	14	0.103333
bhkk	11	14	0.053333
bhkk	11	14	0.053333
bhkk	11	14	0.053333
bhkk	12	14	0.103333
bhkk	12	14	0.103333
bhkk	12	14	0.103333
bhkk	12	14	0.103333
bhkk	11	14	0.053333
bhkk	12	14	0.103333
bhkk	12	14	0.103333
bhkk	11	14	0.053333
bhkk	11	14	0.053333
bhkk	11	14	0.053333
bhkk	11	14	0.053333
bhkk	11	14	0.053333
bhkk	11	14	0.049999
bhkk	11	14	0.053333
bhkk	12	14	0.106666
bhkk	11	14	0.053333
bhkk	11	14	0.053333
bhkk	11	14	0.053333
bhkk	12	14	0.103333
bhkk	10	14	0.023333
bhkk	11	14	0.053333
bhkk	10	14	0.026666
bhkk	12	14	0.106666
bhkk	11	14	0.053333
bhkk	11	14	0.053333
bhkk	10	14	0.026666
bhkk	11	14	0.053333
bhkk	11	14	0.053333
bhkk	11	14	0.053333
bhkk	10	14	0.023333
bhkk	10	14	0.023333
bhkk	12	14	0.106666
bhkk	11	14	0.053333
bhkk	10	14	0.026666
