bj	12	60	2.53
bj	12	60	1.51
bj	12	60	1.68
bj	12	60	1.69
bj	12	60	1.2
bj	12	60	7.76
bj	12	60	2.35
bj	12	60	2.42
bj	12	60	2.35
bj	12	60	2.19
bj	12	60	1.99
bj	12	60	2.26
bj	12	60	2.07
bj	12	60	2.74
bj	12	60	1.5
bj	12	60	1.57
bj	12	60	2.3
bj	12	60	2.47
bj	12	60	3.5
bj	12	60	1.79
bj	12	60	2.62
bj	12	60	2.09
bj	12	60	1.76
bj	12	60	2.33
bj	12	60	2.17
bj	12	60	1.8
bj	12	60	2.03
bj	12	60	2.17
bj	12	60	1.6
bj	12	60	3.17
bj	12	60	1.97
bj	12	60	1.95
bj	12	60	2.07
bj	12	60	2.5
bj	12	60	1.87
bj	12	60	1.83
bj	12	60	1.57
bj	12	60	1.71
bj	12	60	2.2
bj	12	60	7.85
bj	12	60	2.14
bj	12	60	2.61
bj	12	60	1.88
bj	12	60	1.76
bj	12	60	1.71
bj	12	60	2.2
bj	12	60	3.58
bj	12	60	4.46
bj	12	60	1.74
bj	12	60	7.88
bj	12	60	2.18
bj	12	60	2.58
bj	12	60	1.7
bj	12	60	1.74
bj	12	60	1.88
bj	12	60	2.47
bj	12	60	2.5
bj	12	60	4.36
bj	12	60	1.97
bj	12	60	1.91
bj	12	60	2.46
bj	12	60	1.84
bj	12	60	4.41
bj	12	60	1.74
bj	12	60	1.95
bj	12	60	1.78
bj	12	60	2.53
bj	12	60	2.31
bj	12	60	4.46
bj	12	60	1.84
bj	12	60	4.45
bj	12	60	2.12
bj	12	60	1.66
bj	12	60	1.97
bj	12	60	2.22
bj	12	60	2.26
bj	12	60	1.74
bj	12	60	2.25
bj	12	60	2.22
bj	12	60	3.73
bj	12	60	2.45
bj	12	60	2.34
bj	12	60	1.68
bj	12	60	1.93
bj	12	60	2.3
bj	12	60	2.15
bj	12	60	2.83
bj	12	60	2.64
bj	12	60	1.68
bj	12	60	2.28
bj	12	60	1.64
bj	12	60	1.62
bj	12	60	1.55
bj	12	60	1.86
bj	12	60	1.87
bj	12	60	1.71
bj	12	60	1.69
bj	12	60	1.51
bj	12	60	4.61
bj	12	60	4.36
