bhkk	12	62	2.61667
bhkk	12	62	2.62
bhkk	12	62	2.61667
bhkk	12	62	2.61333
bhkk	12	62	2.62
bhkk	12	62	2.61667
bhkk	12	62	2.61667
bhkk	12	62	2.61667
bhkk	12	62	2.61667
bhkk	12	62	2.61667
bhkk	12	62	2.61667
bhkk	12	62	2.61667
bhkk	12	62	2.61667
bhkk	12	62	2.61667
bhkk	12	62	2.61333
bhkk	12	62	2.61667
bhkk	12	62	2.61667
bhkk	12	62	2.62
bhkk	12	62	2.61333
bhkk	12	62	2.61667
bhkk	12	62	2.61667
bhkk	12	62	2.61667
bhkk	12	62	2.61667
bhkk	12	62	2.61667
bhkk	12	62	2.62
bhkk	12	62	2.61667
bhkk	12	62	2.61667
bhkk	12	62	2.61667
bhkk	12	62	2.61667
bhkk	12	62	2.61667
bhkk	12	62	2.61667
bhkk	12	62	2.61667
bhkk	12	62	2.61667
bhkk	12	62	2.61333
bhkk	12	62	2.61667
bhkk	12	62	2.61667
bhkk	12	62	2.61667
bhkk	12	62	2.61667
bhkk	12	62	2.61667
bhkk	12	62	2.61667
bhkk	12	62	2.61667
bhkk	12	62	2.61667
bhkk	12	62	2.61667
bhkk	12	62	2.62
bhkk	12	62	2.61667
bhkk	12	62	2.61667
bhkk	12	62	2.61667
bhkk	12	62	2.61667
bhkk	12	62	2.62
bhkk	12	62	2.61667
bhkk	12	62	2.61667
bhkk	12	62	2.61667
bhkk	12	62	2.61667
bhkk	12	62	2.61667
bhkk	12	62	2.62
bhkk	12	62	2.62
bhkk	12	62	2.61667
bhkk	12	62	2.61667
bhkk	12	62	2.61667
bhkk	12	62	2.61667
bhkk	12	62	2.61333
bhkk	12	62	2.61667
bhkk	12	62	2.62
bhkk	12	62	2.61333
bhkk	12	62	2.61667
bhkk	12	62	2.61333
bhkk	12	62	2.61667
bhkk	12	62	2.61667
bhkk	12	62	2.61667
bhkk	12	62	2.62
bhkk	12	62	2.61667
bhkk	12	62	2.61667
bhkk	12	62	2.61667
bhkk	12	62	2.61667
bhkk	12	62	2.61667
bhkk	12	62	2.61667
bhkk	12	62	2.62
bhkk	12	62	2.62
bhkk	12	62	2.61667
bhkk	12	62	2.61667
bhkk	12	62	2.61667
bhkk	12	62	2.61667
bhkk	12	62	2.62
bhkk	12	62	2.61667
bhkk	12	62	2.61667
bhkk	12	62	2.62
bhkk	12	62	2.62
bhkk	12	62	2.61667
bhkk	12	62	2.61667
bhkk	12	62	2.61667
bhkk	12	62	2.61667
bhkk	12	62	2.61667
bhkk	12	62	2.61333
bhkk	12	62	2.62
bhkk	12	62	2.61667
bhkk	12	62	2.61667
bhkk	12	62	2.61667
bhkk	12	62	2.61667
bhkk	12	62	2.61667
bhkk	12	62	2.61667
