bj	12	28	0.0167
bj	12	28	0.0133
bj	12	28	0.0167
bj	12	28	0.0133
bj	12	28	0.02
bj	12	28	0.01
bj	12	28	0.01
bj	12	28	0.00667
bj	12	28	0.00667
bj	11	28	0.00333
bj	12	28	0.0133
bj	12	28	0.0167
bj	12	28	0.0133
bj	12	28	0.01
bj	12	28	0.0167
bj	12	28	0.0133
bj	12	28	0.01
bj	12	28	0.0333
bj	12	28	0.0167
bj	12	28	0.0133
bj	12	28	0.0133
bj	11	28	0.01
bj	12	28	0.02
bj	12	28	0.01
bj	12	28	0.00667
bj	12	28	0.02
bj	12	28	0.0167
bj	12	28	0.01
bj	12	28	0.0167
bj	12	28	0.02
bj	12	28	0.00667
bj	12	28	0.0167
bj	12	28	0.0133
bj	12	28	0.01
bj	12	28	0.0133
bj	12	28	0.0267
bj	12	28	0.0167
bj	12	28	0.0133
bj	12	28	0.00667
bj	12	28	0.0133
bj	12	28	0.01
bj	12	28	0.0133
bj	12	28	0.03
bj	12	28	0.01
bj	12	28	0.01
bj	12	28	0.0133
bj	12	28	0.01
bj	12	28	0.00667
bj	12	28	0.0167
bj	12	28	0.01
bj	12	28	0.00667
bj	12	28	0.0267
bj	12	28	0.0133
bj	12	28	0.0167
bj	12	28	0.0233
bj	12	28	0.02
bj	12	28	0.0133
bj	12	28	0.0233
bj	12	28	0.0167
bj	12	28	0.02
bj	12	28	0.0133
bj	12	28	0.04
bj	12	28	0.00667
bj	12	28	0.0167
bj	12	28	0.02
bj	12	28	0.0133
bj	12	28	0.00667
bj	12	28	0.0133
bj	12	28	0.0233
bj	12	28	0.01
bj	12	28	0.01
bj	12	28	0.0367
bj	12	28	0.00667
bj	12	28	0.0167
bj	12	28	0.0167
bj	12	28	0.00667
bj	12	28	0.0133
bj	12	28	0.02
bj	12	28	0.02
bj	12	28	0.01
bj	12	28	0.00667
bj	12	28	0.0167
bj	12	28	0.0133
bj	12	28	0.0133
bj	12	28	0.02
bj	12	28	0.01
bj	12	28	0.0133
bj	12	28	0.04
bj	12	28	0.01
bj	12	28	0.0133
bj	12	28	0.01
bj	12	28	0.02
bj	12	28	0.0133
bj	11	28	0.0133
bj	12	28	0.01
bj	12	28	0.0133
bj	12	28	0.0133
bj	12	28	0.0167
bj	12	28	0.01
bj	12	28	0.0167
