bhkk	12	44	1.02667
bhkk	12	44	1.00333
bhkk	12	44	1.00333
bhkk	12	44	1.00667
bhkk	12	44	1.00333
bhkk	12	44	1.00333
bhkk	12	44	1.00667
bhkk	12	44	1.00333
bhkk	12	44	1.00333
bhkk	12	44	1.00333
bhkk	12	44	1.00667
bhkk	12	44	1.00333
bhkk	12	44	1.00333
bhkk	12	44	1.00333
bhkk	12	44	1.00333
bhkk	12	44	1.00333
bhkk	12	44	1.00333
bhkk	12	44	1.00333
bhkk	12	44	1.00333
bhkk	12	44	1.00333
bhkk	12	44	1.00333
bhkk	12	44	1.00333
bhkk	12	44	1.00333
bhkk	12	44	1.00333
bhkk	12	44	1.00333
bhkk	12	44	1.00333
bhkk	12	44	1.00333
bhkk	12	44	1.00667
bhkk	12	44	1.00333
bhkk	12	44	1.00667
bhkk	12	44	1.00333
bhkk	12	44	1.00333
bhkk	12	44	1.00333
bhkk	12	44	1.00333
bhkk	12	44	1.00667
bhkk	12	44	1.00333
bhkk	12	44	1.00333
bhkk	12	44	1.00333
bhkk	12	44	1.00667
bhkk	12	44	1.00667
bhkk	12	44	1.00333
bhkk	12	44	1.00333
bhkk	12	44	1.00333
bhkk	12	44	1.00333
bhkk	12	44	1.00667
bhkk	12	44	1.00333
bhkk	12	44	1.00667
bhkk	12	44	1.00667
bhkk	12	44	1.00333
bhkk	12	44	1.00333
bhkk	12	44	1.00333
bhkk	12	44	1.00333
bhkk	12	44	1.00333
bhkk	12	44	1.00667
bhkk	12	44	1.00333
bhkk	12	44	1.00333
bhkk	12	44	1.00333
bhkk	12	44	1.00667
bhkk	12	44	1.00333
bhkk	12	44	1.00667
bhkk	12	44	1.00333
bhkk	12	44	1.00333
bhkk	12	44	0.996666
bhkk	12	44	1.00333
bhkk	12	44	1.00333
bhkk	12	44	1.00333
bhkk	12	44	1.00333
bhkk	12	44	1.00333
bhkk	12	44	1.00333
bhkk	12	44	1.00333
bhkk	12	44	1.00333
bhkk	12	44	1.00333
bhkk	12	44	1.00333
bhkk	12	44	1.00333
bhkk	12	44	1.00333
bhkk	12	44	0.999999
bhkk	12	44	1.00333
bhkk	12	44	1.00333
bhkk	12	44	1.00333
bhkk	12	44	1.00333
bhkk	12	44	1.00333
bhkk	12	44	1.00333
bhkk	12	44	1.00667
bhkk	12	44	1.00667
bhkk	12	44	1.00667
bhkk	12	44	1.00333
bhkk	12	44	1.00333
bhkk	12	44	1.00333
bhkk	12	44	1.00333
bhkk	12	44	1.00333
bhkk	12	44	1.00333
bhkk	12	44	1.00333
bhkk	12	44	1.00667
bhkk	12	44	1.00333
bhkk	12	44	0.999999
bhkk	12	44	1.00333
bhkk	12	44	1.00333
bhkk	12	44	1.00333
bhkk	12	44	1.00333
bhkk	12	44	1.00667
