bj	11	12	0
bj	12	12	0
bj	11	12	0
bj	10	12	0
bj	11	12	0
bj	12	12	0
bj	11	12	0
bj	11	12	0
bj	12	12	0
bj	11	12	0
bj	12	12	0
bj	11	12	0
bj	10	12	0
bj	11	12	0
bj	10	12	0
bj	10	12	0
bj	9	12	0
bj	11	12	0
bj	12	12	0
bj	11	12	0
bj	12	12	0
bj	10	12	0
bj	10	12	0
bj	11	12	0
bj	11	12	0
bj	11	12	0
bj	12	12	0
bj	10	12	0
bj	12	12	0
bj	12	12	0
bj	11	12	0
bj	10	12	0
bj	11	12	0
bj	12	12	0
bj	11	12	0
bj	10	12	0
bj	11	12	0
bj	11	12	0
bj	11	12	0
bj	11	12	0
bj	10	12	0
bj	11	12	0
bj	11	12	0
bj	11	12	0
bj	12	12	0
bj	11	12	0
bj	12	12	0
bj	11	12	0
bj	12	12	0
bj	12	12	0
bj	11	12	0
bj	10	12	0
bj	10	12	0
bj	10	12	0
bj	10	12	0
bj	11	12	0
bj	10	12	0
bj	11	12	0
bj	11	12	0
bj	11	12	0
bj	12	12	0
bj	11	12	0
bj	10	12	0
bj	11	12	0
bj	10	12	0
bj	11	12	0
bj	10	12	0
bj	11	12	0
bj	10	12	0
bj	10	12	0
bj	11	12	0
bj	11	12	0
bj	10	12	0
bj	11	12	0
bj	11	12	0
bj	11	12	0
bj	11	12	0
bj	12	12	0
bj	11	12	0
bj	12	12	0
bj	11	12	0
bj	11	12	0
bj	11	12	0
bj	12	12	0
bj	11	12	0
bj	11	12	0
bj	11	12	0
bj	12	12	0
bj	11	12	0
bj	11	12	0
bj	12	12	0
bj	10	12	0
bj	11	12	0
bj	11	12	0
bj	11	12	0
bj	10	12	0
bj	11	12	0
bj	11	12	0
bj	9	12	0
bj	12	12	0
