bhkk	11	12	0.033333
bhkk	12	12	0.053333
bhkk	11	12	0.033333
bhkk	10	12	0.016666
bhkk	11	12	0.033333
bhkk	12	12	0.053333
bhkk	11	12	0.029999
bhkk	11	12	0.029999
bhkk	12	12	0.053333
bhkk	11	12	0.033333
bhkk	12	12	0.056666
bhkk	11	12	0.033333
bhkk	10	12	0.016666
bhkk	11	12	0.029999
bhkk	10	12	0.016666
bhkk	10	12	0.016666
bhkk	9	12	0.006666
bhkk	11	12	0.029999
bhkk	12	12	0.053333
bhkk	11	12	0.029999
bhkk	12	12	0.053333
bhkk	10	12	0.016666
bhkk	10	12	0.016666
bhkk	11	12	0.029999
bhkk	11	12	0.033333
bhkk	11	12	0.029999
bhkk	12	12	0.053333
bhkk	10	12	0.016666
bhkk	12	12	0.053333
bhkk	12	12	0.053333
bhkk	11	12	0.033333
bhkk	10	12	0.016666
bhkk	11	12	0.033333
bhkk	12	12	0.053333
bhkk	11	12	0.033333
bhkk	10	12	0.016666
bhkk	11	12	0.033333
bhkk	11	12	0.033333
bhkk	11	12	0.033333
bhkk	11	12	0.033333
bhkk	10	12	0.016666
bhkk	11	12	0.033333
bhkk	11	12	0.029999
bhkk	11	12	0.029999
bhkk	12	12	0.053333
bhkk	11	12	0.033333
bhkk	12	12	0.053333
bhkk	11	12	0.033333
bhkk	12	12	0.053333
bhkk	12	12	0.053333
bhkk	11	12	0.033333
bhkk	10	12	0.016666
bhkk	10	12	0.016666
bhkk	10	12	0.016666
bhkk	10	12	0.016666
bhkk	11	12	0.033333
bhkk	10	12	0.016666
bhkk	11	12	0.033333
bhkk	11	12	0.033333
bhkk	11	12	0.033333
bhkk	12	12	0.053333
bhkk	11	12	0.033333
bhkk	10	12	0.016666
bhkk	11	12	0.033333
bhkk	10	12	0.016666
bhkk	11	12	0.033333
bhkk	10	12	0.016666
bhkk	11	12	0.033333
bhkk	10	12	0.016666
bhkk	10	12	0.016666
bhkk	11	12	0.033333
bhkk	11	12	0.033333
bhkk	10	12	0.016666
bhkk	11	12	0.033333
bhkk	11	12	0.029999
bhkk	11	12	0.033333
bhkk	11	12	0.033333
bhkk	12	12	0.053333
bhkk	11	12	0.033333
bhkk	12	12	0.053333
bhkk	11	12	0.033333
bhkk	11	12	0.033333
bhkk	11	12	0.029999
bhkk	12	12	0.053333
bhkk	11	12	0.033333
bhkk	11	12	0.033333
bhkk	11	12	0.033333
bhkk	12	12	0.053333
bhkk	11	12	0.029999
bhkk	11	12	0.033333
bhkk	12	12	0.053333
bhkk	10	12	0.016666
bhkk	11	12	0.033333
bhkk	11	12	0.029999
bhkk	11	12	0.033333
bhkk	10	12	0.016666
bhkk	11	12	0.033333
bhkk	11	12	0.033333
bhkk	9	12	0.006666
bhkk	12	12	0.053333
