bj	12	36	0.0833
bj	12	36	0.05
bj	12	36	0.0533
bj	12	36	0.0533
bj	12	36	0.117
bj	12	36	0.0733
bj	12	36	0.0733
bj	12	36	0.0467
bj	12	36	0.0867
bj	12	36	0.0633
bj	12	36	0.0433
bj	12	36	0.0533
bj	12	36	0.0933
bj	12	36	0.08
bj	12	36	0.117
bj	12	36	0.0933
bj	12	36	0.0567
bj	12	36	0.0467
bj	12	36	0.16
bj	12	36	0.14
bj	12	36	0.127
bj	12	36	0.0833
bj	12	36	0.0533
bj	12	36	0.0367
bj	12	36	0.153
bj	12	36	0.0533
bj	12	36	0.0633
bj	12	36	0.113
bj	12	36	0.0733
bj	12	36	0.12
bj	12	36	0.0533
bj	12	36	0.13
bj	12	36	0.0367
bj	12	36	0.0733
bj	12	36	0.03
bj	12	36	0.0333
bj	12	36	0.0933
bj	12	36	0.0933
bj	12	36	0.14
bj	12	36	0.0933
bj	12	36	0.0833
bj	12	36	0.0767
bj	12	36	0.12
bj	12	36	0.0867
bj	12	36	0.147
bj	12	36	0.0867
bj	12	36	0.0367
bj	12	36	0.0833
bj	12	36	0.113
bj	12	36	0.09
bj	12	36	0.123
bj	12	36	0.0767
bj	12	36	0.0667
bj	12	36	0.0533
bj	12	36	0.0633
bj	12	36	0.09
bj	12	36	0.0833
bj	12	36	0.0233
bj	12	36	0.05
bj	12	36	0.103
bj	12	36	0.04
bj	12	36	0.06
bj	12	36	0.113
bj	12	36	0.107
bj	12	36	0.07
bj	12	36	0.0233
bj	12	36	0.07
bj	12	36	0.193
bj	12	36	0.0733
bj	12	36	0.07
bj	12	36	0.0433
bj	12	36	0.0533
bj	12	36	0.0367
bj	12	36	0.15
bj	12	36	0.06
bj	12	36	0.07
bj	12	36	0.18
bj	12	36	0.0667
bj	12	36	0.06
bj	12	36	0.0667
bj	12	36	0.0733
bj	12	36	0.08
bj	12	36	0.0433
bj	12	36	0.0667
bj	12	36	0.153
bj	12	36	0.0533
bj	12	36	0.09
bj	12	36	0.11
bj	12	36	0.06
bj	12	36	0.0433
bj	12	36	0.107
bj	12	36	0.147
bj	12	36	0.07
bj	12	36	0.0267
bj	12	36	0.0633
bj	12	36	0.0633
bj	12	36	0.0567
bj	12	36	0.0633
bj	12	36	0.0533
bj	12	36	0.0833
