bj	12	44	0.223
bj	12	44	1.05
bj	12	44	0.333
bj	12	44	0.41
bj	12	44	0.233
bj	12	44	0.3
bj	12	44	0.343
bj	12	44	0.557
bj	12	44	0.393
bj	12	44	0.2
bj	12	44	0.233
bj	12	44	0.31
bj	12	44	0.21
bj	12	44	0.217
bj	12	44	0.123
bj	12	44	0.177
bj	12	44	0.893
bj	12	44	0.323
bj	12	44	0.3
bj	12	44	0.413
bj	12	44	0.333
bj	12	44	0.39
bj	12	44	0.233
bj	12	44	0.207
bj	12	44	0.3
bj	12	44	0.443
bj	12	44	0.117
bj	12	44	0.2
bj	12	44	0.277
bj	12	44	0.157
bj	12	44	0.47
bj	12	44	0.26
bj	12	44	0.283
bj	12	44	0.277
bj	12	44	0.377
bj	12	44	0.337
bj	12	44	0.24
bj	12	44	0.397
bj	12	44	0.143
bj	12	44	0.26
bj	12	44	0.343
bj	12	44	0.18
bj	12	44	0.903
bj	12	44	0.187
bj	12	44	0.383
bj	12	44	0.457
bj	12	44	0.35
bj	12	44	0.67
bj	12	44	0.17
bj	12	44	0.277
bj	12	44	0.297
bj	12	44	0.193
bj	12	44	0.523
bj	12	44	0.343
bj	12	44	0.273
bj	12	44	0.577
bj	12	44	0.573
bj	12	44	0.473
bj	12	44	0.27
bj	12	44	0.29
bj	12	44	0.21
bj	12	44	0.323
bj	12	44	0.19
bj	12	44	0.27
bj	12	44	1.21
bj	12	44	0.353
bj	12	44	0.297
bj	12	44	0.273
bj	12	44	0.21
bj	12	44	0.287
bj	12	44	0.34
bj	12	44	0.223
bj	12	44	0.763
bj	12	44	0.573
bj	12	44	0.303
bj	12	44	0.377
bj	12	44	0.603
bj	12	44	0.29
bj	12	44	0.313
bj	12	44	0.807
bj	12	44	0.293
bj	12	44	0.277
bj	12	44	0.217
bj	12	44	0.353
bj	12	44	0.37
bj	12	44	0.24
bj	12	44	0.557
bj	12	44	0.363
bj	12	44	0.2
bj	12	44	0.48
bj	12	44	0.373
bj	12	44	0.37
bj	12	44	0.17
bj	12	44	0.29
bj	12	44	0.287
bj	12	44	0.45
bj	12	44	0.297
bj	12	44	0.34
bj	12	44	0.99
bj	12	44	0.32
