bj	12	42	0.353
bj	12	42	0.43
bj	12	42	0.453
bj	12	42	0.13
bj	12	42	0.177
bj	12	42	0.477
bj	12	42	0.557
bj	12	42	0.2
bj	12	42	0.13
bj	12	42	0.36
bj	12	42	0.293
bj	12	42	0.173
bj	12	42	0.147
bj	12	42	0.29
bj	12	42	0.213
bj	12	42	0.16
bj	12	42	0.263
bj	12	42	0.167
bj	12	42	0.12
bj	12	42	0.74
bj	12	42	0.207
bj	12	42	0.343
bj	12	42	0.383
bj	12	42	0.223
bj	12	42	0.287
bj	12	42	0.377
bj	12	42	0.18
bj	12	42	0.14
bj	12	42	0.173
bj	12	42	0.217
bj	12	42	0.24
bj	12	42	0.563
bj	12	42	0.327
bj	12	42	0.59
bj	12	42	0.22
bj	12	42	0.23
bj	12	42	0.467
bj	12	42	0.0767
bj	12	42	0.14
bj	12	42	0.843
bj	12	42	0.227
bj	12	42	0.19
bj	12	42	0.0833
bj	12	42	0.397
bj	12	42	0.47
bj	12	42	0.333
bj	12	42	0.427
bj	12	42	0.283
bj	12	42	0.33
bj	12	42	0.197
bj	12	42	0.09
bj	12	42	0.423
bj	12	42	0.313
bj	12	42	0.25
bj	12	42	0.563
bj	12	42	0.123
bj	12	42	0.577
bj	12	42	0.27
bj	12	42	0.19
bj	12	42	0.0933
bj	12	42	0.213
bj	12	42	0.11
bj	12	42	0.103
bj	12	42	0.253
bj	12	42	0.167
bj	12	42	0.41
bj	12	42	0.137
bj	12	42	0.39
bj	12	42	0.227
bj	12	42	0.62
bj	12	42	0.177
bj	12	42	0.163
bj	12	42	0.233
bj	12	42	0.0933
bj	12	42	0.263
bj	12	42	0.253
bj	12	42	0.25
bj	12	42	0.347
bj	12	42	0.413
bj	12	42	0.177
bj	12	42	0.323
bj	12	42	0.177
bj	12	42	0.0967
bj	12	42	0.3
bj	12	42	0.257
bj	12	42	0.13
bj	12	42	0.253
bj	12	42	0.17
bj	12	42	0.223
bj	12	42	0.3
bj	12	42	0.427
bj	12	42	0.227
bj	12	42	0.343
bj	12	42	0.203
bj	12	42	0.343
bj	12	42	0.353
bj	12	42	0.17
bj	12	42	0.297
bj	12	42	0.197
bj	12	42	0.327
