bhkk	12	42	0.809999
bhkk	12	42	0.809999
bhkk	12	42	0.809999
bhkk	12	42	0.809999
bhkk	12	42	0.809999
bhkk	12	42	0.809999
bhkk	12	42	0.809999
bhkk	12	42	0.806666
bhkk	12	42	0.809999
bhkk	12	42	0.809999
bhkk	12	42	0.809999
bhkk	12	42	0.809999
bhkk	12	42	0.809999
bhkk	12	42	0.806666
bhkk	12	42	0.809999
bhkk	12	42	0.809999
bhkk	12	42	0.809999
bhkk	12	42	0.809999
bhkk	12	42	0.809999
bhkk	12	42	0.809999
bhkk	12	42	0.809999
bhkk	12	42	0.809999
bhkk	12	42	0.809999
bhkk	12	42	0.809999
bhkk	12	42	0.806666
bhkk	12	42	0.809999
bhkk	12	42	0.809999
bhkk	12	42	0.809999
bhkk	12	42	0.809999
bhkk	12	42	0.809999
bhkk	12	42	0.809999
bhkk	12	42	0.809999
bhkk	12	42	0.809999
bhkk	12	42	0.809999
bhkk	12	42	0.806666
bhkk	12	42	0.809999
bhkk	12	42	0.806666
bhkk	12	42	0.809999
bhkk	12	42	0.809999
bhkk	12	42	0.809999
bhkk	12	42	0.809999
bhkk	12	42	0.809999
bhkk	12	42	0.809999
bhkk	12	42	0.809999
bhkk	12	42	0.809999
bhkk	12	42	0.806666
bhkk	12	42	0.809999
bhkk	12	42	0.809999
bhkk	12	42	0.809999
bhkk	12	42	0.809999
bhkk	12	42	0.809999
bhkk	12	42	0.809999
bhkk	12	42	0.806666
bhkk	12	42	0.809999
bhkk	12	42	0.809999
bhkk	12	42	0.809999
bhkk	12	42	0.809999
bhkk	12	42	0.823333
bhkk	12	42	0.809999
bhkk	12	42	0.809999
bhkk	12	42	0.809999
bhkk	12	42	0.809999
bhkk	12	42	0.809999
bhkk	12	42	0.809999
bhkk	12	42	0.809999
bhkk	12	42	0.809999
bhkk	12	42	0.809999
bhkk	12	42	0.809999
bhkk	12	42	0.809999
bhkk	12	42	0.809999
bhkk	12	42	0.809999
bhkk	12	42	0.813333
bhkk	12	42	0.809999
bhkk	12	42	0.809999
bhkk	12	42	0.809999
bhkk	12	42	0.809999
bhkk	12	42	0.813333
bhkk	12	42	0.809999
bhkk	12	42	0.809999
bhkk	12	42	0.806666
bhkk	12	42	0.809999
bhkk	12	42	0.809999
bhkk	12	42	0.809999
bhkk	12	42	0.809999
bhkk	12	42	0.809999
bhkk	12	42	0.809999
bhkk	12	42	0.809999
bhkk	12	42	0.809999
bhkk	12	42	0.809999
bhkk	12	42	0.809999
bhkk	12	42	0.809999
bhkk	12	42	0.806666
bhkk	12	42	0.806666
bhkk	12	42	0.809999
bhkk	12	42	0.809999
bhkk	12	42	0.809999
bhkk	12	42	0.809999
bhkk	12	42	0.809999
bhkk	12	42	0.809999
bhkk	12	42	0.809999
