bhkk	12	46	0.986666
bhkk	12	46	0.986666
bhkk	12	46	0.986666
bhkk	12	46	0.983333
bhkk	12	46	0.986666
bhkk	12	46	0.983333
bhkk	12	46	0.986666
bhkk	12	46	0.986666
bhkk	12	46	0.986666
bhkk	12	46	0.979999
bhkk	12	46	0.986666
bhkk	12	46	0.986666
bhkk	12	46	0.986666
bhkk	12	46	0.986666
bhkk	12	46	0.986666
bhkk	12	46	0.986666
bhkk	12	46	0.983333
bhkk	12	46	0.986666
bhkk	12	46	0.986666
bhkk	12	46	0.986666
bhkk	12	46	0.983333
bhkk	12	46	0.986666
bhkk	12	46	0.986666
bhkk	12	46	0.986666
bhkk	12	46	0.986666
bhkk	12	46	0.986666
bhkk	12	46	0.983333
bhkk	12	46	0.986666
bhkk	12	46	0.986666
bhkk	12	46	0.986666
bhkk	12	46	0.986666
bhkk	12	46	0.983333
bhkk	12	46	0.986666
bhkk	12	46	0.986666
bhkk	12	46	0.983333
bhkk	12	46	0.986666
bhkk	12	46	0.986666
bhkk	12	46	0.986666
bhkk	12	46	0.986666
bhkk	12	46	0.983333
bhkk	12	46	0.983333
bhkk	12	46	0.986666
bhkk	12	46	0.986666
bhkk	12	46	0.986666
bhkk	12	46	0.979999
bhkk	12	46	0.986666
bhkk	12	46	0.986666
bhkk	12	46	0.983333
bhkk	12	46	0.986666
bhkk	12	46	0.986666
bhkk	12	46	0.983333
bhkk	12	46	0.983333
bhkk	12	46	0.986666
bhkk	12	46	0.986666
bhkk	12	46	0.986666
bhkk	12	46	0.986666
bhkk	12	46	0.983333
bhkk	12	46	0.986666
bhkk	12	46	0.986666
bhkk	12	46	0.986666
bhkk	12	46	0.983333
bhkk	12	46	0.983333
bhkk	12	46	0.986666
bhkk	12	46	0.986666
bhkk	12	46	0.986666
bhkk	12	46	0.983333
bhkk	12	46	0.983333
bhkk	12	46	0.983333
bhkk	12	46	0.986666
bhkk	12	46	0.986666
bhkk	12	46	0.986666
bhkk	12	46	0.983333
bhkk	12	46	0.986666
bhkk	12	46	0.983333
bhkk	12	46	0.986666
bhkk	12	46	0.986666
bhkk	12	46	0.983333
bhkk	12	46	0.983333
bhkk	12	46	0.986666
bhkk	12	46	0.986666
bhkk	12	46	0.983333
bhkk	12	46	0.983333
bhkk	12	46	0.986666
bhkk	12	46	0.986666
bhkk	12	46	0.983333
bhkk	12	46	0.986666
bhkk	12	46	0.986666
bhkk	12	46	0.986666
bhkk	12	46	0.983333
bhkk	12	46	0.986666
bhkk	12	46	0.986666
bhkk	12	46	0.986666
bhkk	12	46	0.983333
bhkk	12	46	0.983333
bhkk	12	46	0.983333
bhkk	12	46	0.986666
bhkk	12	46	0.986666
bhkk	12	46	0.986666
bhkk	12	46	0.986666
bhkk	12	46	0.986666
