bhkk	12	26	0.409999
bhkk	12	26	0.409999
bhkk	12	26	0.409999
bhkk	12	26	0.409999
bhkk	12	26	0.409999
bhkk	12	26	0.409999
bhkk	12	26	0.409999
bhkk	12	26	0.406666
bhkk	12	26	0.409999
bhkk	12	26	0.409999
bhkk	12	26	0.409999
bhkk	12	26	0.409999
bhkk	12	26	0.409999
bhkk	12	26	0.409999
bhkk	12	26	0.409999
bhkk	12	26	0.406666
bhkk	12	26	0.409999
bhkk	12	26	0.409999
bhkk	12	26	0.406666
bhkk	12	26	0.409999
bhkk	12	26	0.406666
bhkk	12	26	0.409999
bhkk	11	26	0.173333
bhkk	12	26	0.409999
bhkk	12	26	0.409999
bhkk	12	26	0.409999
bhkk	12	26	0.409999
bhkk	12	26	0.409999
bhkk	12	26	0.409999
bhkk	12	26	0.409999
bhkk	12	26	0.406666
bhkk	12	26	0.409999
bhkk	12	26	0.409999
bhkk	12	26	0.409999
bhkk	12	26	0.406666
bhkk	12	26	0.409999
bhkk	12	26	0.409999
bhkk	12	26	0.409999
bhkk	12	26	0.406666
bhkk	12	26	0.409999
bhkk	12	26	0.406666
bhkk	12	26	0.409999
bhkk	12	26	0.409999
bhkk	12	26	0.409999
bhkk	12	26	0.409999
bhkk	12	26	0.406666
bhkk	12	26	0.406666
bhkk	12	26	0.409999
bhkk	12	26	0.409999
bhkk	12	26	0.409999
bhkk	12	26	0.409999
bhkk	12	26	0.409999
bhkk	12	26	0.406666
bhkk	12	26	0.409999
bhkk	12	26	0.409999
bhkk	12	26	0.409999
bhkk	12	26	0.409999
bhkk	12	26	0.409999
bhkk	12	26	0.409999
bhkk	12	26	0.409999
bhkk	12	26	0.406666
bhkk	12	26	0.406666
bhkk	12	26	0.409999
bhkk	12	26	0.409999
bhkk	12	26	0.409999
bhkk	12	26	0.409999
bhkk	12	26	0.409999
bhkk	12	26	0.409999
bhkk	12	26	0.406666
bhkk	12	26	0.406666
bhkk	12	26	0.416666
bhkk	12	26	0.409999
bhkk	12	26	0.409999
bhkk	12	26	0.406666
bhkk	12	26	0.409999
bhkk	12	26	0.409999
bhkk	11	26	0.173333
bhkk	12	26	0.409999
bhkk	11	26	0.173333
bhkk	12	26	0.409999
bhkk	12	26	0.406666
bhkk	12	26	0.409999
bhkk	12	26	0.409999
bhkk	12	26	0.409999
bhkk	12	26	0.409999
bhkk	12	26	0.406666
bhkk	11	26	0.173333
bhkk	12	26	0.406666
bhkk	12	26	0.403333
bhkk	12	26	0.409999
bhkk	12	26	0.409999
bhkk	12	26	0.406666
bhkk	12	26	0.409999
bhkk	12	26	0.409999
bhkk	12	26	0.409999
bhkk	12	26	0.409999
bhkk	12	26	0.406666
bhkk	12	26	0.409999
bhkk	12	26	0.406666
bhkk	12	26	0.409999
