bj	12	46	0.2
bj	12	46	0.457
bj	12	46	0.563
bj	12	46	0.41
bj	12	46	0.28
bj	12	46	0.167
bj	12	46	0.57
bj	12	46	0.883
bj	12	46	0.353
bj	12	46	0.263
bj	12	46	0.517
bj	12	46	0.423
bj	12	46	0.377
bj	12	46	0.89
bj	12	46	0.343
bj	12	46	0.233
bj	12	46	0.327
bj	12	46	0.787
bj	12	46	0.253
bj	12	46	0.197
bj	12	46	0.22
bj	12	46	0.21
bj	12	46	0.357
bj	12	46	0.343
bj	12	46	0.28
bj	12	46	0.437
bj	12	46	0.32
bj	12	46	0.267
bj	12	46	0.98
bj	12	46	0.233
bj	12	46	0.167
bj	12	46	0.393
bj	12	46	0.42
bj	12	46	0.157
bj	12	46	0.183
bj	12	46	0.727
bj	12	46	0.393
bj	12	46	0.23
bj	12	46	0.5
bj	12	46	0.45
bj	12	46	0.317
bj	12	46	0.26
bj	12	46	0.443
bj	12	46	0.237
bj	12	46	0.583
bj	12	46	0.55
bj	12	46	0.5
bj	12	46	0.313
bj	12	46	0.437
bj	12	46	0.4
bj	12	46	1.15
bj	12	46	1
bj	12	46	0.327
bj	12	46	0.29
bj	12	46	0.353
bj	12	46	0.333
bj	12	46	0.357
bj	12	46	0.453
bj	12	46	0.283
bj	12	46	0.297
bj	12	46	0.51
bj	12	46	0.393
bj	12	46	0.54
bj	12	46	1.67
bj	12	46	0.717
bj	12	46	0.277
bj	12	46	0.227
bj	12	46	0.83
bj	12	46	0.303
bj	12	46	0.543
bj	12	46	0.417
bj	12	46	0.48
bj	12	46	0.55
bj	12	46	0.4
bj	12	46	1.46
bj	12	46	0.357
bj	12	46	0.603
bj	12	46	0.327
bj	12	46	0.453
bj	12	46	0.923
bj	12	46	0.263
bj	12	46	0.227
bj	12	46	0.917
bj	12	46	0.497
bj	12	46	0.28
bj	12	46	0.673
bj	12	46	0.13
bj	12	46	0.633
bj	12	46	0.207
bj	12	46	0.29
bj	12	46	0.51
bj	12	46	0.73
bj	12	46	0.43
bj	12	46	0.663
bj	12	46	0.71
bj	12	46	0.83
bj	12	46	0.497
bj	12	46	0.69
bj	12	46	0.197
bj	12	46	0.117
