bhkk	12	36	0.659999
bhkk	12	36	0.659999
bhkk	12	36	0.659999
bhkk	12	36	0.659999
bhkk	12	36	0.659999
bhkk	12	36	0.659999
bhkk	12	36	0.659999
bhkk	12	36	0.659999
bhkk	12	36	0.659999
bhkk	12	36	0.659999
bhkk	12	36	0.659999
bhkk	12	36	0.659999
bhkk	12	36	0.659999
bhkk	12	36	0.659999
bhkk	12	36	0.659999
bhkk	12	36	0.659999
bhkk	12	36	0.659999
bhkk	12	36	0.656666
bhkk	12	36	0.659999
bhkk	12	36	0.659999
bhkk	12	36	0.659999
bhkk	12	36	0.656666
bhkk	12	36	0.656666
bhkk	12	36	0.659999
bhkk	12	36	0.659999
bhkk	12	36	0.659999
bhkk	12	36	0.659999
bhkk	12	36	0.659999
bhkk	12	36	0.659999
bhkk	12	36	0.656666
bhkk	12	36	0.659999
bhkk	12	36	0.659999
bhkk	12	36	0.659999
bhkk	12	36	0.659999
bhkk	12	36	0.656666
bhkk	12	36	0.659999
bhkk	12	36	0.659999
bhkk	12	36	0.659999
bhkk	12	36	0.659999
bhkk	12	36	0.659999
bhkk	12	36	0.659999
bhkk	12	36	0.659999
bhkk	12	36	0.659999
bhkk	12	36	0.659999
bhkk	12	36	0.659999
bhkk	12	36	0.659999
bhkk	12	36	0.659999
bhkk	12	36	0.659999
bhkk	12	36	0.659999
bhkk	12	36	0.659999
bhkk	12	36	0.659999
bhkk	12	36	0.659999
bhkk	12	36	0.659999
bhkk	12	36	0.659999
bhkk	12	36	0.659999
bhkk	12	36	0.659999
bhkk	12	36	0.659999
bhkk	12	36	0.659999
bhkk	12	36	0.659999
bhkk	12	36	0.659999
bhkk	12	36	0.659999
bhkk	12	36	0.659999
bhkk	12	36	0.659999
bhkk	12	36	0.659999
bhkk	12	36	0.659999
bhkk	12	36	0.663333
bhkk	12	36	0.659999
bhkk	12	36	0.659999
bhkk	12	36	0.656666
bhkk	12	36	0.656666
bhkk	12	36	0.659999
bhkk	12	36	0.659999
bhkk	12	36	0.659999
bhkk	12	36	0.663333
bhkk	12	36	0.659999
bhkk	12	36	0.659999
bhkk	12	36	0.659999
bhkk	12	36	0.659999
bhkk	12	36	0.659999
bhkk	12	36	0.659999
bhkk	12	36	0.656666
bhkk	12	36	0.659999
bhkk	12	36	0.659999
bhkk	12	36	0.659999
bhkk	12	36	0.659999
bhkk	12	36	0.659999
bhkk	12	36	0.659999
bhkk	12	36	0.656666
bhkk	12	36	0.659999
bhkk	12	36	0.659999
bhkk	12	36	0.659999
bhkk	12	36	0.659999
bhkk	12	36	0.659999
bhkk	12	36	0.659999
bhkk	12	36	0.656666
bhkk	12	36	0.659999
bhkk	12	36	0.659999
bhkk	12	36	0.659999
bhkk	12	36	0.659999
bhkk	12	36	0.663333
