bhkk	12	54	2.22
bhkk	12	54	2.21667
bhkk	12	54	2.21667
bhkk	12	54	2.21667
bhkk	12	54	2.21667
bhkk	12	54	2.22
bhkk	12	54	2.21667
bhkk	12	54	2.22
bhkk	12	54	2.21667
bhkk	12	54	2.21333
bhkk	12	54	2.22
bhkk	12	54	2.21333
bhkk	12	54	2.21667
bhkk	12	54	2.21667
bhkk	12	54	2.21333
bhkk	12	54	2.21667
bhkk	12	54	2.21667
bhkk	12	54	2.21667
bhkk	12	54	2.21667
bhkk	12	54	2.21667
bhkk	12	54	2.21333
bhkk	12	54	2.22
bhkk	12	54	2.21667
bhkk	12	54	2.21667
bhkk	12	54	2.21333
bhkk	12	54	2.22
bhkk	12	54	2.21667
bhkk	12	54	2.21667
bhkk	12	54	2.21667
bhkk	12	54	2.21667
bhkk	12	54	2.21667
bhkk	12	54	2.21667
bhkk	12	54	2.21667
bhkk	12	54	2.21667
bhkk	12	54	2.21667
bhkk	12	54	2.21667
bhkk	12	54	2.21667
bhkk	12	54	2.21667
bhkk	12	54	2.21333
bhkk	12	54	2.21333
bhkk	12	54	2.21667
bhkk	12	54	2.21333
bhkk	12	54	2.21667
bhkk	12	54	2.21667
bhkk	12	54	2.21667
bhkk	12	54	2.21667
bhkk	12	54	2.21667
bhkk	12	54	2.21667
bhkk	12	54	2.21667
bhkk	12	54	2.21667
bhkk	12	54	2.21667
bhkk	12	54	2.21667
bhkk	12	54	2.21667
bhkk	12	54	2.21667
bhkk	12	54	2.21667
bhkk	12	54	2.21667
bhkk	12	54	2.21333
bhkk	12	54	2.21667
bhkk	12	54	2.21667
bhkk	12	54	2.21667
bhkk	12	54	2.22
bhkk	12	54	2.21667
bhkk	12	54	2.21667
bhkk	12	54	2.21667
bhkk	12	54	2.21667
bhkk	12	54	2.21333
bhkk	12	54	2.22
bhkk	12	54	2.21667
bhkk	12	54	2.21667
bhkk	12	54	2.21667
bhkk	12	54	2.21667
bhkk	12	54	2.21667
bhkk	12	54	2.21667
bhkk	12	54	2.22
bhkk	12	54	2.21667
bhkk	12	54	2.21667
bhkk	12	54	2.21667
bhkk	12	54	2.21667
bhkk	12	54	2.21667
bhkk	12	54	2.22
bhkk	12	54	2.21667
bhkk	12	54	2.21667
bhkk	12	54	2.21667
bhkk	12	54	2.21667
bhkk	12	54	2.21667
bhkk	12	54	2.22
bhkk	12	54	2.22
bhkk	12	54	2.21667
bhkk	12	54	2.21667
bhkk	12	54	2.21333
bhkk	12	54	2.21667
bhkk	12	54	2.21667
bhkk	12	54	2.21667
bhkk	12	54	2.21667
bhkk	12	54	2.21667
bhkk	12	54	2.21667
bhkk	12	54	2.21667
bhkk	12	54	2.22
bhkk	12	54	2.21667
bhkk	12	54	2.21667
