bhkk	16	112	173.593
bhkk	16	112	173.56
bhkk	16	112	173.51
bhkk	16	112	173.627
bhkk	16	112	173.53
bhkk	16	112	173.507
bhkk	16	112	173.58
bhkk	16	112	173.547
bhkk	16	112	173.56
bhkk	16	112	173.563
bhkk	16	112	173.573
bhkk	16	112	173.533
bhkk	16	112	173.543
bhkk	16	112	173.52
bhkk	16	112	173.557
bhkk	16	112	173.563
bhkk	16	112	173.563
bhkk	16	112	173.573
bhkk	16	112	173.59
bhkk	16	112	173.567
bhkk	16	112	173.57
bhkk	16	112	173.64
bhkk	16	112	173.563
bhkk	16	112	173.73
bhkk	16	112	173.553
bhkk	16	112	173.543
bhkk	16	112	173.597
bhkk	16	112	173.54
bhkk	16	112	173.597
bhkk	16	112	173.587
bhkk	16	112	173.58
bhkk	16	112	173.597
bhkk	16	112	173.55
bhkk	16	112	173.597
bhkk	16	112	173.56
bhkk	16	112	173.56
bhkk	16	112	173.607
bhkk	16	112	173.523
bhkk	16	112	173.557
bhkk	16	112	173.597
bhkk	16	112	173.547
bhkk	16	112	173.523
bhkk	16	112	173.557
bhkk	16	112	173.55
bhkk	16	112	173.56
bhkk	16	112	173.577
bhkk	16	112	173.587
bhkk	16	112	173.57
bhkk	16	112	173.593
bhkk	16	112	173.533
bhkk	16	112	173.59
bhkk	16	112	173.567
bhkk	16	112	173.563
bhkk	16	112	173.547
bhkk	16	112	173.58
bhkk	16	112	173.59
bhkk	16	112	173.61
bhkk	16	112	173.58
bhkk	16	112	173.537
bhkk	16	112	173.57
bhkk	16	112	173.59
bhkk	16	112	173.543
bhkk	16	112	173.623
bhkk	16	112	173.543
bhkk	16	112	173.583
bhkk	16	112	173.683
bhkk	16	112	173.53
bhkk	16	112	173.56
bhkk	16	112	173.55
bhkk	16	112	173.55
bhkk	16	112	173.57
bhkk	16	112	173.573
bhkk	16	112	173.6
bhkk	16	112	173.593
bhkk	16	112	173.51
bhkk	16	112	173.61
bhkk	16	112	173.58
bhkk	16	112	173.58
bhkk	16	112	173.597
bhkk	16	112	173.557
bhkk	16	112	173.53
bhkk	16	112	173.533
bhkk	16	112	173.56
bhkk	16	112	173.623
bhkk	16	112	173.58
bhkk	16	112	173.603
bhkk	16	112	173.73
bhkk	16	112	173.733
bhkk	16	112	173.58
bhkk	16	112	173.727
bhkk	16	112	173.54
bhkk	16	112	173.567
bhkk	16	112	173.613
bhkk	16	112	173.603
bhkk	16	112	173.577
bhkk	16	112	173.62
bhkk	16	112	173.603
bhkk	16	112	173.557
bhkk	16	112	173.777
bhkk	16	112	173.683
