bhkk	16	98	171.317
bhkk	16	98	171.263
bhkk	16	98	171.31
bhkk	16	98	171.317
bhkk	16	98	171.293
bhkk	16	98	171.287
bhkk	16	98	171.3
bhkk	16	98	171.317
bhkk	16	98	171.243
bhkk	16	98	171.307
bhkk	16	98	171.26
bhkk	16	98	171.287
bhkk	16	98	171.367
bhkk	16	98	171.277
bhkk	16	98	171.303
bhkk	16	98	171.307
bhkk	16	98	171.307
bhkk	16	98	171.303
bhkk	16	98	171.253
bhkk	16	98	171.267
bhkk	16	98	171.253
bhkk	16	98	171.277
bhkk	16	98	171.31
bhkk	16	98	171.257
bhkk	16	98	171.3
bhkk	16	98	171.37
bhkk	16	98	171.293
bhkk	16	98	171.317
bhkk	16	98	171.273
bhkk	16	98	171.327
bhkk	16	98	171.277
bhkk	16	98	171.277
bhkk	16	98	171.283
bhkk	16	98	171.307
bhkk	16	98	171.29
bhkk	16	98	171.28
bhkk	16	98	171.27
bhkk	16	98	171.29
bhkk	16	98	171.303
bhkk	16	98	171.307
bhkk	16	98	171.3
bhkk	16	98	171.363
bhkk	16	98	171.287
bhkk	16	98	171.287
bhkk	16	98	171.323
bhkk	16	98	171.297
bhkk	16	98	171.277
bhkk	16	98	171.267
bhkk	16	98	171.297
bhkk	16	98	171.27
bhkk	16	98	171.27
bhkk	16	98	171.25
bhkk	16	98	171.267
bhkk	16	98	171.277
bhkk	16	98	171.247
bhkk	16	98	171.29
bhkk	16	98	171.333
bhkk	16	98	171.273
bhkk	16	98	171.29
bhkk	16	98	171.26
bhkk	16	98	171.313
bhkk	16	98	171.413
bhkk	16	98	171.327
bhkk	16	98	171.327
bhkk	16	98	171.243
bhkk	16	98	171.267
bhkk	16	98	171.34
bhkk	16	98	171.327
bhkk	16	98	171.317
bhkk	16	98	171.327
bhkk	16	98	171.277
bhkk	16	98	171.093
bhkk	16	98	171.3
bhkk	16	98	171.26
bhkk	16	98	171.31
bhkk	16	98	171.267
bhkk	16	98	171.313
bhkk	16	98	171.273
bhkk	16	98	171.323
bhkk	16	98	171.28
bhkk	16	98	171.293
bhkk	16	98	171.33
bhkk	16	98	171.313
bhkk	16	98	171.303
bhkk	16	98	171.27
bhkk	16	98	171.313
bhkk	16	98	171.277
bhkk	16	98	171.283
bhkk	16	98	171.293
bhkk	16	98	171.28
bhkk	16	98	171.307
bhkk	16	98	171.28
bhkk	16	98	171.32
bhkk	16	98	171.283
bhkk	16	98	171.28
bhkk	16	98	171.373
bhkk	16	98	171.27
bhkk	16	98	171.153
bhkk	16	98	171.277
bhkk	16	98	171.273
