bj	16	20	0
bj	16	20	0
bj	16	20	0
bj	15	20	0
bj	14	20	0
bj	15	20	0
bj	16	20	0
bj	15	20	0
bj	16	20	0
bj	15	20	0
bj	16	20	0
bj	15	20	0
bj	16	20	0
bj	16	20	0
bj	16	20	0
bj	16	20	0
bj	16	20	0
bj	15	20	0
bj	16	20	0
bj	16	20	0
bj	15	20	0
bj	14	20	0
bj	15	20	0
bj	16	20	0
bj	15	20	0
bj	16	20	0
bj	15	20	0
bj	15	20	0
bj	16	20	0
bj	16	20	0
bj	15	20	0
bj	15	20	0
bj	14	20	0
bj	14	20	0
bj	15	20	0
bj	16	20	0
bj	15	20	0
bj	15	20	0
bj	14	20	0
bj	16	20	0
bj	15	20	0
bj	16	20	0
bj	15	20	0
bj	16	20	0
bj	15	20	0
bj	15	20	0
bj	14	20	0
bj	15	20	0
bj	16	20	0
bj	16	20	0
bj	15	20	0
bj	15	20	0
bj	15	20	0
bj	14	20	0
bj	15	20	0
bj	15	20	0
bj	16	20	0
bj	15	20	0
bj	16	20	0
bj	14	20	0
bj	14	20	0
bj	16	20	0
bj	16	20	0
bj	16	20	0
bj	16	20	0
bj	16	20	0
bj	16	20	0
bj	16	20	0
bj	16	20	0
bj	16	20	0
bj	15	20	0
bj	14	20	0
bj	13	20	0.00333
bj	16	20	0
bj	14	20	0
bj	16	20	0
bj	15	20	0
bj	14	20	0
bj	14	20	0
bj	15	20	0
bj	15	20	0
bj	14	20	0
bj	15	20	0
bj	13	20	0
bj	15	20	0
bj	15	20	0
bj	15	20	0
bj	14	20	0
bj	16	20	0
bj	14	20	0
bj	15	20	0
bj	14	20	0.00333
bj	14	20	0
bj	15	20	0
bj	15	20	0
bj	15	20	0
bj	16	20	0
bj	16	20	0
bj	16	20	0
bj	15	20	0
