bhkk	16	64	89.0067
bhkk	16	64	88.83
bhkk	16	64	90
bhkk	16	64	89.87
bhkk	16	64	89.88
bhkk	16	64	88.87
bhkk	16	64	88.8933
bhkk	16	64	88.82
bhkk	16	64	88.87
bhkk	16	64	88.9833
bhkk	16	64	88.93
bhkk	16	64	88.8933
bhkk	16	64	88.85
bhkk	16	64	89.4733
bhkk	16	64	88.8867
bhkk	16	64	89.0333
bhkk	16	64	89.77
bhkk	16	64	88.98
bhkk	16	64	88.9133
bhkk	16	64	89.3033
bhkk	16	64	88.8367
bhkk	16	64	88.8467
bhkk	16	64	88.82
bhkk	16	64	89.1667
bhkk	16	64	88.9567
bhkk	16	64	89.3067
bhkk	16	64	89.0033
bhkk	16	64	89.1167
bhkk	16	64	88.95
bhkk	16	64	89.71
bhkk	16	64	90.31
bhkk	16	64	88.9467
bhkk	16	64	90.4333
bhkk	16	64	89.4867
bhkk	16	64	88.9167
bhkk	16	64	90.78
bhkk	16	64	89.0067
bhkk	16	64	88.8367
bhkk	16	64	89.0067
bhkk	16	64	88.96
bhkk	16	64	88.87
bhkk	16	64	89.0267
bhkk	16	64	89.0033
bhkk	16	64	89.0967
bhkk	16	64	89.3533
bhkk	16	64	88.8433
bhkk	16	64	89.68
bhkk	16	64	88.8467
bhkk	16	64	89.09
bhkk	16	64	88.97
bhkk	16	64	92.24
bhkk	16	64	89.08
bhkk	16	64	88.9533
bhkk	16	64	88.9867
bhkk	16	64	88.8333
bhkk	16	64	88.8733
bhkk	16	64	89.7
bhkk	16	64	88.9233
bhkk	16	64	89.6267
bhkk	16	64	89.38
bhkk	16	64	89.27
bhkk	16	64	89.0867
bhkk	16	64	88.8567
bhkk	16	64	88.9067
bhkk	16	64	88.9367
bhkk	16	64	88.85
bhkk	16	64	88.8967
bhkk	16	64	88.8633
bhkk	16	64	89.89
bhkk	16	64	90.3767
bhkk	16	64	89.1867
bhkk	16	64	89.5733
bhkk	16	64	89.69
bhkk	16	64	90.87
bhkk	16	64	88.9533
bhkk	16	64	90.0767
bhkk	16	64	89.8567
bhkk	16	64	88.9633
bhkk	16	64	88.8933
bhkk	16	64	88.93
bhkk	16	64	88.93
bhkk	16	64	88.86
bhkk	16	64	88.8333
bhkk	16	64	88.84
bhkk	16	64	88.9167
bhkk	16	64	88.8367
bhkk	16	64	89.0267
bhkk	16	64	88.91
bhkk	16	64	90.7033
bhkk	16	64	89.25
bhkk	16	64	89.2467
bhkk	16	64	88.91
bhkk	16	64	88.8767
bhkk	16	64	89.3767
bhkk	16	64	89.16
bhkk	16	64	89.02
bhkk	16	64	88.84
bhkk	16	64	89.92
bhkk	16	64	89.1533
bhkk	16	64	88.85
