bhkk	16	100	152.777
bhkk	16	100	152.54
bhkk	16	100	152.82
bhkk	16	100	152.363
bhkk	16	100	153.227
bhkk	16	100	152.373
bhkk	16	100	156.263
bhkk	16	100	152.497
bhkk	16	100	152.413
bhkk	16	100	152.433
bhkk	16	100	155.343
bhkk	16	100	152.41
bhkk	16	100	152.687
bhkk	16	100	152.587
bhkk	16	100	152.77
bhkk	16	100	153.277
bhkk	16	100	152.377
bhkk	16	100	152.36
bhkk	16	100	152.863
bhkk	16	100	152.42
bhkk	16	100	152.677
bhkk	16	100	152.4
bhkk	16	100	152.54
bhkk	16	100	152.713
bhkk	16	100	152.993
bhkk	16	100	152.493
bhkk	16	100	152.913
bhkk	16	100	152.557
bhkk	16	100	152.42
bhkk	16	100	152.397
bhkk	16	100	152.503
bhkk	16	100	154.003
bhkk	16	100	152.47
bhkk	16	100	152.7
bhkk	16	100	152.697
bhkk	16	100	152.467
bhkk	16	100	153.027
bhkk	16	100	153.29
bhkk	16	100	152.41
bhkk	16	100	152.37
bhkk	16	100	152.397
bhkk	16	100	152.39
bhkk	16	100	152.36
bhkk	16	100	152.633
bhkk	16	100	156.363
bhkk	16	100	153.15
bhkk	16	100	152.91
bhkk	16	100	153.523
bhkk	16	100	152.397
bhkk	16	100	152.62
bhkk	16	100	153.957
bhkk	16	100	155.463
bhkk	16	100	152.43
bhkk	16	100	153.037
bhkk	16	100	152.943
bhkk	16	100	152.697
bhkk	16	100	152.627
bhkk	16	100	152.647
bhkk	16	100	152.383
bhkk	16	100	152.99
bhkk	16	100	153.183
bhkk	16	100	155.33
bhkk	16	100	155.937
bhkk	16	100	153.277
bhkk	16	100	152.923
bhkk	16	100	153.65
bhkk	16	100	152.437
bhkk	16	100	152.403
bhkk	16	100	152.36
bhkk	16	100	152.55
bhkk	16	100	152.597
bhkk	16	100	153.02
bhkk	16	100	152.683
bhkk	16	100	152.56
bhkk	16	100	152.377
bhkk	16	100	153.447
bhkk	16	100	152.463
bhkk	16	100	154.03
bhkk	16	100	152.427
bhkk	16	100	152.44
bhkk	16	100	152.4
bhkk	16	100	152.577
bhkk	16	100	152.677
bhkk	16	100	152.62
bhkk	16	100	152.563
bhkk	16	100	152.683
bhkk	16	100	153.01
bhkk	16	100	153.14
bhkk	16	100	152.98
bhkk	16	100	152.393
bhkk	16	100	152.43
bhkk	16	100	153.103
bhkk	16	100	152.993
bhkk	16	100	152.417
bhkk	16	100	153.067
bhkk	16	100	152.407
bhkk	16	100	153.71
bhkk	16	100	152.413
bhkk	16	100	152.663
bhkk	16	100	152.387
