bhkk	16	62	85.4967
bhkk	16	62	85.4733
bhkk	16	62	85.9467
bhkk	16	62	85.85
bhkk	16	62	85.7
bhkk	16	62	85.2767
bhkk	16	62	85.4933
bhkk	16	62	85.6267
bhkk	16	62	85.2767
bhkk	16	62	88.7767
bhkk	16	62	85.6833
bhkk	16	62	85.2433
bhkk	16	62	85.33
bhkk	16	62	85.2967
bhkk	16	62	85.2833
bhkk	16	62	85.2667
bhkk	16	62	85.2667
bhkk	16	62	85.27
bhkk	16	62	85.28
bhkk	16	62	85.42
bhkk	16	62	85.28
bhkk	16	62	85.2867
bhkk	16	62	85.25
bhkk	16	62	85.29
bhkk	16	62	85.3167
bhkk	16	62	85.7
bhkk	16	62	85.44
bhkk	16	62	85.28
bhkk	16	62	85.2833
bhkk	16	62	85.26
bhkk	16	62	85.3433
bhkk	16	62	85.2667
bhkk	16	62	85.27
bhkk	16	62	85.49
bhkk	16	62	85.28
bhkk	16	62	86.2333
bhkk	16	62	85.71
bhkk	16	62	85.2667
bhkk	16	62	85.26
bhkk	16	62	85.6967
bhkk	16	62	85.5167
bhkk	16	62	85.26
bhkk	16	62	85.2767
bhkk	16	62	85.25
bhkk	16	62	85.31
bhkk	16	62	85.2933
bhkk	16	62	85.2667
bhkk	16	62	85.3167
bhkk	16	62	85.2467
bhkk	16	62	85.3567
bhkk	16	62	85.73
bhkk	16	62	85.5433
bhkk	16	62	85.3533
bhkk	16	62	85.4433
bhkk	16	62	85.2767
bhkk	16	62	85.5633
bhkk	16	62	86.11
bhkk	16	62	86.84
bhkk	16	62	85.9067
bhkk	16	62	85.2433
bhkk	16	62	85.3967
bhkk	16	62	85.3233
bhkk	16	62	85.27
bhkk	16	62	85.3267
bhkk	16	62	85.3433
bhkk	16	62	85.26
bhkk	16	62	85.2867
bhkk	16	62	85.4167
bhkk	16	62	85.2833
bhkk	16	62	85.2933
bhkk	16	62	85.2767
bhkk	16	62	85.28
bhkk	16	62	85.26
bhkk	16	62	85.2533
bhkk	16	62	85.2633
bhkk	16	62	85.9033
bhkk	16	62	85.9633
bhkk	16	62	85.28
bhkk	16	62	85.3133
bhkk	16	62	85.34
bhkk	16	62	86.49
bhkk	16	62	85.2567
bhkk	16	62	85.3567
bhkk	16	62	85.4067
bhkk	16	62	85.2767
bhkk	16	62	85.3233
bhkk	16	62	85.4633
bhkk	16	62	85.2667
bhkk	16	62	85.27
bhkk	16	62	85.2933
bhkk	16	62	85.3333
bhkk	16	62	85.2933
bhkk	16	62	86.53
bhkk	16	62	85.3067
bhkk	16	62	85.3967
bhkk	16	62	85.28
bhkk	16	62	85.3167
bhkk	16	62	85.49
bhkk	16	62	85.8133
bhkk	16	62	85.2733
