bhkk	16	90	137.697
bhkk	16	90	134.73
bhkk	16	90	134.907
bhkk	16	90	134.9
bhkk	16	90	135.003
bhkk	16	90	135.47
bhkk	16	90	135.557
bhkk	16	90	136.713
bhkk	16	90	136.833
bhkk	16	90	137.1
bhkk	16	90	134.873
bhkk	16	90	134.713
bhkk	16	90	135.663
bhkk	16	90	134.78
bhkk	16	90	135.167
bhkk	16	90	136.48
bhkk	16	90	136.43
bhkk	16	90	135.543
bhkk	16	90	137.123
bhkk	16	90	135.08
bhkk	16	90	135.19
bhkk	16	90	134.747
bhkk	16	90	134.75
bhkk	16	90	138.767
bhkk	16	90	134.783
bhkk	16	90	135.087
bhkk	16	90	135.05
bhkk	16	90	134.783
bhkk	16	90	136.227
bhkk	16	90	138.703
bhkk	16	90	134.743
bhkk	16	90	135.623
bhkk	16	90	135.277
bhkk	16	90	134.757
bhkk	16	90	136.333
bhkk	16	90	136.49
bhkk	16	90	134.793
bhkk	16	90	134.803
bhkk	16	90	136.54
bhkk	16	90	135.593
bhkk	16	90	134.743
bhkk	16	90	135.96
bhkk	16	90	135.673
bhkk	16	90	134.83
bhkk	16	90	136.39
bhkk	16	90	134.807
bhkk	16	90	134.82
bhkk	16	90	136.917
bhkk	16	90	134.797
bhkk	16	90	135.87
bhkk	16	90	136.907
bhkk	16	90	135.017
bhkk	16	90	134.883
bhkk	16	90	134.713
bhkk	16	90	134.737
bhkk	16	90	137.223
bhkk	16	90	134.997
bhkk	16	90	134.767
bhkk	16	90	134.837
bhkk	16	90	136.557
bhkk	16	90	134.743
bhkk	16	90	134.76
bhkk	16	90	137.33
bhkk	16	90	134.727
bhkk	16	90	134.96
bhkk	16	90	139.157
bhkk	16	90	135.22
bhkk	16	90	135.677
bhkk	16	90	134.7
bhkk	16	90	134.713
bhkk	16	90	134.763
bhkk	16	90	137.463
bhkk	16	90	134.807
bhkk	16	90	134.78
bhkk	16	90	134.723
bhkk	16	90	136.407
bhkk	16	90	135.743
bhkk	16	90	134.743
bhkk	16	90	135.33
bhkk	16	90	135.107
bhkk	16	90	137.197
bhkk	16	90	135.71
bhkk	16	90	134.743
bhkk	16	90	135.15
bhkk	16	90	135.347
bhkk	16	90	136.117
bhkk	16	90	136.027
bhkk	16	90	134.943
bhkk	16	90	136.73
bhkk	16	90	134.983
bhkk	16	90	134.903
bhkk	16	90	135.37
bhkk	16	90	135.923
bhkk	16	90	137.23
bhkk	16	90	134.81
bhkk	16	90	136.54
bhkk	16	90	135.107
bhkk	16	90	134.713
bhkk	16	90	138.363
bhkk	16	90	134.773
