bhkk	16	70	107.893
bhkk	16	70	107.833
bhkk	16	70	107.877
bhkk	16	70	107.853
bhkk	16	70	107.913
bhkk	16	70	107.88
bhkk	16	70	107.85
bhkk	16	70	107.847
bhkk	16	70	107.89
bhkk	16	70	107.89
bhkk	16	70	107.89
bhkk	16	70	107.85
bhkk	16	70	107.883
bhkk	16	70	107.883
bhkk	16	70	107.863
bhkk	16	70	107.87
bhkk	16	70	107.877
bhkk	16	70	107.877
bhkk	16	70	107.837
bhkk	16	70	107.913
bhkk	16	70	107.86
bhkk	16	70	107.873
bhkk	16	70	107.893
bhkk	16	70	107.827
bhkk	16	70	107.847
bhkk	16	70	107.877
bhkk	16	70	107.86
bhkk	16	70	107.867
bhkk	16	70	107.887
bhkk	16	70	107.89
bhkk	16	70	107.877
bhkk	16	70	107.857
bhkk	16	70	107.853
bhkk	16	70	107.843
bhkk	16	70	107.843
bhkk	16	70	107.883
bhkk	16	70	107.9
bhkk	16	70	107.853
bhkk	16	70	107.843
bhkk	16	70	107.903
bhkk	16	70	107.833
bhkk	16	70	107.9
bhkk	16	70	107.867
bhkk	16	70	107.843
bhkk	16	70	107.837
bhkk	16	70	107.873
bhkk	16	70	107.887
bhkk	16	70	107.91
bhkk	16	70	107.873
bhkk	16	70	107.873
bhkk	16	70	107.873
bhkk	16	70	107.863
bhkk	16	70	107.857
bhkk	16	70	107.887
bhkk	16	70	107.893
bhkk	16	70	107.887
bhkk	16	70	107.867
bhkk	16	70	107.883
bhkk	16	70	107.903
bhkk	16	70	107.867
bhkk	16	70	107.883
bhkk	16	70	107.877
bhkk	16	70	107.897
bhkk	16	70	107.88
bhkk	16	70	107.907
bhkk	16	70	107.833
bhkk	16	70	107.863
bhkk	16	70	107.893
bhkk	16	70	107.883
bhkk	16	70	107.87
bhkk	16	70	107.913
bhkk	16	70	107.883
bhkk	16	70	107.847
bhkk	16	70	107.867
bhkk	16	70	107.85
bhkk	16	70	107.883
bhkk	16	70	107.863
bhkk	16	70	107.853
bhkk	16	70	107.883
bhkk	16	70	107.9
bhkk	16	70	107.86
bhkk	16	70	107.9
bhkk	16	70	107.893
bhkk	16	70	107.86
bhkk	16	70	107.873
bhkk	16	70	107.88
bhkk	16	70	107.863
bhkk	16	70	107.91
bhkk	16	70	107.87
bhkk	16	70	107.853
bhkk	16	70	107.863
bhkk	16	70	107.863
bhkk	16	70	107.87
bhkk	16	70	107.843
bhkk	16	70	107.867
bhkk	16	70	107.893
bhkk	16	70	107.847
bhkk	16	70	107.873
bhkk	16	70	107.833
bhkk	16	70	107.86
