bhkk	16	32	16.1567
bhkk	15	32	7.11333
bhkk	16	32	16.1633
bhkk	16	32	16.1633
bhkk	16	32	16.1467
bhkk	16	32	16.1533
bhkk	16	32	16.1533
bhkk	16	32	16.1633
bhkk	16	32	16.16
bhkk	16	32	16.16
bhkk	16	32	16.1567
bhkk	16	32	16.1533
bhkk	16	32	16.1533
bhkk	16	32	16.1567
bhkk	16	32	16.1533
bhkk	16	32	16.16
bhkk	16	32	16.1533
bhkk	16	32	16.1667
bhkk	16	32	16.1533
bhkk	16	32	16.1533
bhkk	16	32	16.1567
bhkk	16	32	16.1567
bhkk	16	32	16.1633
bhkk	16	32	16.1567
bhkk	16	32	16.1633
bhkk	16	32	16.1567
bhkk	16	32	16.15
bhkk	16	32	16.16
bhkk	16	32	16.16
bhkk	16	32	16.1533
bhkk	15	32	7.11333
bhkk	16	32	16.16
bhkk	16	32	16.1633
bhkk	15	32	7.11333
bhkk	16	32	16.16
bhkk	16	32	16.16
bhkk	16	32	16.1567
bhkk	16	32	16.16
bhkk	16	32	16.16
bhkk	16	32	16.16
bhkk	16	32	16.1633
bhkk	16	32	16.1633
bhkk	16	32	16.1533
bhkk	16	32	16.1633
bhkk	16	32	16.1567
bhkk	16	32	16.15
bhkk	16	32	16.1567
bhkk	15	32	7.11
bhkk	16	32	16.16
bhkk	16	32	16.1633
bhkk	16	32	16.16
bhkk	16	32	16.1633
bhkk	14	32	3.09
bhkk	16	32	16.1667
bhkk	16	32	16.1567
bhkk	16	32	16.1633
bhkk	16	32	16.1567
bhkk	16	32	16.1533
bhkk	16	32	16.16
bhkk	16	32	16.1433
bhkk	16	32	16.1567
bhkk	16	32	16.16
bhkk	16	32	16.16
bhkk	16	32	16.1633
bhkk	16	32	16.18
bhkk	16	32	16.17
bhkk	16	32	16.17
bhkk	16	32	16.1533
bhkk	16	32	16.16
bhkk	16	32	16.1567
bhkk	16	32	16.1633
bhkk	16	32	16.16
bhkk	16	32	16.1633
bhkk	16	32	16.1633
bhkk	16	32	16.16
bhkk	16	32	16.1633
bhkk	16	32	16.1567
bhkk	16	32	16.1533
bhkk	16	32	16.1567
bhkk	16	32	16.1633
bhkk	16	32	16.1533
bhkk	16	32	16.16
bhkk	16	32	16.17
bhkk	16	32	16.16
bhkk	16	32	16.1567
bhkk	15	32	7.11
bhkk	16	32	16.16
bhkk	16	32	16.15
bhkk	16	32	16.16
bhkk	16	32	16.15
bhkk	16	32	16.1567
bhkk	16	32	16.1533
bhkk	16	32	16.1567
bhkk	16	32	16.1633
bhkk	15	32	7.11667
bhkk	16	32	16.16
bhkk	16	32	16.16
bhkk	16	32	16.1567
bhkk	16	32	16.1633
bhkk	16	32	16.1567
