bj	16	44	0.987
bj	16	44	0.383
bj	16	44	1.3
bj	16	44	0.813
bj	16	44	1.24
bj	16	44	0.5
bj	16	44	0.317
bj	16	44	0.28
bj	16	44	0.793
bj	16	44	1.16
bj	16	44	2.11
bj	16	44	0.447
bj	16	44	0.27
bj	16	44	1.81
bj	16	44	1.19
bj	16	44	0.39
bj	16	44	0.443
bj	16	44	0.373
bj	16	44	0.363
bj	16	44	0.183
bj	16	44	0.627
bj	16	44	0.297
bj	16	44	1.24
bj	16	44	0.187
bj	16	44	0.237
bj	16	44	0.567
bj	16	44	1.72
bj	16	44	0.137
bj	16	44	0.05
bj	16	44	0.52
bj	16	44	0.24
bj	16	44	0.527
bj	16	44	1.4
bj	16	44	0.747
bj	16	44	0.49
bj	16	44	0.27
bj	16	44	0.243
bj	16	44	0.347
bj	16	44	0.58
bj	16	44	2.26
bj	16	44	0.187
bj	16	44	0.867
bj	16	44	0.23
bj	16	44	0.297
bj	16	44	0.717
bj	16	44	0.33
bj	16	44	0.397
bj	16	44	0.947
bj	16	44	0.94
bj	16	44	2.76
bj	16	44	0.43
bj	16	44	0.127
bj	16	44	0.39
bj	16	44	0.677
bj	16	44	0.49
bj	16	44	0.807
bj	16	44	0.593
bj	16	44	0.84
bj	16	44	0.35
bj	16	44	1.53
bj	16	44	0.603
bj	16	44	0.183
bj	16	44	0.147
bj	16	44	0.26
bj	16	44	0.583
bj	16	44	0.247
bj	16	44	0.227
bj	16	44	0.933
bj	16	44	0.27
bj	16	44	0.377
bj	16	44	0.167
bj	16	44	0.327
bj	16	44	0.43
bj	16	44	0.823
bj	16	44	1.7
bj	16	44	0.327
bj	16	44	0.43
bj	16	44	0.37
bj	16	44	0.247
bj	16	44	0.35
bj	16	44	0.103
bj	16	44	0.543
bj	16	44	0.22
bj	16	44	1.03
bj	16	44	1.1
bj	16	44	0.383
bj	16	44	0.31
bj	16	44	0.437
bj	16	44	0.39
bj	16	44	0.833
bj	16	44	0.53
bj	16	44	0.323
bj	16	44	0.283
bj	16	44	0.567
bj	16	44	0.31
bj	16	44	0.54
bj	16	44	0.56
bj	16	44	0.703
bj	16	44	0.323
bj	16	44	0.143
