bhkk	16	42	25.0733
bhkk	16	42	25.0767
bhkk	16	42	25.0233
bhkk	16	42	25.0067
bhkk	16	42	25.0133
bhkk	16	42	25.0167
bhkk	16	42	25.01
bhkk	16	42	25.2333
bhkk	16	42	25.11
bhkk	16	42	25
bhkk	16	42	25.4267
bhkk	16	42	25.2767
bhkk	16	42	25.01
bhkk	16	42	25.0067
bhkk	16	42	25.0033
bhkk	16	42	25.13
bhkk	16	42	25.0167
bhkk	16	42	25.1
bhkk	16	42	25.0067
bhkk	16	42	25.5433
bhkk	16	42	25.07
bhkk	16	42	25.0133
bhkk	16	42	25.1633
bhkk	16	42	25.0133
bhkk	16	42	25.09
bhkk	16	42	25.25
bhkk	16	42	25.1767
bhkk	16	42	25.0067
bhkk	16	42	25
bhkk	16	42	25.0067
bhkk	16	42	25.0733
bhkk	16	42	25.0533
bhkk	16	42	25.01
bhkk	16	42	25.0933
bhkk	16	42	25.34
bhkk	16	42	25.0133
bhkk	16	42	25.0133
bhkk	16	42	25.0033
bhkk	16	42	25.03
bhkk	16	42	25.0133
bhkk	16	42	25.16
bhkk	16	42	25.0233
bhkk	16	42	25.0067
bhkk	16	42	25.0167
bhkk	16	42	25.01
bhkk	16	42	25.0833
bhkk	16	42	25.01
bhkk	16	42	25.02
bhkk	16	42	25.0067
bhkk	16	42	25.0033
bhkk	16	42	25.0733
bhkk	16	42	25.31
bhkk	16	42	26.2333
bhkk	16	42	25.3033
bhkk	16	42	25.28
bhkk	16	42	25.0267
bhkk	16	42	25.01
bhkk	16	42	25.0067
bhkk	16	42	25.0033
bhkk	16	42	25.0033
bhkk	16	42	25.0067
bhkk	16	42	25.0133
bhkk	16	42	25.0033
bhkk	16	42	25.0133
bhkk	16	42	25.0067
bhkk	16	42	25.0167
bhkk	16	42	25.0133
bhkk	16	42	25.05
bhkk	16	42	25.01
bhkk	16	42	25.01
bhkk	16	42	25.0033
bhkk	16	42	25.01
bhkk	16	42	25.1533
bhkk	16	42	25.2367
bhkk	16	42	25.0067
bhkk	16	42	25.1
bhkk	16	42	25.0167
bhkk	16	42	25.01
bhkk	16	42	25.2433
bhkk	16	42	25.0633
bhkk	16	42	25.0133
bhkk	16	42	25.0067
bhkk	16	42	25.01
bhkk	16	42	25.0167
bhkk	16	42	25.0133
bhkk	15	42	10.8067
bhkk	16	42	25.0267
bhkk	16	42	25.0633
bhkk	16	42	25.0067
bhkk	16	42	25.05
bhkk	16	42	25.0033
bhkk	16	42	25.0333
bhkk	15	42	10.7967
bhkk	16	42	25.0133
bhkk	16	42	25.0767
bhkk	16	42	25.32
bhkk	16	42	25.01
bhkk	16	42	25.01
bhkk	16	42	25.87
bhkk	16	42	25.01
