bj	16	48	2.63
bj	16	48	0.687
bj	16	48	0.29
bj	16	48	0.657
bj	16	48	1.27
bj	16	48	1.49
bj	16	48	2.38
bj	16	48	1.31
bj	16	48	2.23
bj	16	48	0.267
bj	16	48	1.03
bj	16	48	0.773
bj	16	48	0.583
bj	16	48	0.843
bj	16	48	1.3
bj	16	48	0.33
bj	16	48	1.03
bj	16	48	0.22
bj	16	48	0.667
bj	16	48	0.617
bj	16	48	0.467
bj	16	48	0.41
bj	16	48	2.77
bj	16	48	0.847
bj	16	48	1.22
bj	16	48	1.24
bj	16	48	0.843
bj	16	48	1.12
bj	16	48	0.303
bj	16	48	0.38
bj	16	48	0.843
bj	16	48	0.757
bj	16	48	0.51
bj	16	48	0.363
bj	16	48	2.03
bj	16	48	0.293
bj	16	48	0.39
bj	16	48	0.66
bj	16	48	5.16
bj	16	48	1.05
bj	16	48	0.767
bj	16	48	0.71
bj	16	48	0.66
bj	16	48	0.42
bj	16	48	0.963
bj	16	48	0.357
bj	16	48	0.66
bj	16	48	0.793
bj	16	48	0.8
bj	16	48	1.72
bj	16	48	0.48
bj	16	48	0.603
bj	16	48	0.917
bj	16	48	1.08
bj	16	48	0.67
bj	16	48	0.49
bj	16	48	0.667
bj	16	48	1.34
bj	16	48	1.02
bj	16	48	1.17
bj	16	48	0.567
bj	16	48	0.597
bj	16	48	3.34
bj	16	48	0.743
bj	16	48	1.04
bj	16	48	0.937
bj	16	48	0.887
bj	16	48	2.46
bj	16	48	0.757
bj	16	48	1.25
bj	16	48	0.467
bj	16	48	2.31
bj	16	48	4.35
bj	16	48	0.497
bj	16	48	1.65
bj	16	48	1.27
bj	16	48	1.7
bj	16	48	1.83
bj	16	48	1.25
bj	16	48	2.38
bj	16	48	1.13
bj	16	48	0.76
bj	16	48	0.757
bj	16	48	3
bj	16	48	0.313
bj	16	48	0.747
bj	16	48	0.44
bj	16	48	2.84
bj	16	48	0.723
bj	16	48	1.08
bj	16	48	0.527
bj	16	48	0.543
bj	16	48	0.52
bj	16	48	1.78
bj	16	48	1.78
bj	16	48	1.16
bj	16	48	4.35
bj	16	48	0.99
bj	16	48	0.673
bj	16	48	1.46
