bhkk	16	60	81.7667
bhkk	16	60	81.7833
bhkk	16	60	81.7367
bhkk	16	60	81.7433
bhkk	16	60	81.7333
bhkk	16	60	81.8267
bhkk	16	60	81.7633
bhkk	16	60	81.7433
bhkk	16	60	81.76
bhkk	16	60	81.7467
bhkk	16	60	81.7767
bhkk	16	60	81.7667
bhkk	16	60	81.7467
bhkk	16	60	81.76
bhkk	16	60	81.7433
bhkk	16	60	81.7767
bhkk	16	60	81.7533
bhkk	16	60	81.7767
bhkk	16	60	81.7633
bhkk	16	60	81.7567
bhkk	16	60	81.7833
bhkk	16	60	81.7567
bhkk	16	60	81.7733
bhkk	16	60	81.7467
bhkk	16	60	81.7833
bhkk	16	60	81.7567
bhkk	16	60	81.77
bhkk	16	60	81.7867
bhkk	16	60	81.7667
bhkk	16	60	81.7433
bhkk	16	60	81.7567
bhkk	16	60	81.7667
bhkk	16	60	81.7767
bhkk	16	60	81.7667
bhkk	16	60	81.7667
bhkk	16	60	81.77
bhkk	16	60	81.77
bhkk	16	60	81.7667
bhkk	16	60	81.7467
bhkk	16	60	81.7567
bhkk	16	60	81.7467
bhkk	16	60	81.77
bhkk	16	60	81.76
bhkk	16	60	81.78
bhkk	16	60	81.7767
bhkk	16	60	81.79
bhkk	16	60	81.7833
bhkk	16	60	81.79
bhkk	16	60	81.7733
bhkk	16	60	81.7667
bhkk	16	60	81.7567
bhkk	16	60	81.7633
bhkk	16	60	81.7633
bhkk	16	60	81.7767
bhkk	16	60	81.7733
bhkk	16	60	81.76
bhkk	16	60	81.77
bhkk	16	60	81.7767
bhkk	16	60	81.7533
bhkk	16	60	81.7767
bhkk	16	60	81.77
bhkk	16	60	81.7767
bhkk	16	60	81.7867
bhkk	16	60	81.7733
bhkk	16	60	81.76
bhkk	16	60	81.7567
bhkk	16	60	81.76
bhkk	16	60	81.7567
bhkk	16	60	81.75
bhkk	16	60	81.7733
bhkk	16	60	81.79
bhkk	16	60	81.7433
bhkk	16	60	81.78
bhkk	16	60	81.7467
bhkk	16	60	81.7467
bhkk	16	60	81.7533
bhkk	16	60	81.75
bhkk	16	60	81.7533
bhkk	16	60	81.76
bhkk	16	60	81.78
bhkk	16	60	81.76
bhkk	16	60	81.8233
bhkk	16	60	81.76
bhkk	16	60	81.7767
bhkk	16	60	81.7633
bhkk	16	60	81.76
bhkk	16	60	81.7567
bhkk	16	60	81.7433
bhkk	16	60	81.7467
bhkk	16	60	81.76
bhkk	16	60	81.7767
bhkk	16	60	81.75
bhkk	16	60	81.78
bhkk	16	60	81.7433
bhkk	16	60	81.7733
bhkk	16	60	81.76
bhkk	16	60	81.7933
bhkk	16	60	81.7433
bhkk	16	60	81.7767
bhkk	16	60	81.7733
