bhkk	16	68	104.023
bhkk	16	68	104.06
bhkk	16	68	104.03
bhkk	16	68	104.037
bhkk	16	68	104.043
bhkk	16	68	104.013
bhkk	16	68	104.053
bhkk	16	68	104.057
bhkk	16	68	104.047
bhkk	16	68	104.03
bhkk	16	68	104.023
bhkk	16	68	104.023
bhkk	16	68	104.06
bhkk	16	68	104.043
bhkk	16	68	104.03
bhkk	16	68	104.04
bhkk	16	68	104.063
bhkk	16	68	104.037
bhkk	16	68	104.017
bhkk	16	68	104.013
bhkk	16	68	104.02
bhkk	16	68	104.04
bhkk	16	68	104.06
bhkk	16	68	104.06
bhkk	16	68	104.043
bhkk	16	68	104.04
bhkk	16	68	104.033
bhkk	16	68	104.07
bhkk	16	68	104.03
bhkk	16	68	104.143
bhkk	16	68	104.023
bhkk	16	68	104.05
bhkk	16	68	104.063
bhkk	16	68	104.047
bhkk	16	68	104.037
bhkk	16	68	104.07
bhkk	16	68	104.03
bhkk	16	68	104.04
bhkk	16	68	104.03
bhkk	16	68	104.043
bhkk	16	68	104.047
bhkk	16	68	104.027
bhkk	16	68	104.037
bhkk	16	68	104.043
bhkk	16	68	104.04
bhkk	16	68	104.033
bhkk	16	68	104.027
bhkk	16	68	104.043
bhkk	16	68	104.073
bhkk	16	68	104.037
bhkk	16	68	104.04
bhkk	16	68	104.043
bhkk	16	68	104.033
bhkk	16	68	104.03
bhkk	16	68	104.037
bhkk	16	68	104.04
bhkk	16	68	104.047
bhkk	16	68	104.027
bhkk	16	68	104.047
bhkk	16	68	104.04
bhkk	16	68	104.053
bhkk	16	68	104.02
bhkk	16	68	104.02
bhkk	16	68	104.067
bhkk	16	68	104.05
bhkk	16	68	104.08
bhkk	16	68	104.027
bhkk	16	68	104.047
bhkk	16	68	104.043
bhkk	16	68	104.067
bhkk	16	68	104.023
bhkk	16	68	104.04
bhkk	16	68	104.067
bhkk	16	68	104.05
bhkk	16	68	104.073
bhkk	16	68	104.053
bhkk	16	68	104.03
bhkk	16	68	104.053
bhkk	16	68	103.983
bhkk	16	68	104.033
bhkk	16	68	104.003
bhkk	16	68	104.047
bhkk	16	68	104.05
bhkk	16	68	104.063
bhkk	16	68	104.057
bhkk	16	68	104.05
bhkk	16	68	104.063
bhkk	16	68	104.08
bhkk	16	68	104.05
bhkk	16	68	104.043
bhkk	16	68	104.033
bhkk	16	68	104.037
bhkk	16	68	104.023
bhkk	16	68	104.043
bhkk	16	68	104.08
bhkk	16	68	104.07
bhkk	16	68	104.037
bhkk	16	68	104.043
bhkk	16	68	104.007
bhkk	16	68	104.017
