bhkk	16	36	21.3733
bhkk	16	36	21.3767
bhkk	16	36	21.3767
bhkk	16	36	21.3733
bhkk	16	36	21.38
bhkk	16	36	21.38
bhkk	16	36	21.3833
bhkk	16	36	21.3733
bhkk	16	36	21.3733
bhkk	16	36	21.3733
bhkk	16	36	21.3733
bhkk	16	36	21.3867
bhkk	15	36	9.31667
bhkk	16	36	21.3767
bhkk	16	36	21.3833
bhkk	16	36	21.3767
bhkk	16	36	21.38
bhkk	16	36	21.38
bhkk	16	36	21.3733
bhkk	16	36	21.38
bhkk	16	36	21.38
bhkk	16	36	21.38
bhkk	16	36	21.3833
bhkk	16	36	21.3767
bhkk	16	36	21.3767
bhkk	16	36	21.3733
bhkk	16	36	21.3767
bhkk	16	36	21.3767
bhkk	16	36	21.3633
bhkk	16	36	21.38
bhkk	16	36	21.38
bhkk	16	36	21.38
bhkk	16	36	21.3767
bhkk	16	36	21.3767
bhkk	16	36	21.3767
bhkk	15	36	9.31333
bhkk	16	36	21.3733
bhkk	16	36	21.3833
bhkk	16	36	21.3733
bhkk	16	36	21.3767
bhkk	16	36	21.38
bhkk	16	36	21.3733
bhkk	16	36	21.3767
bhkk	16	36	21.3833
bhkk	16	36	21.3933
bhkk	15	36	9.31
bhkk	16	36	21.37
bhkk	15	36	9.31
bhkk	16	36	21.38
bhkk	16	36	21.3767
bhkk	16	36	21.37
bhkk	15	36	9.31
bhkk	16	36	21.3767
bhkk	16	36	21.37
bhkk	16	36	21.39
bhkk	16	36	21.4
bhkk	16	36	21.3767
bhkk	16	36	21.37
bhkk	16	36	21.3833
bhkk	16	36	21.38
bhkk	16	36	21.3767
bhkk	16	36	21.37
bhkk	16	36	21.38
bhkk	16	36	21.3833
bhkk	16	36	21.3767
bhkk	16	36	21.3633
bhkk	16	36	21.3833
bhkk	16	36	21.3867
bhkk	16	36	21.38
bhkk	16	36	21.3767
bhkk	16	36	21.38
bhkk	16	36	21.3967
bhkk	15	36	9.31
bhkk	16	36	21.3767
bhkk	16	36	21.3767
bhkk	16	36	21.3733
bhkk	16	36	21.3833
bhkk	16	36	21.38
bhkk	15	36	9.31
bhkk	16	36	21.3767
bhkk	16	36	21.38
bhkk	16	36	21.38
bhkk	16	36	21.3733
bhkk	16	36	21.3767
bhkk	16	36	21.3733
bhkk	16	36	21.38
bhkk	16	36	21.37
bhkk	15	36	9.31333
bhkk	16	36	21.38
bhkk	16	36	21.3833
bhkk	16	36	21.3767
bhkk	16	36	21.3867
bhkk	16	36	21.3733
bhkk	16	36	21.3833
bhkk	16	36	21.38
bhkk	16	36	21.3767
bhkk	16	36	21.3733
bhkk	16	36	21.3833
bhkk	16	36	21.3733
bhkk	16	36	21.3933
