bhkk	16	114	177.077
bhkk	16	114	177.047
bhkk	16	114	177.147
bhkk	16	114	177.187
bhkk	16	114	177.133
bhkk	16	114	177.033
bhkk	16	114	177.09
bhkk	16	114	177.073
bhkk	16	114	177.12
bhkk	16	114	177.097
bhkk	16	114	177.07
bhkk	16	114	177.113
bhkk	16	114	177.113
bhkk	16	114	177.117
bhkk	16	114	177.06
bhkk	16	114	177.273
bhkk	16	114	177.13
bhkk	16	114	177.05
bhkk	16	114	177.133
bhkk	16	114	177.047
bhkk	16	114	177.087
bhkk	16	114	177.15
bhkk	16	114	177.14
bhkk	16	114	177.047
bhkk	16	114	177.14
bhkk	16	114	177.14
bhkk	16	114	177.087
bhkk	16	114	177.093
bhkk	16	114	177.15
bhkk	16	114	177.073
bhkk	16	114	177.097
bhkk	16	114	177.103
bhkk	16	114	177.08
bhkk	16	114	177.12
bhkk	16	114	177.13
bhkk	16	114	177.077
bhkk	16	114	177.057
bhkk	16	114	177.097
bhkk	16	114	177.133
bhkk	16	114	177.14
bhkk	16	114	177.14
bhkk	16	114	177.077
bhkk	16	114	177.08
bhkk	16	114	177.067
bhkk	16	114	177.093
bhkk	16	114	177.12
bhkk	16	114	177.07
bhkk	16	114	177.08
bhkk	16	114	177.167
bhkk	16	114	177.057
bhkk	16	114	177.077
bhkk	16	114	177.117
bhkk	16	114	177.06
bhkk	16	114	177.13
bhkk	16	114	177.183
bhkk	16	114	177.083
bhkk	16	114	177.073
bhkk	16	114	177.083
bhkk	16	114	177.13
bhkk	16	114	177.087
bhkk	16	114	177.093
bhkk	16	114	177.127
bhkk	16	114	177.103
bhkk	16	114	177.097
bhkk	16	114	177.13
bhkk	16	114	177.087
bhkk	16	114	177.09
bhkk	16	114	177.077
bhkk	16	114	177.103
bhkk	16	114	177.063
bhkk	16	114	177.073
bhkk	16	114	177.103
bhkk	16	114	177.157
bhkk	16	114	177.143
bhkk	16	114	177.12
bhkk	16	114	177.113
bhkk	16	114	177.08
bhkk	16	114	177.063
bhkk	16	114	177.1
bhkk	16	114	177.097
bhkk	16	114	177.157
bhkk	16	114	177.11
bhkk	16	114	177.117
bhkk	16	114	177.077
bhkk	16	114	177.073
bhkk	16	114	177.063
bhkk	16	114	177.067
bhkk	16	114	177.11
bhkk	16	114	177.043
bhkk	16	114	177.087
bhkk	16	114	177.147
bhkk	16	114	177.057
bhkk	16	114	177.06
bhkk	16	114	177.077
bhkk	16	114	177.077
bhkk	16	114	177.127
bhkk	16	114	177.08
bhkk	16	114	177.083
bhkk	16	114	177.11
bhkk	16	114	177.11
