bhkk	16	46	61.91
bhkk	16	46	61.9167
bhkk	16	46	61.9133
bhkk	16	46	61.91
bhkk	16	46	61.9233
bhkk	16	46	61.92
bhkk	16	46	61.9267
bhkk	16	46	61.9167
bhkk	16	46	61.92
bhkk	16	46	61.94
bhkk	16	46	61.9233
bhkk	16	46	61.9
bhkk	16	46	61.93
bhkk	16	46	61.92
bhkk	16	46	61.9233
bhkk	16	46	61.9033
bhkk	16	46	61.9233
bhkk	16	46	61.91
bhkk	16	46	61.92
bhkk	16	46	61.9133
bhkk	16	46	61.9233
bhkk	16	46	30.97
bhkk	16	46	61.93
bhkk	16	46	61.92
bhkk	16	46	61.9067
bhkk	16	46	61.9333
bhkk	16	46	61.9067
bhkk	16	46	61.8933
bhkk	16	46	61.9233
bhkk	16	46	61.91
bhkk	16	46	61.9267
bhkk	16	46	30.9733
bhkk	15	46	26.5967
bhkk	16	46	61.94
bhkk	16	46	61.9267
bhkk	16	46	61.91
bhkk	16	46	30.9567
bhkk	16	46	61.92
bhkk	16	46	61.93
bhkk	16	46	61.9233
bhkk	16	46	61.9
bhkk	16	46	61.9267
bhkk	16	46	61.9267
bhkk	16	46	61.9
bhkk	16	46	61.9433
bhkk	16	46	61.9167
bhkk	16	46	61.9133
bhkk	16	46	61.9067
bhkk	16	46	61.92
bhkk	16	46	61.91
bhkk	16	46	61.9133
bhkk	16	46	61.9233
bhkk	16	46	61.9233
bhkk	16	46	61.91
bhkk	16	46	61.9067
bhkk	16	46	61.9633
bhkk	16	46	61.91
bhkk	16	46	61.9067
bhkk	16	46	61.93
bhkk	16	46	61.9233
bhkk	16	46	61.9267
bhkk	16	46	61.9167
bhkk	16	46	61.9333
bhkk	16	46	61.9
bhkk	16	46	61.93
bhkk	16	46	61.92
bhkk	16	46	61.91
bhkk	16	46	61.9167
bhkk	16	46	61.9233
bhkk	16	46	61.9033
bhkk	16	46	61.91
bhkk	16	46	61.93
bhkk	16	46	61.9067
bhkk	16	46	61.91
bhkk	16	46	61.9267
bhkk	16	46	61.9167
bhkk	16	46	30.96
bhkk	16	46	61.9267
bhkk	16	46	61.9167
bhkk	16	46	61.9433
bhkk	16	46	61.9267
bhkk	16	46	61.9467
bhkk	16	46	61.92
bhkk	16	46	61.9433
bhkk	16	46	61.9267
bhkk	16	46	61.9133
bhkk	16	46	30.96
bhkk	16	46	61.8967
bhkk	16	46	61.91
bhkk	16	46	61.9167
bhkk	16	46	61.9133
bhkk	16	46	61.9133
bhkk	16	46	61.9133
bhkk	16	46	61.9233
bhkk	16	46	61.93
bhkk	16	46	61.9067
bhkk	16	46	61.91
bhkk	16	46	61.9267
bhkk	16	46	30.98
bhkk	16	46	61.9033
