bj	16	66	81.7
bj	16	66	34.6
bj	16	66	15.3
bj	16	66	43.6
bj	16	66	56.5
bj	16	66	56
bj	16	66	128
bj	16	66	29.3
bj	16	66	59.7
bj	16	66	46.5
bj	16	66	23.3
bj	16	66	11.4
bj	16	66	57.6
bj	16	66	22.6
bj	16	66	22.4
bj	16	66	51.4
bj	16	66	25.1
bj	16	66	16.6
bj	16	66	46.4
bj	16	66	33.7
bj	16	66	43.7
bj	16	66	46.8
bj	16	66	13.6
bj	16	66	85.4
bj	16	66	114
bj	16	66	11.8
bj	16	66	16.9
bj	16	66	25.3
bj	16	66	65.1
bj	16	66	38.4
bj	16	66	35.6
bj	16	66	27.6
bj	16	66	timeout
bj	16	66	33
bj	16	66	32.4
bj	16	66	24.3
bj	16	66	61.5
bj	16	66	45.3
bj	16	66	20.3
bj	16	66	55.7
bj	16	66	21.5
bj	16	66	27.1
bj	16	66	52.3
bj	16	66	18.9
bj	16	66	16.4
bj	16	66	timeout
bj	16	66	11.2
bj	16	66	45.7
bj	16	66	8.89
bj	16	66	155
bj	16	66	21.4
bj	16	66	38.1
bj	16	66	25.8
bj	16	66	48.1
bj	16	66	33.4
bj	16	66	22
bj	16	66	15.3
bj	16	66	41.9
bj	16	66	61.2
bj	16	66	42.9
bj	16	66	13.5
bj	16	66	17.2
bj	16	66	37.4
bj	16	66	19.2
bj	16	66	67.9
bj	16	66	21.5
bj	16	66	176
bj	16	66	13.5
bj	16	66	73
bj	16	66	timeout
bj	16	66	156
bj	16	66	17
bj	16	66	19.2
bj	16	66	21.3
bj	16	66	53.8
bj	16	66	timeout
bj	16	66	timeout
bj	16	66	136
bj	16	66	145
bj	16	66	70.4
bj	16	66	21.8
bj	16	66	129
bj	16	66	35.1
bj	16	66	17
bj	16	66	30.8
bj	16	66	42
bj	16	66	26.9
bj	16	66	timeout
bj	16	66	56.6
bj	16	66	93.1
bj	16	66	37.2
bj	16	66	50
bj	16	66	79.2
bj	16	66	82.8
bj	16	66	19.1
bj	16	66	143
bj	16	66	5.82
bj	16	66	55.7
bj	16	66	91.7
bj	16	66	15
