bj	16	40	0.253
bj	16	40	0.0533
bj	16	40	0.133
bj	16	40	0.133
bj	16	40	0.14
bj	16	40	0.04
bj	16	40	0.167
bj	16	40	0.283
bj	16	40	0.257
bj	16	40	0.467
bj	16	40	0.307
bj	16	40	0.0733
bj	16	40	0.8
bj	16	40	0.173
bj	16	40	0.953
bj	16	40	0.18
bj	16	40	0.15
bj	16	40	0.94
bj	16	40	0.44
bj	16	40	0.187
bj	16	40	0.233
bj	16	40	0.147
bj	16	40	0.217
bj	16	40	0.03
bj	16	40	0.21
bj	16	40	0.0867
bj	16	40	0.697
bj	16	40	0.127
bj	16	40	0.14
bj	16	40	0.44
bj	16	40	0.213
bj	16	40	0.58
bj	16	40	0.26
bj	16	40	0.227
bj	16	40	0.77
bj	16	40	0.103
bj	16	40	0.15
bj	16	40	0.173
bj	16	40	0.0533
bj	16	40	0.287
bj	16	40	0.19
bj	16	40	0.153
bj	16	40	0.1
bj	16	40	0.0933
bj	16	40	0.447
bj	16	40	0.143
bj	16	40	0.177
bj	16	40	0.157
bj	16	40	0.0367
bj	16	40	0.0833
bj	16	40	0.0967
bj	16	40	0.0567
bj	16	40	0.213
bj	16	40	0.537
bj	16	40	0.237
bj	16	40	0.0867
bj	16	40	0.127
bj	16	40	0.08
bj	16	40	0.283
bj	16	40	0.21
bj	16	40	0.173
bj	16	40	0.227
bj	16	40	1.28
bj	16	40	0.337
bj	15	40	0.173
bj	16	40	0.363
bj	16	40	0.04
bj	16	40	0.893
bj	16	40	0.24
bj	16	40	0.0967
bj	16	40	0.503
bj	16	40	0.1
bj	16	40	0.05
bj	16	40	0.32
bj	16	40	0.2
bj	16	40	0.28
bj	16	40	0.287
bj	15	40	0.08
bj	16	40	0.183
bj	16	40	0.19
bj	16	40	0.21
bj	16	40	0.14
bj	16	40	0.0867
bj	16	40	0.29
bj	16	40	0.17
bj	16	40	0.17
bj	16	40	0.12
bj	16	40	0.133
bj	16	40	0.0667
bj	16	40	0.127
bj	16	40	0.16
bj	16	40	0.143
bj	16	40	0.31
bj	16	40	0.0933
bj	16	40	0.0933
bj	16	40	0.25
bj	16	40	0.127
bj	16	40	0.18
bj	16	40	0.21
bj	16	40	0.233
