bhkk	16	52	73.4067
bhkk	16	52	73.4133
bhkk	16	52	73.41
bhkk	16	52	73.4267
bhkk	16	52	73.4167
bhkk	16	52	73.4167
bhkk	16	52	73.4
bhkk	16	52	73.4533
bhkk	16	52	73.3967
bhkk	16	52	73.41
bhkk	16	52	73.4067
bhkk	16	52	73.3867
bhkk	16	52	73.45
bhkk	16	52	73.3733
bhkk	16	52	73.42
bhkk	16	52	73.4133
bhkk	16	52	73.4167
bhkk	16	52	73.3967
bhkk	16	52	73.3867
bhkk	16	52	73.4467
bhkk	16	52	73.4133
bhkk	16	52	73.4
bhkk	16	52	73.4133
bhkk	16	52	73.39
bhkk	16	52	73.3833
bhkk	16	52	73.4367
bhkk	16	52	73.41
bhkk	16	52	73.4033
bhkk	16	52	73.4033
bhkk	16	52	73.4
bhkk	16	52	73.4033
bhkk	16	52	73.4133
bhkk	16	52	73.4267
bhkk	16	52	73.4367
bhkk	16	52	73.4233
bhkk	16	52	73.3967
bhkk	16	52	73.38
bhkk	16	52	73.41
bhkk	16	52	73.3933
bhkk	16	52	73.4333
bhkk	16	52	73.4367
bhkk	16	52	73.4133
bhkk	16	52	73.42
bhkk	16	52	73.4133
bhkk	16	52	73.4133
bhkk	16	52	73.4333
bhkk	16	52	73.4067
bhkk	16	52	73.4067
bhkk	16	52	73.4167
bhkk	16	52	73.4
bhkk	16	52	73.4233
bhkk	16	52	73.4267
bhkk	16	52	73.4133
bhkk	16	52	73.4033
bhkk	16	52	73.3933
bhkk	16	52	73.41
bhkk	16	52	73.3833
bhkk	16	52	73.4167
bhkk	16	52	73.4133
bhkk	16	52	73.4267
bhkk	16	52	73.4133
bhkk	16	52	73.4033
bhkk	16	52	73.39
bhkk	16	52	73.41
bhkk	16	52	73.3933
bhkk	16	52	73.4133
bhkk	16	52	73.41
bhkk	16	52	73.41
bhkk	16	52	73.4033
bhkk	16	52	73.3933
bhkk	16	52	73.4233
bhkk	16	52	73.3833
bhkk	16	52	73.3933
bhkk	16	52	73.4033
bhkk	16	52	73.4233
bhkk	16	52	73.42
bhkk	16	52	73.4133
bhkk	16	52	73.41
bhkk	16	52	73.3967
bhkk	16	52	73.41
bhkk	16	52	73.3733
bhkk	16	52	73.4233
bhkk	16	52	73.3867
bhkk	16	52	73.4133
bhkk	16	52	73.43
bhkk	16	52	73.3933
bhkk	16	52	73.4
bhkk	16	52	73.4
bhkk	16	52	73.42
bhkk	16	52	73.43
bhkk	16	52	73.4533
bhkk	16	52	73.4267
bhkk	16	52	73.4
bhkk	16	52	73.4067
bhkk	16	52	73.4233
bhkk	16	52	73.4267
bhkk	16	52	73.48
bhkk	16	52	73.4
bhkk	16	52	73.3967
bhkk	16	52	73.4033
