bj	16	62	74.9
bj	16	62	6.64
bj	16	62	44
bj	16	62	9.74
bj	16	62	16.3
bj	16	62	40.1
bj	16	62	33.5
bj	16	62	20.8
bj	16	62	27.6
bj	16	62	5.44
bj	16	62	12.7
bj	16	62	6.15
bj	16	62	44.5
bj	16	62	20.5
bj	16	62	26.2
bj	16	62	8.55
bj	16	62	43.9
bj	16	62	12.8
bj	16	62	13.7
bj	16	62	42
bj	16	62	7.24
bj	16	62	14.1
bj	16	62	31.1
bj	16	62	24.9
bj	16	62	37.3
bj	16	62	51.2
bj	16	62	116
bj	16	62	29.9
bj	16	62	28.7
bj	16	62	13.8
bj	16	62	15.3
bj	16	62	29.2
bj	16	62	21.5
bj	16	62	3.19
bj	16	62	69.8
bj	16	62	26.7
bj	16	62	56
bj	16	62	6.64
bj	16	62	11.9
bj	16	62	18
bj	16	62	15.7
bj	16	62	32.3
bj	16	62	22.3
bj	16	62	16.2
bj	16	62	87.7
bj	16	62	35.1
bj	16	62	6.62
bj	16	62	31.7
bj	16	62	17.8
bj	16	62	19
bj	16	62	28.8
bj	16	62	25.1
bj	16	62	9.69
bj	16	62	14.5
bj	16	62	24.1
bj	16	62	34
bj	16	62	30.8
bj	16	62	9.24
bj	16	62	2.78
bj	16	62	7.69
bj	16	62	55.3
bj	16	62	13.5
bj	16	62	10.1
bj	16	62	13.8
bj	16	62	19.1
bj	16	62	6.85
bj	16	62	20.4
bj	16	62	43.7
bj	16	62	20.9
bj	16	62	3.35
bj	16	62	18.8
bj	16	62	14.5
bj	16	62	11.4
bj	16	62	57.6
bj	16	62	40.1
bj	16	62	9.41
bj	16	62	51.4
bj	16	62	13.3
bj	16	62	29.4
bj	16	62	48
bj	16	62	22.4
bj	16	62	10.5
bj	16	62	91
bj	16	62	7.56
bj	16	62	15.8
bj	16	62	27.1
bj	16	62	96.4
bj	16	62	36.4
bj	16	62	21.9
bj	16	62	21.3
bj	16	62	10.1
bj	16	62	8.04
bj	16	62	18
bj	16	62	16
bj	16	62	6.18
bj	16	62	11.5
bj	16	62	27.1
bj	16	62	7.32
bj	16	62	20
bj	16	62	11.8
