bhkk	16	56	74.7
bhkk	16	56	74.71
bhkk	16	56	74.7167
bhkk	16	56	74.72
bhkk	16	56	74.6767
bhkk	16	56	74.7033
bhkk	16	56	74.71
bhkk	16	56	74.71
bhkk	16	56	74.71
bhkk	16	56	74.7167
bhkk	16	56	74.7167
bhkk	16	56	74.72
bhkk	16	56	74.68
bhkk	16	56	74.71
bhkk	16	56	74.7067
bhkk	16	56	74.7067
bhkk	16	56	74.7167
bhkk	16	56	74.69
bhkk	16	56	74.7033
bhkk	16	56	74.7033
bhkk	16	56	74.71
bhkk	16	56	74.69
bhkk	16	56	74.73
bhkk	16	56	74.7233
bhkk	16	56	74.7033
bhkk	16	56	74.6967
bhkk	16	56	74.7333
bhkk	16	56	74.7167
bhkk	16	56	74.7267
bhkk	16	56	74.7033
bhkk	16	56	74.71
bhkk	16	56	74.7167
bhkk	16	56	74.7067
bhkk	16	56	74.7133
bhkk	16	56	74.71
bhkk	16	56	74.71
bhkk	16	56	74.69
bhkk	16	56	74.7333
bhkk	16	56	74.7033
bhkk	16	56	74.7233
bhkk	16	56	74.7067
bhkk	16	56	74.7133
bhkk	16	56	74.7167
bhkk	16	56	74.71
bhkk	16	56	74.7233
bhkk	16	56	74.68
bhkk	16	56	74.7133
bhkk	16	56	74.7133
bhkk	16	56	74.7
bhkk	16	56	74.71
bhkk	16	56	74.7067
bhkk	16	56	74.7033
bhkk	16	56	74.7267
bhkk	16	56	74.7
bhkk	16	56	74.6867
bhkk	16	56	74.6867
bhkk	16	56	74.7033
bhkk	16	56	74.72
bhkk	16	56	74.7
bhkk	16	56	74.72
bhkk	16	56	74.6967
bhkk	16	56	74.6933
bhkk	16	56	74.6967
bhkk	16	56	74.7133
bhkk	16	56	74.7033
bhkk	16	56	74.71
bhkk	16	56	74.7167
bhkk	16	56	74.73
bhkk	16	56	74.7167
bhkk	16	56	74.72
bhkk	16	56	74.7167
bhkk	16	56	74.6867
bhkk	16	56	74.7033
bhkk	16	56	74.7
bhkk	16	56	74.69
bhkk	16	56	74.72
bhkk	16	56	74.7
bhkk	16	56	74.68
bhkk	16	56	74.7033
bhkk	16	56	74.6933
bhkk	16	56	74.72
bhkk	16	56	74.7167
bhkk	16	56	74.68
bhkk	16	56	74.72
bhkk	16	56	74.6967
bhkk	16	56	74.7267
bhkk	16	56	74.7233
bhkk	16	56	74.69
bhkk	16	56	74.7
bhkk	16	56	74.7067
bhkk	16	56	74.71
bhkk	16	56	74.7033
bhkk	16	56	74.6967
bhkk	16	56	74.74
bhkk	16	56	74.72
bhkk	16	56	74.73
bhkk	16	56	74.7233
bhkk	16	56	74.74
bhkk	16	56	74.71
bhkk	16	56	74.72
