bhkk	15	16	1.14
bhkk	15	16	1.14667
bhkk	16	16	1.83667
bhkk	13	16	0.323333
bhkk	15	16	1.14667
bhkk	16	16	1.83333
bhkk	16	16	1.83667
bhkk	16	16	1.83667
bhkk	13	16	0.323333
bhkk	14	16	0.629999
bhkk	14	16	0.633333
bhkk	14	16	0.633333
bhkk	13	16	0.319999
bhkk	14	16	0.633333
bhkk	13	16	0.323333
bhkk	13	16	0.323333
bhkk	15	16	1.14667
bhkk	15	16	1.14667
bhkk	13	16	0.323333
bhkk	16	16	1.83667
bhkk	15	16	1.14667
bhkk	15	16	1.15
bhkk	14	16	0.629999
bhkk	15	16	1.15
bhkk	15	16	1.14667
bhkk	15	16	1.14667
bhkk	14	16	0.633333
bhkk	16	16	1.83667
bhkk	14	16	0.629999
bhkk	14	16	0.633333
bhkk	15	16	1.14333
bhkk	16	16	1.83333
bhkk	15	16	1.14667
bhkk	15	16	1.14667
bhkk	12	16	0.156666
bhkk	15	16	1.14667
bhkk	14	16	0.629999
bhkk	14	16	0.633333
bhkk	16	16	1.83667
bhkk	14	16	0.629999
bhkk	14	16	0.629999
bhkk	14	16	0.629999
bhkk	15	16	1.15
bhkk	14	16	0.633333
bhkk	15	16	1.14667
bhkk	13	16	0.323333
bhkk	13	16	0.323333
bhkk	15	16	1.14667
bhkk	15	16	1.14667
bhkk	13	16	0.323333
bhkk	14	16	0.633333
bhkk	13	16	0.323333
bhkk	13	16	0.323333
bhkk	15	16	1.14667
bhkk	14	16	0.629999
bhkk	14	16	0.629999
bhkk	15	16	1.14667
bhkk	14	16	0.633333
bhkk	16	16	1.84
bhkk	14	16	0.629999
bhkk	12	16	0.153333
bhkk	14	16	0.633333
bhkk	15	16	1.14667
bhkk	15	16	1.14333
bhkk	15	16	1.14667
bhkk	13	16	0.323333
bhkk	12	16	0.156666
bhkk	15	16	1.14667
bhkk	14	16	0.633333
bhkk	14	16	0.629999
bhkk	15	16	1.14333
bhkk	15	16	1.14667
bhkk	15	16	1.14667
bhkk	11	16	0.073333
bhkk	12	16	0.156666
bhkk	14	16	0.629999
bhkk	14	16	0.633333
bhkk	15	16	1.14667
bhkk	15	16	1.14667
bhkk	14	16	0.633333
bhkk	14	16	0.629999
bhkk	13	16	0.323333
bhkk	13	16	0.323333
bhkk	14	16	0.633333
bhkk	15	16	1.14
bhkk	15	16	1.14667
bhkk	15	16	1.14667
bhkk	13	16	0.323333
bhkk	16	16	1.83667
bhkk	13	16	0.319999
bhkk	15	16	1.14667
bhkk	14	16	0.629999
bhkk	13	16	0.323333
bhkk	13	16	0.323333
bhkk	13	16	0.323333
bhkk	13	16	0.323333
bhkk	13	16	0.323333
bhkk	13	16	0.323333
bhkk	14	16	0.629999
bhkk	14	16	0.629999
