bj	16	24	0.00333
bj	14	24	0.00333
bj	15	24	0.00333
bj	15	24	0.00333
bj	16	24	0.00667
bj	15	24	0.00333
bj	16	24	0.00333
bj	16	24	0.00333
bj	16	24	0.00333
bj	16	24	0.00333
bj	15	24	0.00333
bj	15	24	0.00333
bj	16	24	0.00333
bj	16	24	0.00333
bj	16	24	0.00333
bj	15	24	0.00333
bj	16	24	0.00333
bj	15	24	0.00333
bj	15	24	0.00333
bj	16	24	0.00667
bj	16	24	0.00333
bj	16	24	0.00333
bj	16	24	0.00333
bj	16	24	0.00333
bj	16	24	0.00333
bj	14	24	0.00667
bj	16	24	0.00333
bj	15	24	0.00333
bj	16	24	0.00333
bj	16	24	0.00333
bj	15	24	0.00333
bj	16	24	0.00333
bj	16	24	0.00333
bj	16	24	0.00333
bj	15	24	0
bj	15	24	0.00333
bj	16	24	0.00333
bj	15	24	0
bj	14	24	0.00333
bj	16	24	0.00333
bj	16	24	0.00333
bj	15	24	0.00333
bj	16	24	0.00333
bj	15	24	0.00333
bj	16	24	0.00333
bj	16	24	0.00333
bj	14	24	0.00333
bj	16	24	0
bj	15	24	0.00333
bj	16	24	0.00333
bj	14	24	0.00333
bj	15	24	0.00333
bj	16	24	0.00333
bj	15	24	0
bj	16	24	0.00333
bj	16	24	0.00333
bj	16	24	0.00333
bj	15	24	0.00667
bj	16	24	0.00333
bj	16	24	0
bj	16	24	0.00333
bj	15	24	0.00333
bj	16	24	0
bj	15	24	0.00667
bj	16	24	0.00333
bj	16	24	0.00333
bj	15	24	0.00333
bj	16	24	0.00333
bj	15	24	0.00333
bj	14	24	0.00333
bj	16	24	0
bj	16	24	0.00333
bj	16	24	0.00333
bj	16	24	0.00333
bj	16	24	0.00333
bj	15	24	0.00333
bj	16	24	0.00333
bj	15	24	0.00333
bj	16	24	0.00333
bj	16	24	0.00333
bj	15	24	0.01
bj	16	24	0.00333
bj	16	24	0.00333
bj	16	24	0.00333
bj	15	24	0.00333
bj	16	24	0.00333
bj	15	24	0.00333
bj	15	24	0.00333
bj	16	24	0.00333
bj	15	24	0.00333
bj	14	24	0.00333
bj	16	24	0.00333
bj	15	24	0
bj	15	24	0.00667
bj	15	24	0.00333
bj	16	24	0
bj	14	24	0.00333
bj	16	24	0.00333
bj	16	24	0.00333
bj	16	24	0
