bj	16	28	0.0167
bj	15	28	0.00667
bj	15	28	0.00667
bj	16	28	0.00667
bj	16	28	0.0133
bj	16	28	0.00333
bj	16	28	0.00333
bj	15	28	0.01
bj	16	28	0.00667
bj	15	28	0.00667
bj	15	28	0.0233
bj	16	28	0.00333
bj	16	28	0.00667
bj	16	28	0.00333
bj	16	28	0.00667
bj	16	28	0.00667
bj	16	28	0.00667
bj	16	28	0.00667
bj	16	28	0.01
bj	16	28	0.00333
bj	16	28	0.00667
bj	16	28	0.0167
bj	16	28	0.00667
bj	16	28	0.01
bj	15	28	0.00667
bj	16	28	0.00667
bj	16	28	0.0133
bj	16	28	0.01
bj	16	28	0.00667
bj	16	28	0.00667
bj	16	28	0.00667
bj	16	28	0.00667
bj	16	28	0.00667
bj	15	28	0.0133
bj	16	28	0.01
bj	16	28	0.00667
bj	16	28	0.00667
bj	16	28	0.00667
bj	16	28	0.00667
bj	16	28	0.00333
bj	15	28	0.00667
bj	16	28	0.01
bj	16	28	0.00667
bj	16	28	0.00667
bj	16	28	0.01
bj	15	28	0.01
bj	16	28	0.00667
bj	16	28	0.00333
bj	16	28	0.00667
bj	16	28	0.00667
bj	16	28	0.00667
bj	15	28	0.00667
bj	16	28	0.00667
bj	16	28	0.0133
bj	16	28	0.02
bj	16	28	0.00667
bj	15	28	0.00667
bj	16	28	0.00333
bj	15	28	0.0167
bj	15	28	0.0133
bj	16	28	0.00667
bj	15	28	0.00667
bj	16	28	0.00667
bj	16	28	0.01
bj	14	28	0.00667
bj	15	28	0.01
bj	15	28	0.0133
bj	16	28	0.0133
bj	16	28	0.01
bj	16	28	0.01
bj	16	28	0.01
bj	16	28	0.00333
bj	16	28	0.00667
bj	15	28	0.00667
bj	16	28	0.01
bj	16	28	0
bj	16	28	0.00333
bj	16	28	0.02
bj	16	28	0.0133
bj	16	28	0.00333
bj	16	28	0.00667
bj	16	28	0.00667
bj	16	28	0.00333
bj	16	28	0.00333
bj	16	28	0.00667
bj	16	28	0.00667
bj	16	28	0.0133
bj	16	28	0.00667
bj	15	28	0.00667
bj	16	28	0.01
bj	16	28	0.00667
bj	16	28	0.01
bj	16	28	0.00667
bj	16	28	0.0133
bj	16	28	0.00667
bj	15	28	0.0167
bj	16	28	0.00667
bj	16	28	0.00667
bj	15	28	0.00667
bj	16	28	0.01
