bhkk	16	66	92.38
bhkk	16	66	92.3567
bhkk	16	66	92.35
bhkk	16	66	92.34
bhkk	16	66	92.3767
bhkk	16	66	92.3767
bhkk	16	66	92.4
bhkk	16	66	92.35
bhkk	16	66	92.3333
bhkk	16	66	92.38
bhkk	16	66	92.34
bhkk	16	66	92.36
bhkk	16	66	92.36
bhkk	16	66	92.3567
bhkk	16	66	92.3867
bhkk	16	66	92.3733
bhkk	16	66	92.35
bhkk	16	66	92.3533
bhkk	16	66	92.35
bhkk	16	66	92.3533
bhkk	16	66	92.35
bhkk	16	66	92.3467
bhkk	16	66	92.3733
bhkk	16	66	92.37
bhkk	16	66	92.34
bhkk	16	66	92.3633
bhkk	16	66	92.3467
bhkk	16	66	92.3433
bhkk	16	66	92.37
bhkk	16	66	92.3667
bhkk	16	66	92.3633
bhkk	16	66	92.38
bhkk	16	66	92.37
bhkk	16	66	92.36
bhkk	16	66	92.37
bhkk	16	66	92.37
bhkk	16	66	92.38
bhkk	16	66	92.37
bhkk	16	66	92.3667
bhkk	16	66	92.35
bhkk	16	66	92.3533
bhkk	16	66	92.3733
bhkk	16	66	92.3533
bhkk	16	66	92.3667
bhkk	16	66	92.3867
bhkk	16	66	92.3667
bhkk	16	66	92.35
bhkk	16	66	92.3533
bhkk	16	66	92.3433
bhkk	16	66	92.3633
bhkk	16	66	92.35
bhkk	16	66	92.3767
bhkk	16	66	92.3667
bhkk	16	66	92.3733
bhkk	16	66	92.3667
bhkk	16	66	92.3667
bhkk	16	66	92.36
bhkk	16	66	92.3767
bhkk	16	66	92.3633
bhkk	16	66	92.3667
bhkk	16	66	92.3667
bhkk	16	66	92.3467
bhkk	16	66	92.3667
bhkk	16	66	92.3767
bhkk	16	66	92.3767
bhkk	16	66	92.36
bhkk	16	66	92.37
bhkk	16	66	92.3633
bhkk	16	66	92.3633
bhkk	16	66	92.3767
bhkk	16	66	92.37
bhkk	16	66	92.3333
bhkk	16	66	92.3667
bhkk	16	66	92.4067
bhkk	16	66	92.35
bhkk	16	66	92.3767
bhkk	16	66	92.3667
bhkk	16	66	92.36
bhkk	16	66	92.3533
bhkk	16	66	92.4067
bhkk	16	66	92.37
bhkk	16	66	92.3567
bhkk	16	66	92.3733
bhkk	16	66	92.3767
bhkk	16	66	92.3567
bhkk	16	66	92.39
bhkk	16	66	92.3533
bhkk	16	66	92.3733
bhkk	16	66	92.3967
bhkk	16	66	92.36
bhkk	16	66	92.3967
bhkk	16	66	92.37
bhkk	16	66	92.37
bhkk	16	66	92.37
bhkk	16	66	92.39
bhkk	16	66	92.3733
bhkk	16	66	92.3633
bhkk	16	66	92.3633
bhkk	16	66	92.3533
bhkk	16	66	92.35
