bj	16	52	1.73
bj	16	52	2.66
bj	16	52	5.67
bj	16	52	3.16
bj	16	52	3.66
bj	16	52	2.4
bj	16	52	2.46
bj	16	52	1.6
bj	16	52	2.59
bj	16	52	3.43
bj	16	52	1.39
bj	16	52	2.45
bj	16	52	4.3
bj	16	52	3.63
bj	16	52	0.99
bj	16	52	2.9
bj	16	52	1.51
bj	16	52	8.21
bj	16	52	1.25
bj	16	52	0.713
bj	16	52	1.02
bj	16	52	2.74
bj	16	52	5.59
bj	16	52	1.84
bj	16	52	1.4
bj	16	52	0.82
bj	16	52	1.8
bj	16	52	3.15
bj	16	52	5.01
bj	16	52	2.78
bj	16	52	1.3
bj	16	52	3.1
bj	16	52	2.54
bj	16	52	0.563
bj	16	52	5.01
bj	16	52	2.8
bj	16	52	1.27
bj	16	52	1.21
bj	16	52	0.997
bj	16	52	2.09
bj	16	52	5
bj	16	52	1.46
bj	16	52	9.92
bj	16	52	6.68
bj	16	52	2.83
bj	16	52	2.33
bj	16	52	2.24
bj	16	52	4.03
bj	16	52	15.9
bj	16	52	2.9
bj	16	52	12.8
bj	16	52	2.15
bj	16	52	3.27
bj	16	52	0.67
bj	16	52	3.93
bj	16	52	3.99
bj	16	52	1.37
bj	16	52	2.29
bj	16	52	2.5
bj	16	52	4.6
bj	16	52	9.09
bj	16	52	3.74
bj	16	52	0.663
bj	16	52	0.327
bj	16	52	3.3
bj	16	52	1.27
bj	16	52	9.37
bj	16	52	1.25
bj	16	52	6.36
bj	16	52	11.2
bj	16	52	1.97
bj	16	52	1.75
bj	16	52	0.847
bj	16	52	0.713
bj	16	52	17.6
bj	16	52	14.5
bj	16	52	1.17
bj	16	52	2.34
bj	16	52	13.7
bj	16	52	4.8
bj	16	52	4.14
bj	16	52	1.97
bj	16	52	0.933
bj	16	52	1.17
bj	16	52	0.703
bj	16	52	3.96
bj	16	52	2.15
bj	16	52	2.72
bj	16	52	0.647
bj	16	52	9.8
bj	16	52	1.41
bj	16	52	3.49
bj	16	52	1.9
bj	16	52	2.36
bj	16	52	1.73
bj	16	52	10.8
bj	16	52	0.897
bj	16	52	2.58
bj	16	52	1.12
bj	16	52	0.733
