bhkk	16	104	159.463
bhkk	16	104	159.427
bhkk	16	104	159.4
bhkk	16	104	159.4
bhkk	16	104	159.46
bhkk	16	104	159.423
bhkk	16	104	159.437
bhkk	16	104	159.457
bhkk	16	104	159.447
bhkk	16	104	159.553
bhkk	16	104	159.41
bhkk	16	104	159.45
bhkk	16	104	159.407
bhkk	16	104	159.427
bhkk	16	104	159.413
bhkk	16	104	159.407
bhkk	16	104	159.47
bhkk	16	104	159.44
bhkk	16	104	159.453
bhkk	16	104	159.47
bhkk	16	104	159.423
bhkk	16	104	159.433
bhkk	16	104	159.43
bhkk	16	104	159.427
bhkk	16	104	159.46
bhkk	16	104	159.54
bhkk	16	104	159.487
bhkk	16	104	159.42
bhkk	16	104	159.433
bhkk	16	104	159.46
bhkk	16	104	159.427
bhkk	16	104	159.467
bhkk	16	104	159.457
bhkk	16	104	159.46
bhkk	16	104	159.47
bhkk	16	104	159.417
bhkk	16	104	159.553
bhkk	16	104	159.413
bhkk	16	104	159.417
bhkk	16	104	159.47
bhkk	16	104	159.4
bhkk	16	104	159.453
bhkk	16	104	159.483
bhkk	16	104	159.417
bhkk	16	104	159.48
bhkk	16	104	159.453
bhkk	16	104	159.423
bhkk	16	104	159.4
bhkk	16	104	159.45
bhkk	16	104	159.443
bhkk	16	104	159.497
bhkk	16	104	159.42
bhkk	16	104	159.477
bhkk	16	104	159.433
bhkk	16	104	159.427
bhkk	16	104	159.433
bhkk	16	104	159.423
bhkk	16	104	159.427
bhkk	16	104	159.467
bhkk	16	104	159.423
bhkk	16	104	159.437
bhkk	16	104	159.397
bhkk	16	104	159.453
bhkk	16	104	159.467
bhkk	16	104	159.443
bhkk	16	104	159.4
bhkk	16	104	159.393
bhkk	16	104	159.457
bhkk	16	104	159.42
bhkk	16	104	159.453
bhkk	16	104	159.46
bhkk	16	104	159.423
bhkk	16	104	159.423
bhkk	16	104	159.433
bhkk	16	104	159.437
bhkk	16	104	159.42
bhkk	16	104	159.5
bhkk	16	104	159.43
bhkk	16	104	159.473
bhkk	16	104	159.437
bhkk	16	104	159.453
bhkk	16	104	159.453
bhkk	16	104	159.413
bhkk	16	104	159.433
bhkk	16	104	159.44
bhkk	16	104	159.457
bhkk	16	104	159.483
bhkk	16	104	159.477
bhkk	16	104	159.45
bhkk	16	104	159.4
bhkk	16	104	159.483
bhkk	16	104	159.45
bhkk	16	104	159.44
bhkk	16	104	159.487
bhkk	16	104	159.48
bhkk	16	104	159.49
bhkk	16	104	159.437
bhkk	16	104	159.443
bhkk	16	104	159.417
bhkk	16	104	159.46
