bj	16	22	0
bj	15	22	0.00333
bj	15	22	0
bj	16	22	0.00333
bj	16	22	0
bj	14	22	0.00333
bj	16	22	0
bj	16	22	0
bj	16	22	0
bj	16	22	0
bj	16	22	0
bj	15	22	0
bj	16	22	0
bj	16	22	0
bj	15	22	0
bj	16	22	0
bj	15	22	0
bj	15	22	0
bj	16	22	0
bj	16	22	0
bj	16	22	0.00333
bj	15	22	0.00333
bj	16	22	0.00333
bj	16	22	0
bj	13	22	0.00333
bj	15	22	0
bj	16	22	0
bj	16	22	0
bj	16	22	0
bj	16	22	0
bj	16	22	0
bj	14	22	0.00333
bj	15	22	0
bj	16	22	0
bj	16	22	0
bj	16	22	0
bj	16	22	0
bj	15	22	0
bj	16	22	0.00333
bj	14	22	0.00333
bj	16	22	0
bj	16	22	0
bj	15	22	0.00333
bj	14	22	0
bj	16	22	0
bj	15	22	0.00333
bj	14	22	0.00333
bj	14	22	0.00333
bj	14	22	0
bj	15	22	0.00333
bj	15	22	0.00333
bj	15	22	0.00333
bj	15	22	0.00333
bj	14	22	0
bj	15	22	0
bj	16	22	0.00333
bj	16	22	0
bj	16	22	0
bj	16	22	0
bj	16	22	0
bj	16	22	0
bj	14	22	0.00333
bj	16	22	0
bj	16	22	0
bj	15	22	0.00333
bj	16	22	0
bj	15	22	0.00333
bj	16	22	0
bj	15	22	0.00333
bj	16	22	0
bj	15	22	0.00333
bj	14	22	0.00333
bj	15	22	0
bj	16	22	0
bj	16	22	0
bj	16	22	0
bj	15	22	0.00333
bj	16	22	0
bj	15	22	0
bj	16	22	0
bj	16	22	0.00333
bj	16	22	0
bj	16	22	0
bj	15	22	0
bj	16	22	0
bj	16	22	0
bj	16	22	0
bj	15	22	0.00333
bj	16	22	0.00333
bj	15	22	0.00333
bj	16	22	0
bj	16	22	0
bj	16	22	0
bj	15	22	0
bj	16	22	0.00333
bj	16	22	0.00333
bj	16	22	0.00333
bj	16	22	0
bj	15	22	0
bj	16	22	0
