bj	16	54	0.96
bj	16	54	4.07
bj	16	54	2.23
bj	16	54	6.04
bj	16	54	2.46
bj	16	54	2.22
bj	16	54	2.06
bj	16	54	5.23
bj	16	54	0.927
bj	16	54	6.91
bj	16	54	3.66
bj	16	54	5.35
bj	16	54	1.05
bj	16	54	2.64
bj	16	54	7.72
bj	16	54	6.95
bj	16	54	10.8
bj	16	54	15.8
bj	16	54	13.9
bj	16	54	4.21
bj	16	54	4.51
bj	16	54	11.6
bj	16	54	10.9
bj	16	54	1.34
bj	16	54	4.29
bj	16	54	3.49
bj	16	54	2.46
bj	16	54	6.89
bj	16	54	1.22
bj	16	54	3.79
bj	16	54	1.51
bj	16	54	1.93
bj	16	54	10.5
bj	16	54	1.46
bj	16	54	3.71
bj	16	54	2.45
bj	16	54	3.09
bj	16	54	4.46
bj	16	54	3.81
bj	16	54	3.69
bj	16	54	6.54
bj	16	54	1.03
bj	16	54	113
bj	16	54	3.61
bj	16	54	5.38
bj	16	54	3.48
bj	16	54	9.42
bj	16	54	2.05
bj	16	54	6.53
bj	16	54	2.55
bj	16	54	2.97
bj	16	54	6.88
bj	16	54	3.18
bj	16	54	1.18
bj	16	54	13.3
bj	16	54	2.88
bj	16	54	4.05
bj	16	54	10.4
bj	16	54	5.64
bj	16	54	5.1
bj	16	54	8.05
bj	16	54	14.6
bj	16	54	0.967
bj	16	54	4.42
bj	16	54	2.75
bj	16	54	2.55
bj	16	54	2.9
bj	16	54	5.25
bj	16	54	13.1
bj	16	54	2.55
bj	16	54	9.25
bj	16	54	10.7
bj	16	54	2.44
bj	16	54	6.96
bj	16	54	12.7
bj	16	54	1.6
bj	16	54	0.98
bj	16	54	5.47
bj	16	54	2.01
bj	16	54	2.55
bj	16	54	5.39
bj	16	54	4.06
bj	16	54	4.66
bj	16	54	2.94
bj	16	54	8.05
bj	16	54	2.74
bj	16	54	4.86
bj	16	54	2.27
bj	16	54	19.6
bj	16	54	2.47
bj	16	54	4.1
bj	16	54	1.51
bj	16	54	4.39
bj	16	54	16
bj	16	54	22.9
bj	16	54	6.37
bj	16	54	5.51
bj	16	54	5.17
bj	16	54	3.82
bj	16	54	8.55
