bhkk	16	80	117.193
bhkk	16	80	117.053
bhkk	16	80	117.11
bhkk	16	80	117.1
bhkk	16	80	117.067
bhkk	16	80	117.057
bhkk	16	80	117.087
bhkk	16	80	117.06
bhkk	16	80	117.503
bhkk	16	80	117.04
bhkk	16	80	118.827
bhkk	16	80	117.14
bhkk	16	80	117.053
bhkk	16	80	117.073
bhkk	16	80	117.097
bhkk	16	80	117.417
bhkk	16	80	117.357
bhkk	16	80	117.267
bhkk	16	80	117.067
bhkk	16	80	118.78
bhkk	16	80	117.03
bhkk	16	80	117.01
bhkk	16	80	117.09
bhkk	16	80	120.503
bhkk	16	80	119.483
bhkk	16	80	119.19
bhkk	16	80	117.087
bhkk	16	80	117.107
bhkk	16	80	117.04
bhkk	16	80	117.157
bhkk	16	80	117.03
bhkk	16	80	118.053
bhkk	16	80	117.727
bhkk	16	80	117.137
bhkk	16	80	117.063
bhkk	16	80	117.097
bhkk	16	80	117.043
bhkk	16	80	117.063
bhkk	16	80	117.043
bhkk	16	80	117.053
bhkk	16	80	117.037
bhkk	16	80	117.043
bhkk	16	80	117.293
bhkk	16	80	117.073
bhkk	16	80	117.05
bhkk	16	80	121.063
bhkk	16	80	117.267
bhkk	16	80	117.073
bhkk	16	80	117.033
bhkk	16	80	117.05
bhkk	16	80	117.053
bhkk	16	80	117.043
bhkk	16	80	117.07
bhkk	16	80	117.067
bhkk	16	80	117.47
bhkk	16	80	117.447
bhkk	16	80	117.073
bhkk	16	80	117.38
bhkk	16	80	117.11
bhkk	16	80	117.29
bhkk	16	80	118.237
bhkk	16	80	117.85
bhkk	16	80	117.053
bhkk	16	80	117.037
bhkk	16	80	117.037
bhkk	16	80	117.067
bhkk	16	80	117.22
bhkk	16	80	117.127
bhkk	16	80	117.017
bhkk	16	80	117.43
bhkk	16	80	117.167
bhkk	16	80	117.07
bhkk	16	80	117.033
bhkk	16	80	119.25
bhkk	16	80	117.167
bhkk	16	80	117.063
bhkk	16	80	117.067
bhkk	16	80	117.04
bhkk	16	80	117.27
bhkk	16	80	117.033
bhkk	16	80	117.04
bhkk	16	80	117.037
bhkk	16	80	117.06
bhkk	16	80	117.057
bhkk	16	80	117.06
bhkk	16	80	117.087
bhkk	16	80	117.093
bhkk	16	80	117.083
bhkk	16	80	117.393
bhkk	16	80	119.767
bhkk	16	80	119.737
bhkk	16	80	117.027
bhkk	16	80	117.63
bhkk	16	80	117.057
bhkk	16	80	117.08
bhkk	16	80	117.063
bhkk	16	80	117.433
bhkk	16	80	118.117
bhkk	16	80	117.037
bhkk	16	80	117.027
