bhkk	16	48	65.73
bhkk	16	48	65.7333
bhkk	16	48	65.7467
bhkk	16	48	65.7833
bhkk	16	48	65.7367
bhkk	16	48	65.73
bhkk	16	48	65.7533
bhkk	16	48	65.7367
bhkk	16	48	65.7667
bhkk	16	48	65.7467
bhkk	16	48	65.7467
bhkk	16	48	65.74
bhkk	16	48	65.7633
bhkk	16	48	65.7533
bhkk	16	48	65.7367
bhkk	16	48	65.75
bhkk	16	48	65.7433
bhkk	16	48	65.7433
bhkk	16	48	65.7533
bhkk	16	48	65.7533
bhkk	16	48	65.7533
bhkk	16	48	65.7567
bhkk	16	48	65.73
bhkk	16	48	65.75
bhkk	16	48	65.7767
bhkk	16	48	65.76
bhkk	16	48	65.7533
bhkk	16	48	65.7433
bhkk	16	48	65.7667
bhkk	16	48	65.76
bhkk	16	48	65.7667
bhkk	16	48	65.7733
bhkk	16	48	65.73
bhkk	16	48	65.7233
bhkk	16	48	65.7467
bhkk	16	48	65.74
bhkk	16	48	65.7333
bhkk	16	48	65.7767
bhkk	16	48	65.75
bhkk	16	48	65.74
bhkk	16	48	65.75
bhkk	16	48	65.7567
bhkk	16	48	65.74
bhkk	16	48	65.74
bhkk	16	48	65.74
bhkk	16	48	65.7767
bhkk	16	48	65.7567
bhkk	16	48	65.7533
bhkk	16	48	65.7467
bhkk	16	48	65.7767
bhkk	16	48	65.7667
bhkk	16	48	65.7633
bhkk	16	48	65.7467
bhkk	16	48	65.76
bhkk	16	48	65.7667
bhkk	16	48	65.7367
bhkk	16	48	65.8033
bhkk	16	48	65.7533
bhkk	16	48	65.7367
bhkk	16	48	65.74
bhkk	16	48	65.7633
bhkk	16	48	65.7533
bhkk	16	48	65.7433
bhkk	16	48	65.7433
bhkk	16	48	65.75
bhkk	16	48	65.7633
bhkk	16	48	65.75
bhkk	16	48	65.75
bhkk	16	48	65.74
bhkk	16	48	65.7533
bhkk	16	48	65.76
bhkk	16	48	65.7567
bhkk	16	48	65.7633
bhkk	16	48	65.7567
bhkk	16	48	65.7633
bhkk	16	48	65.77
bhkk	16	48	65.76
bhkk	16	48	65.7433
bhkk	16	48	65.7467
bhkk	16	48	65.7633
bhkk	16	48	65.7567
bhkk	16	48	65.75
bhkk	16	48	65.76
bhkk	16	48	65.7533
bhkk	16	48	65.7567
bhkk	16	48	65.7367
bhkk	16	48	65.7367
bhkk	16	48	65.7367
bhkk	16	48	65.74
bhkk	16	48	65.7267
bhkk	16	48	65.75
bhkk	16	48	65.7467
bhkk	16	48	65.76
bhkk	16	48	65.75
bhkk	16	48	65.7567
bhkk	16	48	65.7667
bhkk	16	48	65.75
bhkk	16	48	65.7633
bhkk	16	48	65.7567
bhkk	16	48	65.75
