bhkk	14	18	0.943333
bhkk	16	18	3.64667
bhkk	14	18	0.943333
bhkk	14	18	0.943333
bhkk	16	18	3.64667
bhkk	14	18	0.939999
bhkk	16	18	3.64333
bhkk	14	18	0.939999
bhkk	15	18	1.9
bhkk	15	18	1.9
bhkk	16	18	3.65
bhkk	13	18	0.453333
bhkk	14	18	0.939999
bhkk	15	18	1.9
bhkk	15	18	1.9
bhkk	15	18	1.9
bhkk	15	18	1.9
bhkk	15	18	1.90333
bhkk	15	18	1.9
bhkk	15	18	1.9
bhkk	15	18	1.90333
bhkk	16	18	3.64333
bhkk	13	18	0.446666
bhkk	15	18	1.9
bhkk	14	18	0.943333
bhkk	14	18	0.943333
bhkk	15	18	1.90333
bhkk	15	18	1.90333
bhkk	14	18	0.943333
bhkk	16	18	3.64333
bhkk	13	18	0.446666
bhkk	13	18	0.449999
bhkk	14	18	0.943333
bhkk	16	18	3.64667
bhkk	14	18	0.943333
bhkk	16	18	3.64333
bhkk	15	18	1.90333
bhkk	14	18	0.943333
bhkk	14	18	0.943333
bhkk	15	18	1.9
bhkk	15	18	1.9
bhkk	15	18	1.9
bhkk	13	18	0.449999
bhkk	14	18	0.943333
bhkk	14	18	0.943333
bhkk	16	18	3.64333
bhkk	14	18	0.943333
bhkk	15	18	1.90333
bhkk	16	18	3.65
bhkk	16	18	3.65333
bhkk	16	18	3.64667
bhkk	15	18	1.9
bhkk	16	18	3.64667
bhkk	15	18	1.9
bhkk	13	18	0.449999
bhkk	14	18	0.943333
bhkk	16	18	3.64667
bhkk	14	18	0.939999
bhkk	15	18	1.9
bhkk	15	18	1.9
bhkk	15	18	1.9
bhkk	15	18	1.9
bhkk	15	18	1.9
bhkk	14	18	0.939999
bhkk	15	18	1.9
bhkk	15	18	1.9
bhkk	14	18	0.943333
bhkk	14	18	0.943333
bhkk	16	18	3.65
bhkk	16	18	3.64667
bhkk	16	18	3.64333
bhkk	16	18	3.65
bhkk	14	18	0.943333
bhkk	14	18	0.939999
bhkk	14	18	0.936666
bhkk	14	18	0.943333
bhkk	14	18	0.939999
bhkk	14	18	0.943333
bhkk	16	18	3.64333
bhkk	16	18	3.64667
bhkk	13	18	0.449999
bhkk	15	18	1.89667
bhkk	15	18	1.9
bhkk	16	18	3.64333
bhkk	16	18	3.65
bhkk	15	18	1.90333
bhkk	15	18	1.9
bhkk	16	18	3.64667
bhkk	14	18	0.939999
bhkk	14	18	0.943333
bhkk	15	18	1.90333
bhkk	14	18	0.943333
bhkk	13	18	0.449999
bhkk	16	18	3.64667
bhkk	16	18	3.64667
bhkk	16	18	3.64667
bhkk	15	18	1.9
bhkk	14	18	0.939999
bhkk	13	18	0.449999
bhkk	15	18	1.9
