bhkk	16	78	113.537
bhkk	16	78	113.543
bhkk	16	78	113.553
bhkk	16	78	113.55
bhkk	16	78	113.537
bhkk	16	78	113.55
bhkk	16	78	113.557
bhkk	16	78	113.55
bhkk	16	78	113.553
bhkk	16	78	113.56
bhkk	16	78	113.54
bhkk	16	78	113.527
bhkk	16	78	113.527
bhkk	16	78	113.52
bhkk	16	78	113.527
bhkk	16	78	113.55
bhkk	16	78	113.527
bhkk	16	78	113.52
bhkk	16	78	113.573
bhkk	16	78	113.533
bhkk	16	78	113.513
bhkk	16	78	113.523
bhkk	16	78	113.553
bhkk	16	78	113.57
bhkk	16	78	113.64
bhkk	16	78	113.567
bhkk	16	78	113.563
bhkk	16	78	113.553
bhkk	16	78	113.59
bhkk	16	78	113.553
bhkk	16	78	113.513
bhkk	16	78	113.573
bhkk	16	78	113.547
bhkk	16	78	113.55
bhkk	16	78	113.52
bhkk	16	78	113.543
bhkk	16	78	113.573
bhkk	16	78	113.543
bhkk	16	78	113.547
bhkk	16	78	113.53
bhkk	16	78	113.56
bhkk	16	78	113.573
bhkk	16	78	113.55
bhkk	16	78	113.56
bhkk	16	78	113.547
bhkk	16	78	113.527
bhkk	16	78	113.573
bhkk	16	78	113.563
bhkk	16	78	113.55
bhkk	16	78	113.577
bhkk	16	78	113.523
bhkk	16	78	113.543
bhkk	16	78	113.563
bhkk	16	78	113.57
bhkk	16	78	113.543
bhkk	16	78	113.543
bhkk	16	78	113.547
bhkk	16	78	113.543
bhkk	16	78	113.55
bhkk	16	78	113.53
bhkk	16	78	113.537
bhkk	16	78	113.55
bhkk	16	78	113.547
bhkk	16	78	113.547
bhkk	16	78	113.523
bhkk	16	78	113.553
bhkk	16	78	113.533
bhkk	16	78	113.577
bhkk	16	78	113.553
bhkk	16	78	113.537
bhkk	16	78	113.55
bhkk	16	78	113.573
bhkk	16	78	113.53
bhkk	16	78	113.527
bhkk	16	78	113.537
bhkk	16	78	113.533
bhkk	16	78	113.543
bhkk	16	78	113.587
bhkk	16	78	113.573
bhkk	16	78	113.543
bhkk	16	78	113.533
bhkk	16	78	113.537
bhkk	16	78	113.55
bhkk	16	78	113.53
bhkk	16	78	113.533
bhkk	16	78	113.523
bhkk	16	78	113.583
bhkk	16	78	113.563
bhkk	16	78	113.55
bhkk	16	78	113.553
bhkk	16	78	113.533
bhkk	16	78	113.537
bhkk	16	78	113.543
bhkk	16	78	113.54
bhkk	16	78	113.56
bhkk	16	78	113.56
bhkk	16	78	113.58
bhkk	16	78	113.527
bhkk	16	78	113.547
bhkk	16	78	113.523
