bhkk	16	84	124.153
bhkk	16	84	124.117
bhkk	16	84	124.137
bhkk	16	84	124.147
bhkk	16	84	124.167
bhkk	16	84	124.123
bhkk	16	84	124.143
bhkk	16	84	124.157
bhkk	16	84	124.117
bhkk	16	84	124.12
bhkk	16	84	124.133
bhkk	16	84	124.133
bhkk	16	84	124.133
bhkk	16	84	124.19
bhkk	16	84	124.113
bhkk	16	84	124.11
bhkk	16	84	124.13
bhkk	16	84	124.133
bhkk	16	84	124.127
bhkk	16	84	124.127
bhkk	16	84	124.163
bhkk	16	84	124.147
bhkk	16	84	124.137
bhkk	16	84	124.133
bhkk	16	84	124.15
bhkk	16	84	124.157
bhkk	16	84	124.137
bhkk	16	84	124.113
bhkk	16	84	124.17
bhkk	16	84	124.163
bhkk	16	84	124.123
bhkk	16	84	124.103
bhkk	16	84	124.117
bhkk	16	84	124.127
bhkk	16	84	124.15
bhkk	16	84	124.103
bhkk	16	84	124.107
bhkk	16	84	124.13
bhkk	16	84	124.147
bhkk	16	84	124.133
bhkk	16	84	124.143
bhkk	16	84	124.163
bhkk	16	84	124.117
bhkk	16	84	124.17
bhkk	16	84	124.117
bhkk	16	84	124.143
bhkk	16	84	124.13
bhkk	16	84	124.127
bhkk	16	84	124.233
bhkk	16	84	124.12
bhkk	16	84	124.12
bhkk	16	84	124.153
bhkk	16	84	124.137
bhkk	16	84	124.15
bhkk	16	84	124.147
bhkk	16	84	124.143
bhkk	16	84	124.147
bhkk	16	84	124.123
bhkk	16	84	124.12
bhkk	16	84	124.11
bhkk	16	84	124.167
bhkk	16	84	124.153
bhkk	16	84	124.153
bhkk	16	84	124.14
bhkk	16	84	124.207
bhkk	16	84	124.153
bhkk	16	84	124.12
bhkk	16	84	124.127
bhkk	16	84	124.153
bhkk	16	84	124.143
bhkk	16	84	124.12
bhkk	16	84	124.12
bhkk	16	84	124.127
bhkk	16	84	124.143
bhkk	16	84	124.14
bhkk	16	84	124.137
bhkk	16	84	124.17
bhkk	16	84	124.113
bhkk	16	84	124.12
bhkk	16	84	124.163
bhkk	16	84	124.187
bhkk	16	84	124.16
bhkk	16	84	124.163
bhkk	16	84	124.21
bhkk	16	84	124.147
bhkk	16	84	124.153
bhkk	16	84	124.107
bhkk	16	84	124.15
bhkk	16	84	124.173
bhkk	16	84	124.157
bhkk	16	84	124.107
bhkk	16	84	124.147
bhkk	16	84	124.103
bhkk	16	84	124.14
bhkk	16	84	124.157
bhkk	16	84	124.12
bhkk	16	84	124.127
bhkk	16	84	124.143
bhkk	16	84	124.133
bhkk	16	84	124.12
