bhkk	16	50	69.58
bhkk	16	50	69.5767
bhkk	16	50	69.59
bhkk	16	50	69.58
bhkk	16	50	69.5667
bhkk	16	50	69.56
bhkk	16	50	69.5633
bhkk	16	50	69.5767
bhkk	16	50	69.59
bhkk	16	50	69.59
bhkk	16	50	69.5733
bhkk	16	50	69.5633
bhkk	16	50	69.6
bhkk	16	50	69.58
bhkk	16	50	69.5967
bhkk	16	50	69.59
bhkk	16	50	69.58
bhkk	16	50	69.5667
bhkk	16	50	69.58
bhkk	16	50	69.5933
bhkk	16	50	69.5733
bhkk	16	50	69.5867
bhkk	16	50	69.5767
bhkk	16	50	69.5767
bhkk	16	50	69.5833
bhkk	16	50	69.5967
bhkk	16	50	69.5967
bhkk	16	50	69.5833
bhkk	16	50	69.5567
bhkk	16	50	69.6333
bhkk	16	50	69.5767
bhkk	16	50	69.5667
bhkk	16	50	69.5733
bhkk	16	50	69.5667
bhkk	16	50	69.5667
bhkk	16	50	69.5833
bhkk	16	50	69.58
bhkk	16	50	69.5833
bhkk	16	50	69.56
bhkk	16	50	69.5767
bhkk	16	50	69.6
bhkk	16	50	69.5933
bhkk	16	50	69.5867
bhkk	16	50	69.5967
bhkk	16	50	69.5933
bhkk	16	50	69.5867
bhkk	16	50	69.5933
bhkk	16	50	69.5533
bhkk	16	50	69.6
bhkk	16	50	69.5667
bhkk	16	50	69.5733
bhkk	16	50	69.58
bhkk	16	50	69.5733
bhkk	16	50	69.57
bhkk	16	50	69.5767
bhkk	16	50	69.5933
bhkk	16	50	69.5833
bhkk	16	50	69.58
bhkk	16	50	69.5567
bhkk	16	50	69.5667
bhkk	16	50	69.6033
bhkk	16	50	69.5833
bhkk	16	50	69.5567
bhkk	16	50	69.5867
bhkk	16	50	69.5667
bhkk	16	50	69.5633
bhkk	16	50	69.5667
bhkk	16	50	69.59
bhkk	16	50	69.5867
bhkk	16	50	69.56
bhkk	16	50	69.57
bhkk	16	50	69.5633
bhkk	16	50	69.61
bhkk	16	50	69.5833
bhkk	16	50	69.58
bhkk	16	50	69.58
bhkk	16	50	69.58
bhkk	16	50	69.6067
bhkk	16	50	69.5933
bhkk	16	50	69.5867
bhkk	16	50	69.59
bhkk	16	50	69.58
bhkk	16	50	69.5767
bhkk	16	50	69.5733
bhkk	16	50	69.5833
bhkk	16	50	69.5867
bhkk	16	50	69.5667
bhkk	16	50	69.57
bhkk	16	50	69.5867
bhkk	16	50	69.58
bhkk	16	50	69.5767
bhkk	16	50	69.5767
bhkk	16	50	69.5967
bhkk	16	50	69.5933
bhkk	16	50	69.57
bhkk	16	50	69.5667
bhkk	16	50	69.59
bhkk	16	50	69.55
bhkk	16	50	69.5633
bhkk	16	50	69.5833
