bj	16	64	30.7
bj	16	64	37.8
bj	16	64	17.5
bj	16	64	34
bj	16	64	8.23
bj	16	64	8.89
bj	16	64	35.5
bj	16	64	44.2
bj	16	64	38.8
bj	16	64	18.8
bj	16	64	21.9
bj	16	64	49
bj	16	64	77.2
bj	16	64	28.3
bj	16	64	10.2
bj	16	64	20.7
bj	16	64	69.3
bj	16	64	144
bj	16	64	19.2
bj	16	64	42
bj	16	64	54.4
bj	16	64	17
bj	16	64	5.05
bj	16	64	24.6
bj	16	64	18.3
bj	16	64	19.3
bj	16	64	7.1
bj	16	64	16.7
bj	16	64	timeout
bj	16	64	timeout
bj	16	64	14.6
bj	16	64	18.2
bj	16	64	139
bj	16	64	41.6
bj	16	64	123
bj	16	64	33.4
bj	16	64	10.6
bj	16	64	33.7
bj	16	64	18.5
bj	16	64	7.36
bj	16	64	21.1
bj	16	64	49.9
bj	16	64	timeout
bj	16	64	48.8
bj	16	64	10.6
bj	16	64	46.8
bj	16	64	9.39
bj	16	64	124
bj	16	64	15
bj	16	64	18.7
bj	16	64	120
bj	16	64	15
bj	16	64	12.1
bj	16	64	39.7
bj	16	64	50
bj	16	64	47.3
bj	16	64	12.8
bj	16	64	113
bj	16	64	33.9
bj	16	64	12.5
bj	16	64	27.7
bj	16	64	40
bj	16	64	timeout
bj	16	64	18.4
bj	16	64	36.7
bj	16	64	22
bj	16	64	18.5
bj	16	64	20.9
bj	16	64	12.4
bj	16	64	35.9
bj	16	64	17.5
bj	16	64	timeout
bj	16	64	6.82
bj	16	64	41.7
bj	16	64	44
bj	16	64	17.2
bj	16	64	59.1
bj	16	64	50.8
bj	16	64	24.8
bj	16	64	19.5
bj	16	64	28.5
bj	16	64	57.8
bj	16	64	5.44
bj	16	64	16.9
bj	16	64	15.4
bj	16	64	timeout
bj	16	64	53.1
bj	16	64	16.7
bj	16	64	7
bj	16	64	58.1
bj	16	64	11.3
bj	16	64	18
bj	16	64	7.24
bj	16	64	22.9
bj	16	64	64.8
bj	16	64	12
bj	16	64	5.52
bj	16	64	33
bj	16	64	26.5
bj	16	64	64.3
