bhkk	16	40	23.23
bhkk	16	40	23.2333
bhkk	16	40	23.2333
bhkk	16	40	23.2367
bhkk	16	40	23.2467
bhkk	16	40	23.2367
bhkk	16	40	23.2333
bhkk	16	40	23.2367
bhkk	16	40	23.2333
bhkk	16	40	23.2367
bhkk	16	40	23.2333
bhkk	16	40	23.2333
bhkk	16	40	23.2467
bhkk	16	40	23.2333
bhkk	16	40	23.2467
bhkk	16	40	23.24
bhkk	16	40	23.22
bhkk	16	40	23.2333
bhkk	16	40	23.2367
bhkk	16	40	23.2433
bhkk	16	40	23.2367
bhkk	16	40	23.24
bhkk	16	40	23.23
bhkk	16	40	23.2367
bhkk	16	40	23.24
bhkk	16	40	23.2433
bhkk	16	40	23.2367
bhkk	16	40	23.24
bhkk	16	40	23.2267
bhkk	16	40	23.2367
bhkk	16	40	23.2367
bhkk	16	40	23.2267
bhkk	16	40	23.23
bhkk	16	40	23.2333
bhkk	16	40	23.2467
bhkk	16	40	23.2367
bhkk	16	40	23.24
bhkk	16	40	23.25
bhkk	16	40	23.2367
bhkk	16	40	23.2433
bhkk	16	40	23.2367
bhkk	16	40	23.2367
bhkk	16	40	23.24
bhkk	16	40	23.2333
bhkk	16	40	23.2367
bhkk	16	40	23.2367
bhkk	16	40	23.2367
bhkk	16	40	23.2333
bhkk	16	40	23.2467
bhkk	16	40	23.2267
bhkk	16	40	23.2367
bhkk	16	40	23.2333
bhkk	16	40	23.2367
bhkk	16	40	23.2367
bhkk	16	40	23.2367
bhkk	16	40	23.24
bhkk	16	40	23.23
bhkk	16	40	23.2333
bhkk	16	40	23.2333
bhkk	16	40	23.2333
bhkk	16	40	23.23
bhkk	16	40	23.2367
bhkk	16	40	23.24
bhkk	16	40	23.2333
bhkk	15	40	10.06
bhkk	16	40	23.2333
bhkk	16	40	23.25
bhkk	16	40	23.24
bhkk	16	40	23.2367
bhkk	16	40	23.2367
bhkk	16	40	23.23
bhkk	16	40	23.23
bhkk	16	40	23.24
bhkk	16	40	23.2367
bhkk	16	40	23.2333
bhkk	16	40	23.2367
bhkk	16	40	23.2367
bhkk	15	40	10.0633
bhkk	16	40	23.2433
bhkk	16	40	23.2333
bhkk	16	40	23.24
bhkk	16	40	23.2333
bhkk	16	40	23.24
bhkk	16	40	23.2367
bhkk	16	40	23.2367
bhkk	16	40	23.2367
bhkk	16	40	23.2433
bhkk	16	40	23.24
bhkk	16	40	23.2333
bhkk	16	40	23.2333
bhkk	16	40	23.24
bhkk	16	40	23.23
bhkk	16	40	23.2333
bhkk	16	40	23.24
bhkk	16	40	23.2367
bhkk	16	40	23.24
bhkk	16	40	23.2367
bhkk	16	40	23.2367
bhkk	16	40	23.2333
bhkk	16	40	23.2367
