bj	16	58	3.51
bj	16	58	7.34
bj	16	58	5.26
bj	16	58	20.3
bj	16	58	4.96
bj	16	58	8.23
bj	16	58	3.64
bj	16	58	3.29
bj	16	58	3.84
bj	16	58	58.7
bj	16	58	7.61
bj	16	58	7.85
bj	16	58	13.2
bj	16	58	9.7
bj	16	58	20
bj	16	58	3.31
bj	16	58	2.64
bj	16	58	16
bj	16	58	6.75
bj	16	58	8.98
bj	16	58	2.23
bj	16	58	7.33
bj	16	58	13.2
bj	16	58	6.38
bj	16	58	37.1
bj	16	58	2.77
bj	16	58	5.75
bj	16	58	10.3
bj	16	58	18.3
bj	16	58	7.93
bj	16	58	7.14
bj	16	58	2.95
bj	16	58	2.34
bj	16	58	13.7
bj	16	58	9.12
bj	16	58	5.54
bj	16	58	4.58
bj	16	58	13.6
bj	16	58	9.2
bj	16	58	10.7
bj	16	58	4.03
bj	16	58	14.2
bj	16	58	3.73
bj	16	58	5.15
bj	16	58	9.03
bj	16	58	13.2
bj	16	58	5.45
bj	16	58	4.86
bj	16	58	5.77
bj	16	58	6.2
bj	16	58	6.94
bj	16	58	2.02
bj	16	58	1.29
bj	16	58	4.86
bj	16	58	15.8
bj	16	58	5.39
bj	16	58	5.04
bj	16	58	9.41
bj	16	58	7.23
bj	16	58	16.3
bj	16	58	66.9
bj	16	58	9.19
bj	16	58	6.58
bj	16	58	5.22
bj	16	58	4.87
bj	16	58	5.21
bj	16	58	5.66
bj	16	58	10.7
bj	16	58	9.45
bj	16	58	28.7
bj	16	58	38.1
bj	16	58	9.77
bj	16	58	5.24
bj	16	58	46.6
bj	16	58	13.2
bj	16	58	7.69
bj	16	58	5.23
bj	16	58	3.66
bj	16	58	2.71
bj	16	58	5.14
bj	16	58	9.06
bj	16	58	6.14
bj	16	58	23.2
bj	16	58	4.19
bj	16	58	8.98
bj	16	58	2.48
bj	16	58	4.99
bj	16	58	33.1
bj	16	58	5.51
bj	16	58	9.52
bj	16	58	3.2
bj	16	58	6.94
bj	16	58	2.27
bj	16	58	2.24
bj	16	58	18.2
bj	16	58	10.4
bj	16	58	5.25
bj	16	58	36.5
bj	16	58	22.6
bj	16	58	5.88
