bhkk	16	58	84.9
bhkk	16	58	84.89
bhkk	16	58	84.9067
bhkk	16	58	84.8933
bhkk	16	58	84.88
bhkk	16	58	84.8667
bhkk	16	58	84.9033
bhkk	16	58	84.9233
bhkk	16	58	84.9233
bhkk	16	58	84.9
bhkk	16	58	84.87
bhkk	16	58	84.91
bhkk	16	58	84.9
bhkk	16	58	84.8933
bhkk	16	58	84.8867
bhkk	16	58	84.9033
bhkk	16	58	84.9067
bhkk	16	58	84.8933
bhkk	16	58	84.8833
bhkk	16	58	84.8867
bhkk	16	58	84.8967
bhkk	16	58	84.9267
bhkk	16	58	84.9133
bhkk	16	58	84.9167
bhkk	16	58	84.8967
bhkk	16	58	84.8967
bhkk	16	58	84.88
bhkk	16	58	84.9167
bhkk	16	58	84.9267
bhkk	16	58	84.8633
bhkk	16	58	84.9267
bhkk	16	58	84.9
bhkk	16	58	84.96
bhkk	16	58	84.8933
bhkk	16	58	84.9167
bhkk	16	58	84.9167
bhkk	16	58	84.9
bhkk	16	58	84.89
bhkk	16	58	84.8833
bhkk	16	58	84.89
bhkk	16	58	84.8967
bhkk	16	58	84.91
bhkk	16	58	84.88
bhkk	16	58	84.9033
bhkk	16	58	84.8967
bhkk	16	58	84.8867
bhkk	16	58	84.9067
bhkk	16	58	84.89
bhkk	16	58	84.9
bhkk	16	58	84.9067
bhkk	16	58	84.9033
bhkk	16	58	84.89
bhkk	16	58	84.8767
bhkk	16	58	84.8867
bhkk	16	58	84.9
bhkk	16	58	84.8833
bhkk	16	58	84.9
bhkk	16	58	84.8833
bhkk	16	58	84.87
bhkk	16	58	84.9633
bhkk	16	58	84.9033
bhkk	16	58	84.89
bhkk	16	58	84.92
bhkk	16	58	84.8767
bhkk	16	58	84.9067
bhkk	16	58	84.8733
bhkk	16	58	84.87
bhkk	16	58	84.9133
bhkk	16	58	84.8933
bhkk	16	58	84.9
bhkk	16	58	84.9233
bhkk	16	58	84.91
bhkk	16	58	84.9067
bhkk	16	58	84.91
bhkk	16	58	84.8967
bhkk	16	58	84.9167
bhkk	16	58	84.8967
bhkk	16	58	84.89
bhkk	16	58	84.8833
bhkk	16	58	84.8633
bhkk	16	58	84.89
bhkk	16	58	84.9033
bhkk	16	58	84.8967
bhkk	16	58	84.9133
bhkk	16	58	84.9
bhkk	16	58	84.91
bhkk	16	58	84.9133
bhkk	16	58	84.8933
bhkk	16	58	84.9167
bhkk	16	58	84.9033
bhkk	16	58	84.9067
bhkk	16	58	84.8767
bhkk	16	58	84.89
bhkk	16	58	84.9067
bhkk	16	58	84.9167
bhkk	16	58	84.9
bhkk	16	58	84.89
bhkk	16	58	84.9067
bhkk	16	58	84.8767
bhkk	16	58	84.8833
