bhkk	16	96	145.32
bhkk	16	96	145.267
bhkk	16	96	145.293
bhkk	16	96	145.317
bhkk	16	96	145.283
bhkk	16	96	145.263
bhkk	16	96	145.29
bhkk	16	96	145.293
bhkk	16	96	145.333
bhkk	16	96	145.257
bhkk	16	96	145.317
bhkk	16	96	145.317
bhkk	16	96	145.277
bhkk	16	96	145.28
bhkk	16	96	145.29
bhkk	16	96	145.29
bhkk	16	96	145.31
bhkk	16	96	145.273
bhkk	16	96	145.307
bhkk	16	96	145.347
bhkk	16	96	145.29
bhkk	16	96	145.273
bhkk	16	96	145.3
bhkk	16	96	145.38
bhkk	16	96	145.3
bhkk	16	96	145.26
bhkk	16	96	145.283
bhkk	16	96	145.307
bhkk	16	96	145.273
bhkk	16	96	145.337
bhkk	16	96	145.277
bhkk	16	96	145.33
bhkk	16	96	145.28
bhkk	16	96	145.29
bhkk	16	96	145.303
bhkk	16	96	145.28
bhkk	16	96	145.297
bhkk	16	96	145.283
bhkk	16	96	145.29
bhkk	16	96	145.28
bhkk	16	96	145.28
bhkk	16	96	145.287
bhkk	16	96	145.287
bhkk	16	96	145.31
bhkk	16	96	145.313
bhkk	16	96	145.27
bhkk	16	96	145.3
bhkk	16	96	145.287
bhkk	16	96	145.307
bhkk	16	96	145.31
bhkk	16	96	145.31
bhkk	16	96	145.283
bhkk	16	96	145.313
bhkk	16	96	145.287
bhkk	16	96	145.31
bhkk	16	96	145.267
bhkk	16	96	145.303
bhkk	16	96	145.293
bhkk	16	96	145.347
bhkk	16	96	145.25
bhkk	16	96	145.263
bhkk	16	96	145.293
bhkk	16	96	145.313
bhkk	16	96	145.3
bhkk	16	96	145.29
bhkk	16	96	145.307
bhkk	16	96	145.3
bhkk	16	96	145.32
bhkk	16	96	145.343
bhkk	16	96	145.283
bhkk	16	96	145.293
bhkk	16	96	145.263
bhkk	16	96	145.313
bhkk	16	96	145.273
bhkk	16	96	145.3
bhkk	16	96	145.277
bhkk	16	96	145.297
bhkk	16	96	145.283
bhkk	16	96	145.303
bhkk	16	96	145.31
bhkk	16	96	145.26
bhkk	16	96	145.277
bhkk	16	96	145.32
bhkk	16	96	145.277
bhkk	16	96	145.287
bhkk	16	96	145.333
bhkk	16	96	145.273
bhkk	16	96	145.293
bhkk	16	96	145.28
bhkk	16	96	145.307
bhkk	16	96	145.287
bhkk	16	96	145.32
bhkk	16	96	145.32
bhkk	16	96	145.32
bhkk	16	96	145.317
bhkk	16	96	145.287
bhkk	16	96	145.303
bhkk	16	96	145.333
bhkk	16	96	145.297
bhkk	16	96	145.253
