bj	16	36	0.09
bj	16	36	0.0233
bj	16	36	0.16
bj	16	36	0.17
bj	16	36	0.0267
bj	16	36	0.0733
bj	16	36	0.0633
bj	16	36	0.13
bj	16	36	0.0333
bj	16	36	0.0267
bj	16	36	0.0433
bj	16	36	0.0233
bj	15	36	0.0633
bj	16	36	0.0767
bj	16	36	0.0633
bj	16	36	0.03
bj	16	36	0.06
bj	16	36	0.0733
bj	16	36	0.0567
bj	16	36	0.08
bj	16	36	0.05
bj	16	36	0.203
bj	16	36	0.103
bj	16	36	0.0833
bj	16	36	0.183
bj	16	36	0.0667
bj	16	36	0.103
bj	16	36	0.07
bj	16	36	0.06
bj	16	36	0.0833
bj	16	36	0.0767
bj	16	36	0.07
bj	16	36	0.0767
bj	16	36	0.04
bj	16	36	0.327
bj	15	36	0.0833
bj	16	36	0.0467
bj	16	36	0.0367
bj	16	36	0.0367
bj	16	36	0.04
bj	16	36	0.243
bj	16	36	0.0967
bj	16	36	0.113
bj	16	36	0.0733
bj	16	36	0.06
bj	15	36	0.107
bj	16	36	0.0567
bj	15	36	0.05
bj	16	36	0.0867
bj	16	36	0.0567
bj	16	36	0.06
bj	15	36	0.0667
bj	16	36	0.0367
bj	16	36	0.0733
bj	16	36	0.0567
bj	16	36	0.103
bj	16	36	0.0233
bj	16	36	0.0567
bj	16	36	0.0933
bj	16	36	0.03
bj	16	36	0.0967
bj	16	36	0.03
bj	16	36	0.157
bj	16	36	0.0267
bj	16	36	0.0467
bj	16	36	0.0567
bj	16	36	0.06
bj	16	36	0.08
bj	16	36	0.233
bj	16	36	0.0733
bj	16	36	0.1
bj	16	36	0.0567
bj	15	36	0.0567
bj	16	36	0.04
bj	16	36	0.04
bj	16	36	0.0967
bj	16	36	0.107
bj	16	36	0.127
bj	15	36	0.15
bj	16	36	0.0533
bj	16	36	0.0433
bj	16	36	0.0267
bj	16	36	0.0233
bj	16	36	0.06
bj	16	36	0.0567
bj	16	36	0.0667
bj	16	36	0.13
bj	15	36	0.0967
bj	16	36	0.0367
bj	16	36	0.187
bj	16	36	0.0867
bj	16	36	0.0333
bj	16	36	0.0333
bj	16	36	0.06
bj	16	36	0.103
bj	16	36	0.0233
bj	16	36	0.07
bj	16	36	0.0633
bj	16	36	0.0333
bj	16	36	0.0633
