bhkk	16	82	120.597
bhkk	16	82	120.587
bhkk	16	82	120.547
bhkk	16	82	120.583
bhkk	16	82	120.57
bhkk	16	82	120.573
bhkk	16	82	120.557
bhkk	16	82	120.557
bhkk	16	82	120.613
bhkk	16	82	120.573
bhkk	16	82	120.583
bhkk	16	82	120.617
bhkk	16	82	120.54
bhkk	16	82	120.583
bhkk	16	82	120.617
bhkk	16	82	120.577
bhkk	16	82	120.563
bhkk	16	82	120.567
bhkk	16	82	120.577
bhkk	16	82	120.577
bhkk	16	82	120.587
bhkk	16	82	120.57
bhkk	16	82	120.553
bhkk	16	82	120.56
bhkk	16	82	120.59
bhkk	16	82	120.58
bhkk	16	82	120.61
bhkk	16	82	120.61
bhkk	16	82	120.623
bhkk	16	82	120.597
bhkk	16	82	120.583
bhkk	16	82	120.587
bhkk	16	82	120.583
bhkk	16	82	120.58
bhkk	16	82	120.567
bhkk	16	82	120.557
bhkk	16	82	120.607
bhkk	16	82	120.6
bhkk	16	82	120.57
bhkk	16	82	120.583
bhkk	16	82	120.607
bhkk	16	82	120.62
bhkk	16	82	120.587
bhkk	16	82	120.617
bhkk	16	82	120.55
bhkk	16	82	120.567
bhkk	16	82	120.573
bhkk	16	82	120.597
bhkk	16	82	120.573
bhkk	16	82	120.563
bhkk	16	82	120.587
bhkk	16	82	120.553
bhkk	16	82	120.587
bhkk	16	82	120.597
bhkk	16	82	120.693
bhkk	16	82	120.61
bhkk	16	82	120.58
bhkk	16	82	120.59
bhkk	16	82	120.583
bhkk	16	82	120.57
bhkk	16	82	120.587
bhkk	16	82	120.583
bhkk	16	82	120.573
bhkk	16	82	120.577
bhkk	16	82	120.58
bhkk	16	82	120.57
bhkk	16	82	120.56
bhkk	16	82	120.593
bhkk	16	82	120.613
bhkk	16	82	120.563
bhkk	16	82	120.57
bhkk	16	82	120.59
bhkk	16	82	120.57
bhkk	16	82	120.56
bhkk	16	82	120.62
bhkk	16	82	120.61
bhkk	16	82	120.59
bhkk	16	82	120.593
bhkk	16	82	120.603
bhkk	16	82	120.583
bhkk	16	82	120.573
bhkk	16	82	120.577
bhkk	16	82	120.603
bhkk	16	82	120.577
bhkk	16	82	120.567
bhkk	16	82	120.557
bhkk	16	82	120.563
bhkk	16	82	120.573
bhkk	16	82	120.613
bhkk	16	82	120.58
bhkk	16	82	120.593
bhkk	16	82	120.567
bhkk	16	82	120.587
bhkk	16	82	120.577
bhkk	16	82	120.587
bhkk	16	82	120.59
bhkk	16	82	120.603
bhkk	16	82	120.577
bhkk	16	82	120.58
bhkk	16	82	120.597
