bhkk	16	74	106.463
bhkk	16	74	106.47
bhkk	16	74	106.743
bhkk	16	74	106.473
bhkk	16	74	106.523
bhkk	16	74	106.467
bhkk	16	74	107.107
bhkk	16	74	107.17
bhkk	16	74	106.853
bhkk	16	74	106.483
bhkk	16	74	106.48
bhkk	16	74	106.763
bhkk	16	74	106.49
bhkk	16	74	106.733
bhkk	16	74	107.39
bhkk	16	74	106.657
bhkk	16	74	109.32
bhkk	16	74	106.817
bhkk	16	74	106.453
bhkk	16	74	107.35
bhkk	16	74	106.467
bhkk	16	74	106.467
bhkk	16	74	106.497
bhkk	16	74	106.673
bhkk	16	74	106.707
bhkk	16	74	106.55
bhkk	16	74	106.517
bhkk	16	74	106.513
bhkk	16	74	106.54
bhkk	16	74	106.553
bhkk	16	74	107.97
bhkk	16	74	106.563
bhkk	16	74	108.607
bhkk	16	74	106.47
bhkk	16	74	106.473
bhkk	16	74	106.56
bhkk	16	74	106.597
bhkk	16	74	107.41
bhkk	16	74	106.583
bhkk	16	74	106.513
bhkk	16	74	106.483
bhkk	16	74	106.47
bhkk	16	74	106.797
bhkk	16	74	106.65
bhkk	16	74	106.717
bhkk	16	74	106.73
bhkk	16	74	106.7
bhkk	16	74	106.77
bhkk	16	74	106.487
bhkk	16	74	106.61
bhkk	16	74	106.493
bhkk	16	74	106.493
bhkk	16	74	106.58
bhkk	16	74	108.197
bhkk	16	74	106.56
bhkk	16	74	107.987
bhkk	16	74	106.533
bhkk	16	74	108.823
bhkk	16	74	106.543
bhkk	16	74	106.753
bhkk	16	74	106.48
bhkk	16	74	106.963
bhkk	16	74	106.51
bhkk	16	74	106.88
bhkk	16	74	106.463
bhkk	16	74	106.517
bhkk	16	74	106.513
bhkk	16	74	107.147
bhkk	16	74	106.55
bhkk	16	74	106.6
bhkk	16	74	106.473
bhkk	16	74	106.473
bhkk	16	74	106.59
bhkk	16	74	106.553
bhkk	16	74	106.557
bhkk	16	74	107.67
bhkk	16	74	106.503
bhkk	16	74	106.523
bhkk	16	74	106.93
bhkk	16	74	106.487
bhkk	16	74	106.477
bhkk	16	74	106.647
bhkk	16	74	106.777
bhkk	16	74	106.87
bhkk	16	74	106.5
bhkk	16	74	106.487
bhkk	16	74	106.49
bhkk	16	74	109.307
bhkk	16	74	106.683
bhkk	16	74	106.917
bhkk	16	74	107
bhkk	16	74	107.923
bhkk	16	74	107.153
bhkk	16	74	108.66
bhkk	16	74	106.703
bhkk	16	74	106.53
bhkk	16	74	106.747
bhkk	16	74	107.7
bhkk	16	74	106.733
bhkk	16	74	106.817
