bhkk	16	94	153.88
bhkk	16	94	153.877
bhkk	16	94	153.833
bhkk	16	94	153.797
bhkk	16	94	153.833
bhkk	16	94	153.827
bhkk	16	94	153.84
bhkk	16	94	153.87
bhkk	16	94	153.823
bhkk	16	94	153.83
bhkk	16	94	153.853
bhkk	16	94	153.837
bhkk	16	94	153.83
bhkk	16	94	153.877
bhkk	16	94	153.897
bhkk	16	94	153.85
bhkk	16	94	153.823
bhkk	16	94	153.9
bhkk	16	94	153.833
bhkk	16	94	153.847
bhkk	16	94	153.85
bhkk	16	94	153.837
bhkk	16	94	153.833
bhkk	16	94	153.84
bhkk	16	94	153.817
bhkk	16	94	153.82
bhkk	16	94	153.84
bhkk	16	94	153.863
bhkk	16	94	153.84
bhkk	16	94	153.823
bhkk	16	94	153.87
bhkk	16	94	153.887
bhkk	16	94	153.863
bhkk	16	94	153.823
bhkk	16	94	153.79
bhkk	16	94	153.87
bhkk	16	94	153.843
bhkk	16	94	153.783
bhkk	16	94	153.837
bhkk	16	94	153.83
bhkk	16	94	153.843
bhkk	16	94	153.867
bhkk	16	94	153.83
bhkk	16	94	153.86
bhkk	16	94	153.8
bhkk	16	94	153.857
bhkk	16	94	153.86
bhkk	16	94	153.877
bhkk	16	94	153.8
bhkk	16	94	153.81
bhkk	16	94	153.82
bhkk	16	94	153.84
bhkk	16	94	153.863
bhkk	16	94	153.807
bhkk	16	94	153.827
bhkk	16	94	153.84
bhkk	16	94	153.853
bhkk	16	94	153.857
bhkk	16	94	153.8
bhkk	16	94	153.81
bhkk	16	94	153.843
bhkk	16	94	153.823
bhkk	16	94	153.853
bhkk	16	94	153.807
bhkk	16	94	153.83
bhkk	16	94	153.8
bhkk	16	94	153.807
bhkk	16	94	153.967
bhkk	16	94	153.863
bhkk	16	94	153.86
bhkk	16	94	153.817
bhkk	16	94	153.88
bhkk	16	94	153.8
bhkk	16	94	153.793
bhkk	16	94	153.863
bhkk	16	94	153.87
bhkk	16	94	153.787
bhkk	16	94	153.867
bhkk	16	94	153.857
bhkk	16	94	153.79
bhkk	16	94	153.823
bhkk	16	94	153.873
bhkk	16	94	153.83
bhkk	16	94	153.823
bhkk	16	94	153.86
bhkk	16	94	153.86
bhkk	16	94	153.82
bhkk	16	94	153.843
bhkk	16	94	153.833
bhkk	16	94	153.843
bhkk	16	94	153.867
bhkk	16	94	153.84
bhkk	16	94	153.867
bhkk	16	94	153.81
bhkk	16	94	153.843
bhkk	16	94	153.897
bhkk	16	94	153.877
bhkk	16	94	153.827
bhkk	16	94	153.83
bhkk	16	94	153.83
