bj	16	32	0.0233
bj	15	32	0.0233
bj	16	32	0.09
bj	16	32	0.02
bj	16	32	0.03
bj	16	32	0.0167
bj	16	32	0.02
bj	16	32	0.06
bj	16	32	0.02
bj	16	32	0.01
bj	16	32	0.03
bj	16	32	0.0233
bj	16	32	0.0133
bj	16	32	0.0233
bj	16	32	0.0467
bj	16	32	0.0133
bj	16	32	0.0167
bj	16	32	0.0567
bj	16	32	0.0667
bj	16	32	0.07
bj	16	32	0.0267
bj	16	32	0.0267
bj	16	32	0.0167
bj	16	32	0.0167
bj	16	32	0.03
bj	16	32	0.0167
bj	16	32	0.0167
bj	16	32	0.0167
bj	16	32	0.0367
bj	16	32	0.00333
bj	15	32	0.02
bj	16	32	0.05
bj	16	32	0.0233
bj	15	32	0.02
bj	16	32	0.01
bj	16	32	0.0133
bj	16	32	0.0133
bj	16	32	0.02
bj	16	32	0.0433
bj	16	32	0.0133
bj	16	32	0.01
bj	16	32	0.0433
bj	16	32	0.0267
bj	16	32	0.0233
bj	16	32	0.0167
bj	16	32	0.0233
bj	16	32	0.04
bj	15	32	0.0333
bj	16	32	0.01
bj	16	32	0.0267
bj	16	32	0.0633
bj	16	32	0.03
bj	14	32	0.0267
bj	16	32	0.02
bj	16	32	0.0167
bj	16	32	0.06
bj	16	32	0.0167
bj	16	32	0.0133
bj	16	32	0.0367
bj	16	32	0.0133
bj	16	32	0.0567
bj	16	32	0.0267
bj	16	32	0.0367
bj	16	32	0.02
bj	16	32	0.0133
bj	16	32	0.0433
bj	16	32	0.0133
bj	16	32	0.01
bj	16	32	0.0267
bj	16	32	0.09
bj	16	32	0.0167
bj	16	32	0.01
bj	16	32	0.0233
bj	16	32	0.0233
bj	16	32	0.01
bj	16	32	0.0367
bj	16	32	0.01
bj	16	32	0.0367
bj	16	32	0.0133
bj	16	32	0.05
bj	16	32	0.0167
bj	16	32	0.04
bj	16	32	0.0433
bj	16	32	0.01
bj	16	32	0.0267
bj	15	32	0.03
bj	16	32	0.0267
bj	16	32	0.03
bj	16	32	0.0233
bj	16	32	0.03
bj	16	32	0.0167
bj	16	32	0.03
bj	16	32	0.0467
bj	16	32	0.0267
bj	15	32	0.03
bj	16	32	0.01
bj	16	32	0.03
bj	16	32	0.0933
bj	16	32	0.01
bj	16	32	0.02
