bj	16	42	0.197
bj	16	42	0.6
bj	16	42	0.223
bj	16	42	0.137
bj	16	42	0.707
bj	16	42	0.44
bj	16	42	0.18
bj	16	42	0.163
bj	16	42	0.643
bj	16	42	0.8
bj	16	42	0.223
bj	16	42	0.207
bj	16	42	0.21
bj	16	42	0.39
bj	16	42	0.19
bj	16	42	0.113
bj	16	42	0.29
bj	16	42	0.37
bj	16	42	0.157
bj	16	42	0.183
bj	16	42	0.173
bj	16	42	0.487
bj	16	42	0.47
bj	16	42	0.687
bj	16	42	1.63
bj	16	42	0.23
bj	16	42	0.577
bj	16	42	0.207
bj	16	42	0.2
bj	16	42	0.287
bj	16	42	0.13
bj	16	42	0.277
bj	16	42	0.737
bj	16	42	0.24
bj	16	42	0.223
bj	16	42	0.24
bj	16	42	0.527
bj	16	42	0.21
bj	16	42	0.717
bj	16	42	0.337
bj	16	42	0.15
bj	16	42	0.143
bj	16	42	0.0867
bj	16	42	0.157
bj	16	42	0.177
bj	16	42	0.397
bj	16	42	0.693
bj	16	42	0.713
bj	16	42	0.543
bj	16	42	0.24
bj	16	42	0.0967
bj	16	42	0.12
bj	16	42	0.307
bj	16	42	0.577
bj	16	42	0.407
bj	16	42	0.487
bj	16	42	0.223
bj	16	42	0.387
bj	16	42	0.733
bj	16	42	0.137
bj	16	42	0.197
bj	16	42	0.633
bj	16	42	0.137
bj	16	42	1.42
bj	16	42	0.16
bj	16	42	0.213
bj	16	42	0.1
bj	16	42	1.09
bj	16	42	0.117
bj	16	42	0.187
bj	16	42	0.443
bj	16	42	0.203
bj	16	42	0.743
bj	16	42	0.173
bj	16	42	0.09
bj	16	42	0.207
bj	16	42	0.397
bj	16	42	0.353
bj	16	42	0.29
bj	16	42	0.4
bj	16	42	0.0967
bj	16	42	0.367
bj	16	42	0.92
bj	16	42	0.627
bj	16	42	0.127
bj	15	42	0.46
bj	16	42	0.177
bj	16	42	0.197
bj	16	42	0.817
bj	16	42	0.32
bj	16	42	0.197
bj	16	42	0.91
bj	15	42	0.16
bj	16	42	0.167
bj	16	42	0.167
bj	16	42	0.113
bj	16	42	0.747
bj	16	42	0.197
bj	16	42	0.443
bj	16	42	0.187
