bj	16	56	6.66
bj	16	56	3.46
bj	16	56	15.7
bj	16	56	17.6
bj	16	56	7.04
bj	16	56	10.9
bj	16	56	4.87
bj	16	56	18.8
bj	16	56	5.66
bj	16	56	3.46
bj	16	56	6.91
bj	16	56	2.12
bj	16	56	3.08
bj	16	56	5.65
bj	16	56	3.9
bj	16	56	3.23
bj	16	56	10.4
bj	16	56	0.62
bj	16	56	4.4
bj	16	56	1.9
bj	16	56	9.5
bj	16	56	2.98
bj	16	56	3.12
bj	16	56	3.29
bj	16	56	6.07
bj	16	56	3.94
bj	16	56	8.39
bj	16	56	5.79
bj	16	56	6.39
bj	16	56	5.01
bj	16	56	6.9
bj	16	56	85.3
bj	16	56	6.14
bj	16	56	4.73
bj	16	56	2.09
bj	16	56	8.43
bj	16	56	1.01
bj	16	56	6.68
bj	16	56	12.1
bj	16	56	12.5
bj	16	56	10.1
bj	16	56	7.44
bj	16	56	8.66
bj	16	56	16.7
bj	16	56	1.72
bj	16	56	4.42
bj	16	56	8.83
bj	16	56	5.01
bj	16	56	5.62
bj	16	56	3.93
bj	16	56	4.95
bj	16	56	1.33
bj	16	56	50.9
bj	16	56	5.27
bj	16	56	1.88
bj	16	56	35.7
bj	16	56	2.79
bj	16	56	8.72
bj	16	56	6.07
bj	16	56	2.7
bj	16	56	4.14
bj	16	56	2.68
bj	16	56	2.47
bj	16	56	3.27
bj	16	56	7.3
bj	16	56	2.6
bj	16	56	3.14
bj	16	56	13.9
bj	16	56	11.8
bj	16	56	2.63
bj	16	56	1.47
bj	16	56	10.7
bj	16	56	3.75
bj	16	56	9.43
bj	16	56	3.6
bj	16	56	15.3
bj	16	56	3.58
bj	16	56	10.1
bj	16	56	4.93
bj	16	56	10.8
bj	16	56	1.74
bj	16	56	36.5
bj	16	56	2.07
bj	16	56	4.11
bj	16	56	1.86
bj	16	56	14.6
bj	16	56	2.34
bj	16	56	4.14
bj	16	56	4.89
bj	16	56	9.54
bj	16	56	7.08
bj	16	56	4.34
bj	16	56	6.29
bj	16	56	13.8
bj	16	56	5.49
bj	16	56	49.6
bj	16	56	4.44
bj	16	56	19.2
bj	16	56	16.3
bj	16	56	2.35
