bj	16	68	108
bj	16	68	14.1
bj	16	68	66.5
bj	16	68	19.6
bj	16	68	58.2
bj	16	68	37.1
bj	16	68	24.9
bj	16	68	54
bj	16	68	56.2
bj	16	68	34.1
bj	16	68	80.1
bj	16	68	29.8
bj	16	68	73.3
bj	16	68	35.6
bj	16	68	39.5
bj	16	68	51.6
bj	16	68	30.9
bj	16	68	timeout
bj	16	68	timeout
bj	16	68	92.4
bj	16	68	22.6
bj	16	68	35.3
bj	16	68	44.6
bj	16	68	59.6
bj	16	68	18.1
bj	16	68	timeout
bj	16	68	71.6
bj	16	68	60.5
bj	16	68	134
bj	16	68	43.3
bj	16	68	timeout
bj	16	68	20
bj	16	68	6.1
bj	16	68	49.5
bj	16	68	25.9
bj	16	68	63.7
bj	16	68	18
bj	16	68	45.7
bj	16	68	96.2
bj	16	68	17.2
bj	16	68	timeout
bj	16	68	46.5
bj	16	68	timeout
bj	16	68	12.4
bj	16	68	142
bj	16	68	32.8
bj	16	68	26.9
bj	16	68	31
bj	16	68	23.6
bj	16	68	141
bj	16	68	24.7
bj	16	68	22.3
bj	16	68	50.6
bj	16	68	timeout
bj	16	68	37
bj	16	68	28
bj	16	68	41.5
bj	16	68	37.3
bj	16	68	25.6
bj	16	68	42.2
bj	16	68	46.4
bj	16	68	28.6
bj	16	68	38
bj	16	68	85.1
bj	16	68	62.5
bj	16	68	8.61
bj	16	68	21.3
bj	16	68	37
bj	16	68	83.4
bj	16	68	17.1
bj	16	68	14.6
bj	16	68	58.3
bj	16	68	61.6
bj	16	68	54.1
bj	16	68	20.4
bj	16	68	42.4
bj	16	68	54.5
bj	16	68	24.4
bj	16	68	36.3
bj	16	68	23.6
bj	16	68	122
bj	16	68	159
bj	16	68	timeout
bj	16	68	59
bj	16	68	81.4
bj	16	68	136
bj	16	68	timeout
bj	16	68	timeout
bj	16	68	58.5
bj	16	68	32.6
bj	16	68	13.1
bj	16	68	79.7
bj	16	68	14.5
bj	16	68	58.3
bj	16	68	timeout
bj	16	68	17.5
bj	16	68	77.6
bj	16	68	43.3
bj	16	68	timeout
bj	16	68	13.9
