bj	16	60	3.16
bj	16	60	16.3
bj	16	60	33.1
bj	16	60	3.77
bj	16	60	4.29
bj	16	60	74.4
bj	16	60	3.67
bj	16	60	17.3
bj	16	60	10.4
bj	16	60	3.93
bj	16	60	1.54
bj	16	60	28.3
bj	16	60	6.12
bj	16	60	6.07
bj	16	60	4.76
bj	16	60	19.8
bj	16	60	23.2
bj	16	60	46.3
bj	16	60	11
bj	16	60	5.1
bj	16	60	41.5
bj	16	60	13
bj	16	60	5.53
bj	16	60	19.5
bj	16	60	21.7
bj	16	60	9.3
bj	16	60	19.9
bj	16	60	7.53
bj	16	60	8.95
bj	16	60	3.91
bj	16	60	15.1
bj	16	60	5.59
bj	16	60	28.7
bj	16	60	149
bj	16	60	10.4
bj	16	60	8.71
bj	16	60	12.4
bj	16	60	8.44
bj	16	60	15.6
bj	16	60	26.7
bj	16	60	18.1
bj	16	60	87
bj	16	60	5.43
bj	16	60	4.32
bj	16	60	15.5
bj	16	60	7.53
bj	16	60	4.59
bj	16	60	6.04
bj	16	60	14.9
bj	16	60	33.2
bj	16	60	5.06
bj	16	60	20.5
bj	16	60	12.2
bj	16	60	16.1
bj	16	60	67.9
bj	16	60	8.96
bj	16	60	29.4
bj	16	60	13.5
bj	16	60	12.3
bj	16	60	4.29
bj	16	60	21.9
bj	16	60	21.7
bj	16	60	19.4
bj	16	60	11.1
bj	16	60	19
bj	16	60	4.11
bj	16	60	1.97
bj	16	60	4.87
bj	16	60	17.9
bj	16	60	6.72
bj	16	60	17.8
bj	16	60	16.7
bj	16	60	13.4
bj	16	60	13.4
bj	16	60	86.5
bj	16	60	14.3
bj	16	60	2.93
bj	16	60	15.5
bj	16	60	10.4
bj	16	60	6.05
bj	16	60	13.8
bj	16	60	24.4
bj	16	60	8.72
bj	16	60	10.6
bj	16	60	1.15
bj	16	60	11.9
bj	16	60	5.44
bj	16	60	24.2
bj	16	60	21.1
bj	16	60	7.43
bj	16	60	4.53
bj	16	60	8.32
bj	16	60	4.72
bj	16	60	38.5
bj	16	60	50.9
bj	16	60	32.7
bj	16	60	33.6
bj	16	60	4.81
bj	16	60	35.9
bj	16	60	9.64
