bhkk	16	20	5.44667
bhkk	16	20	5.44667
bhkk	16	20	5.45
bhkk	15	20	2.65333
bhkk	14	20	1.25
bhkk	15	20	2.64667
bhkk	16	20	5.45
bhkk	15	20	2.65333
bhkk	16	20	5.56
bhkk	15	20	2.65333
bhkk	16	20	5.44333
bhkk	15	20	2.69
bhkk	16	20	5.45333
bhkk	16	20	5.45333
bhkk	16	20	5.68333
bhkk	16	20	5.51333
bhkk	16	20	5.61333
bhkk	15	20	2.67667
bhkk	16	20	5.45333
bhkk	16	20	5.51
bhkk	15	20	2.65333
bhkk	14	20	1.25
bhkk	15	20	2.65
bhkk	16	20	5.51333
bhkk	15	20	2.71667
bhkk	16	20	5.44667
bhkk	15	20	2.65333
bhkk	15	20	2.65333
bhkk	16	20	5.45
bhkk	16	20	5.45
bhkk	15	20	2.65333
bhkk	15	20	2.65333
bhkk	14	20	1.25333
bhkk	14	20	1.25
bhkk	15	20	2.65
bhkk	16	20	5.45
bhkk	15	20	2.65333
bhkk	15	20	2.65333
bhkk	14	20	1.25
bhkk	16	20	5.44667
bhkk	15	20	2.65333
bhkk	16	20	5.45333
bhkk	15	20	2.64667
bhkk	16	20	5.45
bhkk	15	20	2.65333
bhkk	15	20	2.65333
bhkk	14	20	1.25333
bhkk	15	20	2.65333
bhkk	16	20	5.45333
bhkk	16	20	5.45
bhkk	15	20	2.65333
bhkk	15	20	2.65
bhkk	15	20	2.65333
bhkk	14	20	1.25333
bhkk	15	20	2.65333
bhkk	15	20	2.64667
bhkk	16	20	5.45667
bhkk	15	20	2.65333
bhkk	16	20	5.45
bhkk	14	20	1.25333
bhkk	14	20	1.25333
bhkk	16	20	5.45
bhkk	16	20	5.44667
bhkk	16	20	5.45333
bhkk	16	20	5.45
bhkk	16	20	5.45333
bhkk	16	20	5.45333
bhkk	16	20	5.45
bhkk	16	20	5.44333
bhkk	16	20	5.45
bhkk	15	20	2.65667
bhkk	14	20	1.25333
bhkk	13	20	0.576666
bhkk	16	20	5.45
bhkk	14	20	1.25
bhkk	16	20	5.45
bhkk	15	20	2.65
bhkk	14	20	1.25333
bhkk	14	20	1.25333
bhkk	15	20	2.65333
bhkk	15	20	2.65333
bhkk	14	20	1.25333
bhkk	15	20	2.65
bhkk	13	20	0.576666
bhkk	15	20	2.65333
bhkk	15	20	2.65333
bhkk	15	20	2.65333
bhkk	14	20	1.25333
bhkk	16	20	5.45
bhkk	14	20	1.25
bhkk	15	20	2.65
bhkk	14	20	1.25333
bhkk	14	20	1.25333
bhkk	15	20	2.65333
bhkk	15	20	2.65333
bhkk	15	20	2.65333
bhkk	16	20	5.45
bhkk	16	20	5.44667
bhkk	16	20	5.45333
bhkk	15	20	2.65
