bhkk	16	106	162.967
bhkk	16	106	162.937
bhkk	16	106	163.007
bhkk	16	106	163.033
bhkk	16	106	162.973
bhkk	16	106	162.977
bhkk	16	106	162.957
bhkk	16	106	162.97
bhkk	16	106	163.007
bhkk	16	106	162.98
bhkk	16	106	162.95
bhkk	16	106	162.943
bhkk	16	106	163.007
bhkk	16	106	163.02
bhkk	16	106	163.01
bhkk	16	106	162.98
bhkk	16	106	162.97
bhkk	16	106	162.96
bhkk	16	106	163.017
bhkk	16	106	162.977
bhkk	16	106	162.997
bhkk	16	106	162.987
bhkk	16	106	163
bhkk	16	106	162.967
bhkk	16	106	162.983
bhkk	16	106	163.013
bhkk	16	106	162.97
bhkk	16	106	162.98
bhkk	16	106	162.997
bhkk	16	106	162.96
bhkk	16	106	162.987
bhkk	16	106	162.973
bhkk	16	106	162.997
bhkk	16	106	162.977
bhkk	16	106	162.967
bhkk	16	106	162.987
bhkk	16	106	162.957
bhkk	16	106	162.987
bhkk	16	106	162.983
bhkk	16	106	162.94
bhkk	16	106	162.967
bhkk	16	106	162.973
bhkk	16	106	162.973
bhkk	16	106	162.983
bhkk	16	106	162.973
bhkk	16	106	163
bhkk	16	106	162.933
bhkk	16	106	162.947
bhkk	16	106	163.01
bhkk	16	106	163.01
bhkk	16	106	162.96
bhkk	16	106	163.027
bhkk	16	106	162.957
bhkk	16	106	162.997
bhkk	16	106	163
bhkk	16	106	163.003
bhkk	16	106	162.983
bhkk	16	106	162.98
bhkk	16	106	163.017
bhkk	16	106	162.973
bhkk	16	106	162.967
bhkk	16	106	163.08
bhkk	16	106	162.973
bhkk	16	106	162.987
bhkk	16	106	162.98
bhkk	16	106	162.98
bhkk	16	106	162.99
bhkk	16	106	162.983
bhkk	16	106	162.957
bhkk	16	106	162.947
bhkk	16	106	162.977
bhkk	16	106	162.977
bhkk	16	106	162.963
bhkk	16	106	162.99
bhkk	16	106	162.95
bhkk	16	106	162.963
bhkk	16	106	162.957
bhkk	16	106	162.97
bhkk	16	106	162.94
bhkk	16	106	162.987
bhkk	16	106	162.923
bhkk	16	106	163.007
bhkk	16	106	162.95
bhkk	16	106	163
bhkk	16	106	163.007
bhkk	16	106	163
bhkk	16	106	162.97
bhkk	16	106	162.977
bhkk	16	106	162.983
bhkk	16	106	162.99
bhkk	16	106	162.957
bhkk	16	106	162.987
bhkk	16	106	162.967
bhkk	16	106	163.15
bhkk	16	106	162.987
bhkk	16	106	162.98
bhkk	16	106	163.093
bhkk	16	106	162.92
bhkk	16	106	162.927
bhkk	16	106	162.977
