bhkk	16	86	127.67
bhkk	16	86	127.637
bhkk	16	86	127.703
bhkk	16	86	127.647
bhkk	16	86	127.687
bhkk	16	86	127.697
bhkk	16	86	127.66
bhkk	16	86	127.68
bhkk	16	86	127.65
bhkk	16	86	127.697
bhkk	16	86	127.677
bhkk	16	86	127.693
bhkk	16	86	127.66
bhkk	16	86	127.657
bhkk	16	86	127.653
bhkk	16	86	127.663
bhkk	16	86	127.667
bhkk	16	86	127.667
bhkk	16	86	127.647
bhkk	16	86	127.653
bhkk	16	86	127.663
bhkk	16	86	127.647
bhkk	16	86	127.67
bhkk	16	86	127.663
bhkk	16	86	127.693
bhkk	16	86	127.703
bhkk	16	86	127.687
bhkk	16	86	127.64
bhkk	16	86	127.687
bhkk	16	86	127.683
bhkk	16	86	127.64
bhkk	16	86	127.67
bhkk	16	86	127.68
bhkk	16	86	127.67
bhkk	16	86	127.663
bhkk	16	86	127.653
bhkk	16	86	127.633
bhkk	16	86	127.657
bhkk	16	86	127.677
bhkk	16	86	127.7
bhkk	16	86	127.68
bhkk	16	86	127.683
bhkk	16	86	127.7
bhkk	16	86	127.647
bhkk	16	86	127.69
bhkk	16	86	127.653
bhkk	16	86	127.65
bhkk	16	86	127.66
bhkk	16	86	127.65
bhkk	16	86	127.647
bhkk	16	86	127.657
bhkk	16	86	127.65
bhkk	16	86	127.653
bhkk	16	86	127.68
bhkk	16	86	127.67
bhkk	16	86	127.687
bhkk	16	86	127.657
bhkk	16	86	127.71
bhkk	16	86	127.643
bhkk	16	86	127.68
bhkk	16	86	127.677
bhkk	16	86	127.737
bhkk	16	86	127.68
bhkk	16	86	127.653
bhkk	16	86	127.707
bhkk	16	86	127.663
bhkk	16	86	127.66
bhkk	16	86	127.67
bhkk	16	86	127.653
bhkk	16	86	127.66
bhkk	16	86	127.66
bhkk	16	86	127.667
bhkk	16	86	127.637
bhkk	16	86	127.667
bhkk	16	86	127.693
bhkk	16	86	127.65
bhkk	16	86	127.673
bhkk	16	86	127.687
bhkk	16	86	127.69
bhkk	16	86	127.623
bhkk	16	86	127.68
bhkk	16	86	127.64
bhkk	16	86	127.637
bhkk	16	86	127.663
bhkk	16	86	127.643
bhkk	16	86	127.7
bhkk	16	86	127.63
bhkk	16	86	127.673
bhkk	16	86	127.71
bhkk	16	86	127.67
bhkk	16	86	127.66
bhkk	16	86	127.65
bhkk	16	86	127.68
bhkk	16	86	127.69
bhkk	16	86	127.67
bhkk	16	86	127.673
bhkk	16	86	127.68
bhkk	16	86	127.67
bhkk	16	86	127.69
bhkk	16	86	127.707
