bj	16	50	2.26
bj	16	50	1.2
bj	16	50	1.72
bj	16	50	1.4
bj	16	50	3.37
bj	16	50	0.99
bj	16	50	3.14
bj	16	50	24.1
bj	16	50	1.31
bj	16	50	0.933
bj	16	50	3.24
bj	16	50	13.7
bj	16	50	1.12
bj	16	50	1.43
bj	16	50	2.02
bj	16	50	3.32
bj	16	50	2.72
bj	16	50	1.52
bj	16	50	3.59
bj	16	50	6.38
bj	16	50	1.31
bj	16	50	0.8
bj	16	50	0.93
bj	16	50	1.23
bj	16	50	4.88
bj	16	50	0.733
bj	16	50	1.41
bj	16	50	0.713
bj	16	50	1.1
bj	16	50	1.86
bj	16	50	0.903
bj	16	50	1.65
bj	16	50	5.75
bj	16	50	0.95
bj	16	50	2.29
bj	16	50	2.84
bj	16	50	0.453
bj	16	50	0.34
bj	16	50	4.29
bj	16	50	4.02
bj	16	50	3.25
bj	16	50	1.67
bj	16	50	2.03
bj	16	50	2.48
bj	16	50	0.68
bj	16	50	1.96
bj	16	50	0.707
bj	16	50	0.837
bj	16	50	3.75
bj	16	50	1.45
bj	16	50	1.56
bj	16	50	2.46
bj	16	50	2.42
bj	16	50	2.32
bj	16	50	0.787
bj	16	50	2.62
bj	16	50	0.877
bj	16	50	0.75
bj	16	50	4.15
bj	16	50	0.293
bj	16	50	8.25
bj	16	50	5.08
bj	16	50	4.38
bj	16	50	1.5
bj	16	50	0.983
bj	16	50	0.387
bj	16	50	3.79
bj	16	50	3.36
bj	16	50	1.65
bj	16	50	3.14
bj	16	50	0.887
bj	16	50	2.01
bj	16	50	4.88
bj	16	50	6.86
bj	16	50	0.667
bj	16	50	0.773
bj	16	50	1.12
bj	16	50	1.76
bj	16	50	2.13
bj	16	50	2.75
bj	16	50	1.98
bj	16	50	3.28
bj	16	50	1.32
bj	16	50	0.587
bj	16	50	3.42
bj	16	50	1.66
bj	16	50	0.517
bj	16	50	2.36
bj	16	50	4
bj	16	50	2.31
bj	16	50	0.247
bj	16	50	0.223
bj	16	50	2.68
bj	16	50	1.22
bj	16	50	1.27
bj	16	50	1.53
bj	16	50	4.29
bj	16	50	0.857
bj	16	50	1.3
bj	16	50	1.23
