bhkk	16	110	171.597
bhkk	16	110	170.43
bhkk	16	110	172.273
bhkk	16	110	170.02
bhkk	16	110	172.947
bhkk	16	110	170.143
bhkk	16	110	169.997
bhkk	16	110	170.243
bhkk	16	110	173.03
bhkk	16	110	171.17
bhkk	16	110	170.373
bhkk	16	110	170.06
bhkk	16	110	172.83
bhkk	16	110	170.55
bhkk	16	110	170.353
bhkk	16	110	174.423
bhkk	16	110	170.073
bhkk	16	110	170.23
bhkk	16	110	169.987
bhkk	16	110	169.993
bhkk	16	110	170.05
bhkk	16	110	170.013
bhkk	16	110	171.413
bhkk	16	110	170.223
bhkk	16	110	171.513
bhkk	16	110	170.373
bhkk	16	110	173.04
bhkk	16	110	172.07
bhkk	16	110	170.817
bhkk	16	110	170.023
bhkk	16	110	171.453
bhkk	16	110	170.343
bhkk	16	110	170.017
bhkk	16	110	173.663
bhkk	16	110	170.247
bhkk	16	110	170.197
bhkk	16	110	170.057
bhkk	16	110	170.273
bhkk	16	110	170.027
bhkk	16	110	170.233
bhkk	16	110	170.013
bhkk	16	110	170.327
bhkk	16	110	170.027
bhkk	16	110	171.983
bhkk	16	110	170.293
bhkk	16	110	170.333
bhkk	16	110	170.16
bhkk	16	110	170.053
bhkk	16	110	170.747
bhkk	16	110	171.33
bhkk	16	110	170.013
bhkk	16	110	170.1
bhkk	16	110	170.053
bhkk	16	110	170.007
bhkk	16	110	174.683
bhkk	16	110	171.357
bhkk	16	110	170
bhkk	16	110	170.05
bhkk	16	110	169.98
bhkk	16	110	171.85
bhkk	16	110	170.647
bhkk	16	110	170.973
bhkk	16	110	170.883
bhkk	16	110	170.033
bhkk	16	110	176.973
bhkk	16	110	170.233
bhkk	16	110	170.043
bhkk	16	110	170.21
bhkk	16	110	170.007
bhkk	16	110	170.937
bhkk	16	110	170.197
bhkk	16	110	170.343
bhkk	16	110	170.103
bhkk	16	110	170.497
bhkk	16	110	170.357
bhkk	16	110	170.42
bhkk	16	110	170.493
bhkk	16	110	171.163
bhkk	16	110	172.43
bhkk	16	110	177.667
bhkk	16	110	170.27
bhkk	16	110	169.993
bhkk	16	110	170.443
bhkk	16	110	170.887
bhkk	16	110	170.013
bhkk	16	110	170.01
bhkk	16	110	170.05
bhkk	16	110	170.23
bhkk	16	110	170.833
bhkk	16	110	170.083
bhkk	16	110	171.627
bhkk	16	110	170.023
bhkk	16	110	170.03
bhkk	16	110	170.13
bhkk	16	110	170.113
bhkk	16	110	170.263
bhkk	16	110	170.033
bhkk	16	110	170.467
bhkk	16	110	170.193
bhkk	16	110	170.03
