bj	16	46	0.46
bj	16	46	0.573
bj	16	46	1.95
bj	16	46	1.1
bj	16	46	2.59
bj	16	46	0.477
bj	16	46	1.92
bj	16	46	0.363
bj	16	46	0.707
bj	16	46	0.32
bj	16	46	0.737
bj	16	46	0.237
bj	16	46	0.55
bj	16	46	7.68
bj	16	46	0.62
bj	16	46	1.75
bj	16	46	1.69
bj	16	46	0.243
bj	16	46	0.5
bj	16	46	0.457
bj	16	46	0.173
bj	16	46	0.427
bj	16	46	0.91
bj	16	46	1.61
bj	16	46	1.79
bj	16	46	0.36
bj	16	46	0.87
bj	16	46	0.52
bj	16	46	5.91
bj	16	46	1.23
bj	16	46	0.84
bj	16	46	0.247
bj	15	46	1.32
bj	16	46	0.457
bj	16	46	1.02
bj	16	46	1.01
bj	16	46	0.133
bj	16	46	0.663
bj	16	46	0.493
bj	16	46	1.75
bj	16	46	0.27
bj	16	46	1.78
bj	16	46	1.15
bj	16	46	0.33
bj	16	46	0.837
bj	16	46	0.93
bj	16	46	0.193
bj	16	46	1
bj	16	46	0.56
bj	16	46	0.227
bj	16	46	0.743
bj	16	46	1.93
bj	16	46	1.62
bj	16	46	0.337
bj	16	46	0.61
bj	16	46	2.04
bj	16	46	0.443
bj	16	46	1.35
bj	16	46	0.23
bj	16	46	1.14
bj	16	46	0.63
bj	16	46	0.493
bj	16	46	0.583
bj	16	46	0.6
bj	16	46	0.893
bj	16	46	0.65
bj	16	46	0.217
bj	16	46	0.79
bj	16	46	0.443
bj	16	46	1.01
bj	16	46	0.573
bj	16	46	0.597
bj	16	46	0.61
bj	16	46	0.63
bj	16	46	0.707
bj	16	46	1.57
bj	16	46	0.52
bj	16	46	1
bj	16	46	0.327
bj	16	46	0.78
bj	16	46	0.773
bj	16	46	1.16
bj	16	46	1.05
bj	16	46	0.63
bj	16	46	1.06
bj	16	46	1.29
bj	16	46	0.13
bj	16	46	0.277
bj	16	46	0.25
bj	16	46	0.69
bj	16	46	0.947
bj	16	46	0.747
bj	16	46	0.493
bj	16	46	0.963
bj	16	46	1.5
bj	16	46	0.223
bj	16	46	0.567
bj	16	46	0.807
bj	16	46	0.223
bj	16	46	2.48
