bhkk	16	22	7.25
bhkk	15	22	3.4
bhkk	15	22	3.40333
bhkk	16	22	7.25
bhkk	16	22	7.24333
bhkk	14	22	1.56
bhkk	16	22	7.24667
bhkk	16	22	7.24667
bhkk	16	22	7.25
bhkk	16	22	7.24333
bhkk	16	22	7.25
bhkk	15	22	3.39333
bhkk	16	22	7.24333
bhkk	16	22	7.24
bhkk	15	22	3.4
bhkk	16	22	7.25
bhkk	15	22	3.4
bhkk	15	22	3.40333
bhkk	16	22	7.24
bhkk	16	22	7.24333
bhkk	16	22	7.24667
bhkk	15	22	3.4
bhkk	16	22	7.24667
bhkk	16	22	7.25
bhkk	13	22	0.699999
bhkk	15	22	3.40333
bhkk	16	22	7.24667
bhkk	16	22	7.24
bhkk	16	22	7.25
bhkk	16	22	7.25
bhkk	16	22	7.24667
bhkk	14	22	1.69667
bhkk	15	22	3.39667
bhkk	16	22	7.24333
bhkk	16	22	7.25
bhkk	16	22	7.24667
bhkk	16	22	7.25
bhkk	15	22	3.40333
bhkk	16	22	7.25
bhkk	14	22	1.56
bhkk	16	22	7.25
bhkk	16	22	7.24667
bhkk	15	22	3.4
bhkk	14	22	1.56
bhkk	16	22	7.25
bhkk	15	22	3.4
bhkk	14	22	1.56
bhkk	14	22	1.56
bhkk	14	22	1.56
bhkk	15	22	3.4
bhkk	15	22	3.39667
bhkk	15	22	3.4
bhkk	15	22	3.43333
bhkk	14	22	1.56
bhkk	15	22	3.39667
bhkk	16	22	7.24667
bhkk	16	22	7.25
bhkk	16	22	7.27
bhkk	16	22	7.24333
bhkk	16	22	7.33
bhkk	16	22	7.35
bhkk	14	22	1.56
bhkk	16	22	7.31333
bhkk	16	22	7.24667
bhkk	15	22	3.4
bhkk	16	22	7.24
bhkk	15	22	3.4
bhkk	16	22	7.24667
bhkk	15	22	3.40333
bhkk	16	22	7.24667
bhkk	15	22	3.39667
bhkk	14	22	1.56333
bhkk	15	22	3.39667
bhkk	16	22	7.25333
bhkk	16	22	7.24667
bhkk	16	22	7.24667
bhkk	15	22	3.4
bhkk	16	22	7.25
bhkk	15	22	3.4
bhkk	16	22	7.24667
bhkk	16	22	7.24333
bhkk	16	22	7.24333
bhkk	16	22	7.24
bhkk	15	22	3.4
bhkk	16	22	7.25
bhkk	16	22	7.24
bhkk	16	22	7.25
bhkk	15	22	3.4
bhkk	16	22	7.25
bhkk	15	22	3.4
bhkk	16	22	7.24333
bhkk	16	22	7.25333
bhkk	16	22	7.24667
bhkk	15	22	3.4
bhkk	16	22	7.24667
bhkk	16	22	7.24333
bhkk	16	22	7.24667
bhkk	16	22	7.24333
bhkk	15	22	3.4
bhkk	16	22	7.24667
