bhkk	16	44	26.7667
bhkk	16	44	53.52
bhkk	16	44	26.7733
bhkk	16	44	53.5333
bhkk	16	44	53.59
bhkk	16	44	26.76
bhkk	16	44	26.7733
bhkk	16	44	26.7767
bhkk	16	44	26.7767
bhkk	16	44	53.54
bhkk	16	44	26.77
bhkk	16	44	26.7767
bhkk	16	44	26.7733
bhkk	16	44	26.7733
bhkk	16	44	26.7867
bhkk	16	44	53.5433
bhkk	16	44	26.7733
bhkk	16	44	26.7733
bhkk	16	44	26.77
bhkk	16	44	26.7833
bhkk	16	44	53.53
bhkk	16	44	26.7733
bhkk	16	44	26.7833
bhkk	16	44	26.77
bhkk	16	44	26.7767
bhkk	16	44	26.7733
bhkk	16	44	26.7733
bhkk	16	44	26.77
bhkk	16	44	26.7733
bhkk	16	44	26.7733
bhkk	16	44	26.7767
bhkk	16	44	53.5267
bhkk	16	44	53.54
bhkk	16	44	26.7767
bhkk	16	44	26.7733
bhkk	16	44	26.7767
bhkk	16	44	26.7767
bhkk	16	44	26.78
bhkk	16	44	26.7733
bhkk	16	44	53.5333
bhkk	16	44	26.78
bhkk	16	44	26.7767
bhkk	16	44	53.5267
bhkk	16	44	26.7767
bhkk	16	44	26.7767
bhkk	16	44	26.78
bhkk	16	44	26.7767
bhkk	16	44	26.7733
bhkk	16	44	53.5233
bhkk	16	44	53.55
bhkk	16	44	53.5367
bhkk	16	44	26.7767
bhkk	16	44	26.7733
bhkk	16	44	53.53
bhkk	16	44	26.7767
bhkk	16	44	53.56
bhkk	16	44	53.5333
bhkk	16	44	26.7733
bhkk	16	44	26.78
bhkk	16	44	53.5367
bhkk	16	44	26.78
bhkk	16	44	26.7733
bhkk	16	44	26.7733
bhkk	16	44	26.7667
bhkk	16	44	26.7767
bhkk	16	44	53.54
bhkk	16	44	53.5433
bhkk	16	44	26.7767
bhkk	16	44	26.77
bhkk	16	44	26.78
bhkk	16	44	26.7733
bhkk	16	44	26.7667
bhkk	16	44	26.7767
bhkk	16	44	26.7733
bhkk	16	44	26.7767
bhkk	16	44	53.5467
bhkk	16	44	53.5333
bhkk	16	44	26.78
bhkk	16	44	26.78
bhkk	16	44	26.77
bhkk	16	44	26.7767
bhkk	16	44	26.7733
bhkk	16	44	26.7733
bhkk	16	44	53.5433
bhkk	16	44	26.7767
bhkk	16	44	53.54
bhkk	16	44	53.5333
bhkk	16	44	26.78
bhkk	16	44	26.78
bhkk	16	44	53.54
bhkk	16	44	26.7767
bhkk	16	44	26.7767
bhkk	16	44	26.7767
bhkk	16	44	53.5333
bhkk	16	44	53.52
bhkk	16	44	26.7833
bhkk	16	44	53.5433
bhkk	16	44	26.7733
bhkk	16	44	26.76
bhkk	16	44	26.7733
