bhkk	16	76	110.003
bhkk	16	76	109.987
bhkk	16	76	110.03
bhkk	16	76	109.977
bhkk	16	76	109.99
bhkk	16	76	110.093
bhkk	16	76	109.997
bhkk	16	76	110.003
bhkk	16	76	110.04
bhkk	16	76	110.01
bhkk	16	76	110.017
bhkk	16	76	110.04
bhkk	16	76	110.037
bhkk	16	76	110.013
bhkk	16	76	109.983
bhkk	16	76	110.017
bhkk	16	76	109.987
bhkk	16	76	110.037
bhkk	16	76	110.013
bhkk	16	76	110.017
bhkk	16	76	110.017
bhkk	16	76	110.017
bhkk	16	76	110.027
bhkk	16	76	110.027
bhkk	16	76	110.007
bhkk	16	76	110.013
bhkk	16	76	110.013
bhkk	16	76	109.983
bhkk	16	76	110.017
bhkk	16	76	110.037
bhkk	16	76	110.023
bhkk	16	76	110.02
bhkk	16	76	110.017
bhkk	16	76	110
bhkk	16	76	110.003
bhkk	16	76	110.007
bhkk	16	76	110.003
bhkk	16	76	110.013
bhkk	16	76	109.99
bhkk	16	76	110.02
bhkk	16	76	110.003
bhkk	16	76	110.02
bhkk	16	76	110.01
bhkk	16	76	109.99
bhkk	16	76	110.023
bhkk	16	76	110.02
bhkk	16	76	110.02
bhkk	16	76	110.01
bhkk	16	76	110.03
bhkk	16	76	110.01
bhkk	16	76	109.99
bhkk	16	76	109.993
bhkk	16	76	110.033
bhkk	16	76	110.023
bhkk	16	76	110.01
bhkk	16	76	109.973
bhkk	16	76	110.04
bhkk	16	76	109.98
bhkk	16	76	109.993
bhkk	16	76	110.01
bhkk	16	76	109.983
bhkk	16	76	109.987
bhkk	16	76	110.03
bhkk	16	76	109.997
bhkk	16	76	110.04
bhkk	16	76	110.013
bhkk	16	76	110.013
bhkk	16	76	109.987
bhkk	16	76	110.03
bhkk	16	76	110.033
bhkk	16	76	110.007
bhkk	16	76	110.01
bhkk	16	76	110.01
bhkk	16	76	110.007
bhkk	16	76	110.037
bhkk	16	76	110.003
bhkk	16	76	110.017
bhkk	16	76	110.017
bhkk	16	76	110.01
bhkk	16	76	110
bhkk	16	76	110.017
bhkk	16	76	110.003
bhkk	16	76	110.023
bhkk	16	76	110.01
bhkk	16	76	110.033
bhkk	16	76	110.003
bhkk	16	76	110.02
bhkk	16	76	109.99
bhkk	16	76	110.017
bhkk	16	76	110.023
bhkk	16	76	109.99
bhkk	16	76	110.017
bhkk	16	76	110.01
bhkk	16	76	110.017
bhkk	16	76	110.003
bhkk	16	76	110.05
bhkk	16	76	110.017
bhkk	16	76	110.003
bhkk	16	76	110.02
bhkk	16	76	110.013
