bhkk	16	54	77.22
bhkk	16	54	77.24
bhkk	16	54	77.25
bhkk	16	54	77.2533
bhkk	16	54	77.24
bhkk	16	54	77.26
bhkk	16	54	77.24
bhkk	16	54	77.2533
bhkk	16	54	77.26
bhkk	16	54	77.2467
bhkk	16	54	77.2333
bhkk	16	54	77.2367
bhkk	16	54	77.2467
bhkk	16	54	77.23
bhkk	16	54	77.24
bhkk	16	54	77.2267
bhkk	16	54	77.2533
bhkk	16	54	77.2433
bhkk	16	54	77.2533
bhkk	16	54	77.2533
bhkk	16	54	77.25
bhkk	16	54	77.2467
bhkk	16	54	77.2233
bhkk	16	54	77.2167
bhkk	16	54	77.2533
bhkk	16	54	77.2633
bhkk	16	54	77.2467
bhkk	16	54	77.2567
bhkk	16	54	77.2333
bhkk	16	54	77.2367
bhkk	16	54	77.2267
bhkk	16	54	77.2433
bhkk	16	54	77.24
bhkk	16	54	77.24
bhkk	16	54	77.21
bhkk	16	54	77.22
bhkk	16	54	77.2433
bhkk	16	54	77.2567
bhkk	16	54	77.2133
bhkk	16	54	77.2567
bhkk	16	54	77.25
bhkk	16	54	77.2333
bhkk	16	54	77.2467
bhkk	16	54	77.2567
bhkk	16	54	77.2367
bhkk	16	54	77.26
bhkk	16	54	77.21
bhkk	16	54	77.2233
bhkk	16	54	77.2167
bhkk	16	54	77.2333
bhkk	16	54	77.2333
bhkk	16	54	77.2533
bhkk	16	54	77.2667
bhkk	16	54	77.25
bhkk	16	54	77.2533
bhkk	16	54	77.2467
bhkk	16	54	77.2467
bhkk	16	54	77.24
bhkk	16	54	77.2433
bhkk	16	54	77.2567
bhkk	16	54	77.2367
bhkk	16	54	77.23
bhkk	16	54	77.2467
bhkk	16	54	77.2333
bhkk	16	54	77.2233
bhkk	16	54	77.26
bhkk	16	54	77.22
bhkk	16	54	77.2433
bhkk	16	54	77.2433
bhkk	16	54	77.2167
bhkk	16	54	77.2233
bhkk	16	54	77.2233
bhkk	16	54	77.24
bhkk	16	54	77.2433
bhkk	16	54	77.2233
bhkk	16	54	77.2333
bhkk	16	54	77.2367
bhkk	16	54	77.2367
bhkk	16	54	77.2467
bhkk	16	54	77.25
bhkk	16	54	77.25
bhkk	16	54	77.2267
bhkk	16	54	77.2333
bhkk	16	54	77.2267
bhkk	16	54	77.26
bhkk	16	54	77.25
bhkk	16	54	77.2467
bhkk	16	54	77.24
bhkk	16	54	77.32
bhkk	16	54	77.2333
bhkk	16	54	77.2467
bhkk	16	54	77.2367
bhkk	16	54	77.2333
bhkk	16	54	77.2433
bhkk	16	54	77.2233
bhkk	16	54	77.25
bhkk	16	54	77.25
bhkk	16	54	77.2133
bhkk	16	54	77.26
bhkk	16	54	77.2467
