bhkk	15	26	4.89
bhkk	14	26	2.17333
bhkk	16	26	10.8267
bhkk	15	26	4.89333
bhkk	15	26	4.89333
bhkk	16	26	10.8233
bhkk	16	26	10.8633
bhkk	16	26	10.9967
bhkk	16	26	10.8967
bhkk	16	26	10.82
bhkk	16	26	10.8267
bhkk	16	26	10.8767
bhkk	16	26	10.8233
bhkk	16	26	10.8233
bhkk	16	26	10.8233
bhkk	16	26	11.1333
bhkk	16	26	10.8233
bhkk	16	26	10.8233
bhkk	16	26	10.8233
bhkk	16	26	10.88
bhkk	16	26	10.8533
bhkk	15	26	4.95
bhkk	16	26	10.8233
bhkk	16	26	11.1933
bhkk	16	26	10.8267
bhkk	16	26	11.1233
bhkk	15	26	4.9
bhkk	15	26	5.08
bhkk	15	26	5.06
bhkk	15	26	4.88667
bhkk	15	26	4.89
bhkk	15	26	5.06333
bhkk	16	26	10.92
bhkk	15	26	4.89
bhkk	16	26	10.8233
bhkk	16	26	10.8333
bhkk	15	26	4.89
bhkk	16	26	10.83
bhkk	14	26	2.17333
bhkk	15	26	4.89
bhkk	16	26	11.1367
bhkk	16	26	10.9533
bhkk	16	26	10.8233
bhkk	15	26	4.89333
bhkk	16	26	10.84
bhkk	15	26	4.89
bhkk	16	26	10.8867
bhkk	15	26	4.89
bhkk	16	26	10.8233
bhkk	16	26	10.8267
bhkk	16	26	10.8233
bhkk	16	26	10.8267
bhkk	16	26	10.83
bhkk	16	26	10.9967
bhkk	16	26	10.8267
bhkk	16	26	10.8233
bhkk	16	26	10.9367
bhkk	16	26	10.82
bhkk	16	26	10.9167
bhkk	16	26	10.8233
bhkk	15	26	4.89667
bhkk	16	26	10.8267
bhkk	16	26	10.83
bhkk	16	26	10.8233
bhkk	16	26	10.83
bhkk	16	26	10.8267
bhkk	15	26	4.89
bhkk	16	26	10.8233
bhkk	16	26	10.8233
bhkk	16	26	10.8233
bhkk	16	26	10.8167
bhkk	16	26	10.8233
bhkk	16	26	10.8167
bhkk	16	26	10.8233
bhkk	16	26	10.8933
bhkk	14	26	2.17
bhkk	16	26	10.82
bhkk	16	26	10.8267
bhkk	16	26	10.8267
bhkk	16	26	10.8267
bhkk	15	26	4.89333
bhkk	16	26	10.98
bhkk	16	26	10.8233
bhkk	15	26	4.89
bhkk	16	26	10.8267
bhkk	14	26	2.17333
bhkk	16	26	10.8267
bhkk	16	26	10.82
bhkk	16	26	10.8767
bhkk	16	26	10.82
bhkk	15	26	4.89
bhkk	15	26	4.89333
bhkk	16	26	10.8267
bhkk	16	26	10.9333
bhkk	16	26	10.8267
bhkk	16	26	10.8233
bhkk	15	26	4.89
bhkk	16	26	10.8267
bhkk	16	26	10.82
bhkk	15	26	4.89
