bj	16	70	29.6
bj	16	70	105
bj	16	70	20.7
bj	16	70	83
bj	16	70	44.1
bj	16	70	43.4
bj	16	70	98.3
bj	16	70	18.1
bj	16	70	12
bj	16	70	102
bj	16	70	40.8
bj	16	70	88.3
bj	16	70	55.1
bj	16	70	timeout
bj	16	70	33.7
bj	16	70	31.5
bj	16	70	75.8
bj	16	70	timeout
bj	16	70	82.2
bj	16	70	timeout
bj	16	70	56.7
bj	16	70	19.9
bj	16	70	63
bj	16	70	56.6
bj	16	70	50.4
bj	16	70	140
bj	16	70	22.5
bj	16	70	30.6
bj	16	70	114
bj	16	70	timeout
bj	16	70	83.7
bj	16	70	78.2
bj	16	70	78.2
bj	16	70	68.9
bj	16	70	9.69
bj	16	70	timeout
bj	16	70	61.9
bj	16	70	17.8
bj	16	70	29.8
bj	16	70	18.6
bj	16	70	85.9
bj	16	70	118
bj	16	70	16.5
bj	16	70	timeout
bj	16	70	116
bj	16	70	37.5
bj	16	70	42.7
bj	16	70	53.9
bj	16	70	126
bj	16	70	32.7
bj	16	70	62.5
bj	16	70	55.4
bj	16	70	15.1
bj	16	70	timeout
bj	16	70	21.3
bj	16	70	56.6
bj	16	70	161
bj	16	70	97.2
bj	16	70	31
bj	16	70	timeout
bj	16	70	88.5
bj	16	70	timeout
bj	16	70	98.8
bj	16	70	10.3
bj	16	70	19.5
bj	16	70	54.7
bj	16	70	51.1
bj	16	70	18.5
bj	16	70	130
bj	16	70	24.6
bj	16	70	73
bj	16	70	36.7
bj	16	70	46
bj	16	70	166
bj	16	70	49.5
bj	16	70	130
bj	16	70	100
bj	16	70	109
bj	16	70	31
bj	16	70	162
bj	16	70	35.5
bj	16	70	timeout
bj	16	70	timeout
bj	16	70	timeout
bj	16	70	172
bj	16	70	59
bj	16	70	107
bj	16	70	50.7
bj	16	70	65.1
bj	16	70	timeout
bj	16	70	22
bj	16	70	79.9
bj	16	70	14.4
bj	16	70	timeout
bj	16	70	20.3
bj	16	70	19.9
bj	16	70	54.2
bj	16	70	142
bj	16	70	12.2
bj	16	70	56.3
