bhkk	16	24	9.8
bhkk	14	24	2.02333
bhkk	15	24	4.49667
bhkk	15	24	4.49
bhkk	16	24	9.80667
bhkk	15	24	4.49667
bhkk	16	24	9.81
bhkk	16	24	9.8
bhkk	16	24	9.80667
bhkk	16	24	9.80333
bhkk	15	24	4.5
bhkk	15	24	4.49667
bhkk	16	24	9.80333
bhkk	16	24	9.81
bhkk	16	24	9.81
bhkk	15	24	4.49333
bhkk	16	24	9.80333
bhkk	15	24	4.49333
bhkk	15	24	4.49667
bhkk	16	24	9.81
bhkk	16	24	9.80333
bhkk	16	24	9.80667
bhkk	16	24	9.80333
bhkk	16	24	9.81333
bhkk	16	24	9.81333
bhkk	14	24	2.02333
bhkk	16	24	9.81
bhkk	15	24	4.49667
bhkk	16	24	9.8
bhkk	16	24	9.80667
bhkk	15	24	4.49
bhkk	16	24	9.80667
bhkk	16	24	9.80667
bhkk	16	24	9.80667
bhkk	15	24	4.49667
bhkk	15	24	4.49333
bhkk	16	24	9.80333
bhkk	15	24	4.49333
bhkk	14	24	2.02667
bhkk	16	24	9.80667
bhkk	16	24	9.8
bhkk	15	24	4.49333
bhkk	16	24	9.8
bhkk	15	24	4.49333
bhkk	16	24	9.80667
bhkk	16	24	9.80333
bhkk	14	24	2.02333
bhkk	16	24	9.8
bhkk	15	24	4.49667
bhkk	16	24	9.80667
bhkk	14	24	2.02333
bhkk	15	24	4.49667
bhkk	16	24	9.80333
bhkk	15	24	4.49667
bhkk	16	24	9.80667
bhkk	16	24	9.81
bhkk	16	24	9.8
bhkk	15	24	4.49667
bhkk	16	24	9.80333
bhkk	16	24	9.8
bhkk	16	24	9.80333
bhkk	15	24	4.49667
bhkk	16	24	9.81333
bhkk	15	24	4.49667
bhkk	16	24	9.80667
bhkk	16	24	9.80333
bhkk	15	24	4.49667
bhkk	16	24	9.80333
bhkk	15	24	4.49333
bhkk	14	24	2.02333
bhkk	16	24	9.80667
bhkk	16	24	9.80333
bhkk	16	24	9.8
bhkk	16	24	9.80667
bhkk	16	24	9.80667
bhkk	15	24	4.49667
bhkk	16	24	9.8
bhkk	15	24	4.5
bhkk	16	24	9.80667
bhkk	16	24	9.81333
bhkk	15	24	4.5
bhkk	16	24	9.80667
bhkk	16	24	9.80333
bhkk	16	24	9.79667
bhkk	15	24	4.5
bhkk	16	24	9.80667
bhkk	15	24	4.49667
bhkk	15	24	4.49333
bhkk	16	24	9.81
bhkk	15	24	4.49667
bhkk	14	24	2.02333
bhkk	16	24	9.80333
bhkk	15	24	4.5
bhkk	15	24	4.50333
bhkk	15	24	4.49667
bhkk	16	24	9.8
bhkk	14	24	2.02667
bhkk	16	24	9.80667
bhkk	16	24	9.80667
bhkk	16	24	9.79667
