bhkk	16	102	156.013
bhkk	16	102	155.897
bhkk	16	102	155.893
bhkk	16	102	156.087
bhkk	16	102	155.913
bhkk	16	102	155.943
bhkk	16	102	156.007
bhkk	16	102	155.9
bhkk	16	102	156.777
bhkk	16	102	156.92
bhkk	16	102	156.743
bhkk	16	102	155.897
bhkk	16	102	155.9
bhkk	16	102	159.04
bhkk	16	102	156.26
bhkk	16	102	155.917
bhkk	16	102	157.203
bhkk	16	102	156.573
bhkk	16	102	156.997
bhkk	16	102	158.02
bhkk	16	102	155.87
bhkk	16	102	156.1
bhkk	16	102	156.513
bhkk	16	102	156.887
bhkk	16	102	157.34
bhkk	16	102	155.977
bhkk	16	102	159.09
bhkk	16	102	157.487
bhkk	16	102	157.403
bhkk	16	102	156.197
bhkk	16	102	156.39
bhkk	16	102	157.333
bhkk	16	102	157.76
bhkk	16	102	156.05
bhkk	16	102	157.93
bhkk	16	102	155.993
bhkk	16	102	155.89
bhkk	16	102	156.15
bhkk	16	102	157.043
bhkk	16	102	155.873
bhkk	16	102	155.9
bhkk	16	102	156.04
bhkk	16	102	155.963
bhkk	16	102	155.877
bhkk	16	102	155.843
bhkk	16	102	157.333
bhkk	16	102	156.583
bhkk	16	102	155.983
bhkk	16	102	160.097
bhkk	16	102	155.887
bhkk	16	102	155.907
bhkk	16	102	155.89
bhkk	16	102	158.807
bhkk	16	102	156.36
bhkk	16	102	157
bhkk	16	102	155.877
bhkk	16	102	155.907
bhkk	16	102	156.653
bhkk	16	102	155.883
bhkk	16	102	155.94
bhkk	16	102	156.523
bhkk	16	102	159.64
bhkk	16	102	155.893
bhkk	16	102	155.987
bhkk	16	102	157.573
bhkk	16	102	155.94
bhkk	16	102	160.577
bhkk	16	102	158.04
bhkk	16	102	156.933
bhkk	16	102	157.73
bhkk	16	102	157.89
bhkk	16	102	155.863
bhkk	16	102	158.617
bhkk	16	102	156.257
bhkk	16	102	155.887
bhkk	16	102	156.85
bhkk	16	102	155.993
bhkk	16	102	156.823
bhkk	16	102	157.38
bhkk	16	102	156.19
bhkk	16	102	156.877
bhkk	16	102	156.06
bhkk	16	102	156.67
bhkk	16	102	156.013
bhkk	16	102	156.12
bhkk	16	102	157.753
bhkk	16	102	159.043
bhkk	16	102	158.163
bhkk	16	102	157.83
bhkk	16	102	155.903
bhkk	16	102	155.913
bhkk	16	102	158.5
bhkk	16	102	156.273
bhkk	16	102	156.333
bhkk	16	102	156.263
bhkk	16	102	156.207
bhkk	16	102	155.917
bhkk	16	102	156.24
bhkk	16	102	155.887
bhkk	16	102	156.09
