bhkk	16	38	23.3
bhkk	16	38	23.29
bhkk	16	38	23.3033
bhkk	16	38	23.3033
bhkk	16	38	23.2933
bhkk	16	38	23.2967
bhkk	16	38	23.3
bhkk	16	38	23.3
bhkk	16	38	23.2967
bhkk	16	38	23.31
bhkk	16	38	23.3033
bhkk	16	38	23.3033
bhkk	16	38	23.2933
bhkk	16	38	23.2933
bhkk	16	38	23.3
bhkk	16	38	23.3033
bhkk	16	38	23.2967
bhkk	16	38	23.29
bhkk	16	38	23.3
bhkk	16	38	23.2933
bhkk	16	38	23.3033
bhkk	16	38	23.2933
bhkk	16	38	23.2933
bhkk	16	38	23.2867
bhkk	16	38	23.3033
bhkk	16	38	23.2967
bhkk	16	38	23.2833
bhkk	16	38	23.2933
bhkk	16	38	23.3033
bhkk	16	38	23.2933
bhkk	16	38	23.2967
bhkk	16	38	23.29
bhkk	16	38	23.2867
bhkk	16	38	23.2967
bhkk	16	38	23.2833
bhkk	15	38	10.11
bhkk	16	38	23.29
bhkk	16	38	23.3033
bhkk	16	38	23.3
bhkk	16	38	23.2933
bhkk	16	38	23.3067
bhkk	16	38	23.3133
bhkk	16	38	23.29
bhkk	16	38	23.3
bhkk	16	38	23.2933
bhkk	16	38	23.2933
bhkk	16	38	23.2967
bhkk	16	38	23.2933
bhkk	16	38	23.2967
bhkk	16	38	23.2933
bhkk	16	38	23.28
bhkk	16	38	23.2967
bhkk	16	38	23.2967
bhkk	16	38	23.29
bhkk	16	38	23.3
bhkk	16	38	23.2967
bhkk	16	38	23.2967
bhkk	16	38	23.3
bhkk	16	38	23.3067
bhkk	16	38	23.2967
bhkk	16	38	23.2833
bhkk	16	38	23.3
bhkk	16	38	23.29
bhkk	16	38	23.2933
bhkk	16	38	23.3033
bhkk	16	38	23.2933
bhkk	16	38	23.3033
bhkk	16	38	23.2967
bhkk	16	38	23.2967
bhkk	16	38	23.2933
bhkk	16	38	23.2867
bhkk	16	38	23.2933
bhkk	15	38	10.1067
bhkk	16	38	23.29
bhkk	16	38	23.3
bhkk	16	38	23.3
bhkk	16	38	23.3
bhkk	16	38	23.2967
bhkk	16	38	23.2933
bhkk	16	38	23.3
bhkk	16	38	23.3033
bhkk	16	38	23.2867
bhkk	16	38	23.2933
bhkk	16	38	23.2933
bhkk	16	38	23.2967
bhkk	16	38	23.3067
bhkk	16	38	23.2967
bhkk	16	38	23.2967
bhkk	16	38	23.2933
bhkk	16	38	23.3033
bhkk	16	38	23.2933
bhkk	16	38	23.3
bhkk	16	38	23.3
bhkk	16	38	23.2933
bhkk	16	38	23.3067
bhkk	16	38	23.3
bhkk	16	38	23.29
bhkk	16	38	23.3033
bhkk	16	38	23.3067
bhkk	16	38	23.2967
