bhkk	16	34	19.4567
bhkk	16	34	19.4567
bhkk	16	34	19.4533
bhkk	16	34	19.4533
bhkk	16	34	19.4567
bhkk	16	34	19.4567
bhkk	16	34	19.4567
bhkk	16	34	19.4567
bhkk	16	34	19.4533
bhkk	16	34	19.4567
bhkk	16	34	19.45
bhkk	16	34	19.4533
bhkk	16	34	19.4533
bhkk	16	34	19.4567
bhkk	15	34	8.50666
bhkk	16	34	19.4533
bhkk	16	34	19.4567
bhkk	16	34	19.46
bhkk	16	34	19.4567
bhkk	16	34	19.4567
bhkk	16	34	19.46
bhkk	16	34	19.4567
bhkk	16	34	19.46
bhkk	16	34	19.46
bhkk	15	34	8.51666
bhkk	16	34	19.4467
bhkk	16	34	19.46
bhkk	15	34	8.51333
bhkk	16	34	19.46
bhkk	16	34	19.4533
bhkk	16	34	19.4667
bhkk	16	34	19.46
bhkk	16	34	19.46
bhkk	16	34	19.4533
bhkk	16	34	19.46
bhkk	16	34	19.4567
bhkk	16	34	19.46
bhkk	16	34	19.4667
bhkk	15	34	8.51
bhkk	16	34	19.4567
bhkk	16	34	19.4533
bhkk	16	34	19.4533
bhkk	16	34	19.46
bhkk	16	34	19.4733
bhkk	16	34	19.45
bhkk	16	34	19.4567
bhkk	16	34	19.4533
bhkk	16	34	19.4667
bhkk	16	34	19.4467
bhkk	16	34	19.45
bhkk	16	34	19.4567
bhkk	16	34	19.4533
bhkk	15	34	8.51666
bhkk	16	34	19.4567
bhkk	16	34	19.4633
bhkk	15	34	8.51333
bhkk	16	34	19.4533
bhkk	16	34	19.4567
bhkk	16	34	19.4533
bhkk	16	34	19.45
bhkk	16	34	19.4567
bhkk	16	34	19.46
bhkk	16	34	19.4533
bhkk	16	34	19.4567
bhkk	16	34	19.45
bhkk	16	34	19.4467
bhkk	16	34	19.45
bhkk	16	34	19.4533
bhkk	16	34	19.4567
bhkk	16	34	19.45
bhkk	16	34	19.4533
bhkk	16	34	19.4467
bhkk	16	34	19.4467
bhkk	16	34	19.45
bhkk	16	34	19.4533
bhkk	16	34	19.45
bhkk	15	34	8.51
bhkk	16	34	19.4533
bhkk	16	34	19.4533
bhkk	16	34	19.4767
bhkk	16	34	19.4567
bhkk	16	34	19.4433
bhkk	16	34	19.4467
bhkk	16	34	19.4567
bhkk	16	34	19.4533
bhkk	16	34	19.4567
bhkk	15	34	8.51
bhkk	16	34	19.45
bhkk	15	34	8.51
bhkk	16	34	19.4533
bhkk	16	34	19.4533
bhkk	16	34	19.46
bhkk	16	34	19.4467
bhkk	16	34	19.4567
bhkk	16	34	19.46
bhkk	16	34	19.46
bhkk	16	34	19.4467
bhkk	16	34	19.4533
bhkk	16	34	19.4533
bhkk	16	34	19.45
