bhkk	16	92	150.063
bhkk	16	92	150.017
bhkk	16	92	149.983
bhkk	16	92	150.02
bhkk	16	92	150.03
bhkk	16	92	149.99
bhkk	16	92	150.04
bhkk	16	92	149.99
bhkk	16	92	150
bhkk	16	92	150.023
bhkk	16	92	150
bhkk	16	92	150.013
bhkk	16	92	149.97
bhkk	16	92	149.983
bhkk	16	92	150.013
bhkk	16	92	149.99
bhkk	16	92	149.99
bhkk	16	92	150.017
bhkk	16	92	150.08
bhkk	16	92	150.047
bhkk	16	92	149.98
bhkk	16	92	150.037
bhkk	16	92	149.983
bhkk	16	92	149.977
bhkk	16	92	149.987
bhkk	16	92	150.003
bhkk	16	92	150.01
bhkk	16	92	150.01
bhkk	16	92	150.033
bhkk	16	92	149.987
bhkk	16	92	149.997
bhkk	16	92	150.02
bhkk	16	92	150.017
bhkk	16	92	150.01
bhkk	16	92	150.02
bhkk	16	92	149.967
bhkk	16	92	150.003
bhkk	16	92	150.04
bhkk	16	92	150.02
bhkk	16	92	150.003
bhkk	16	92	149.983
bhkk	16	92	150.027
bhkk	16	92	149.953
bhkk	16	92	149.997
bhkk	16	92	150.06
bhkk	16	92	150.02
bhkk	16	92	150.043
bhkk	16	92	149.99
bhkk	16	92	150.057
bhkk	16	92	149.993
bhkk	16	92	150.03
bhkk	16	92	150.037
bhkk	16	92	149.99
bhkk	16	92	150.01
bhkk	16	92	149.957
bhkk	16	92	150.003
bhkk	16	92	150.01
bhkk	16	92	149.987
bhkk	16	92	150.037
bhkk	16	92	150.02
bhkk	16	92	150.02
bhkk	16	92	150.043
bhkk	16	92	150.003
bhkk	16	92	150.003
bhkk	16	92	150.067
bhkk	16	92	150.02
bhkk	16	92	150.01
bhkk	16	92	150.007
bhkk	16	92	150.003
bhkk	16	92	149.977
bhkk	16	92	150.007
bhkk	16	92	150.04
bhkk	16	92	150.03
bhkk	16	92	149.99
bhkk	16	92	150.007
bhkk	16	92	150.007
bhkk	16	92	150.027
bhkk	16	92	149.98
bhkk	16	92	149.997
bhkk	16	92	150.023
bhkk	16	92	150.02
bhkk	16	92	150.05
bhkk	16	92	149.98
bhkk	16	92	150.05
bhkk	16	92	150.07
bhkk	16	92	150.003
bhkk	16	92	150.01
bhkk	16	92	150.123
bhkk	16	92	150.053
bhkk	16	92	150.033
bhkk	16	92	150.05
bhkk	16	92	149.963
bhkk	16	92	150.03
bhkk	16	92	149.987
bhkk	16	92	150.033
bhkk	16	92	149.97
bhkk	16	92	150.043
bhkk	16	92	149.98
bhkk	16	92	149.983
bhkk	16	92	150.013
