bhkk	16	88	142.38
bhkk	16	88	142.3
bhkk	16	88	142.317
bhkk	16	88	142.457
bhkk	16	88	142.463
bhkk	16	88	142.393
bhkk	16	88	142.37
bhkk	16	88	142.337
bhkk	16	88	142.347
bhkk	16	88	142.35
bhkk	16	88	142.353
bhkk	16	88	142.347
bhkk	16	88	142.323
bhkk	16	88	142.373
bhkk	16	88	142.34
bhkk	16	88	142.347
bhkk	16	88	142.36
bhkk	16	88	142.32
bhkk	16	88	142.367
bhkk	16	88	142.357
bhkk	16	88	142.34
bhkk	16	88	142.33
bhkk	16	88	142.327
bhkk	16	88	142.323
bhkk	16	88	142.34
bhkk	16	88	142.34
bhkk	16	88	142.33
bhkk	16	88	142.32
bhkk	16	88	142.33
bhkk	16	88	142.377
bhkk	16	88	142.327
bhkk	16	88	142.353
bhkk	16	88	142.373
bhkk	16	88	142.343
bhkk	16	88	142.317
bhkk	16	88	142.303
bhkk	16	88	142.34
bhkk	16	88	142.32
bhkk	16	88	142.37
bhkk	16	88	142.333
bhkk	16	88	142.323
bhkk	16	88	142.353
bhkk	16	88	142.36
bhkk	16	88	142.31
bhkk	16	88	142.367
bhkk	16	88	142.303
bhkk	16	88	142.323
bhkk	16	88	142.347
bhkk	16	88	142.31
bhkk	16	88	142.32
bhkk	16	88	142.377
bhkk	16	88	142.373
bhkk	16	88	142.357
bhkk	16	88	142.347
bhkk	16	88	142.31
bhkk	16	88	142.303
bhkk	16	88	142.323
bhkk	16	88	142.337
bhkk	16	88	142.293
bhkk	16	88	142.313
bhkk	16	88	142.343
bhkk	16	88	142.363
bhkk	16	88	142.317
bhkk	16	88	142.4
bhkk	16	88	142.32
bhkk	16	88	142.367
bhkk	16	88	142.327
bhkk	16	88	142.373
bhkk	16	88	142.327
bhkk	16	88	142.363
bhkk	16	88	142.367
bhkk	16	88	142.327
bhkk	16	88	142.343
bhkk	16	88	142.36
bhkk	16	88	142.377
bhkk	16	88	142.32
bhkk	16	88	142.4
bhkk	16	88	142.327
bhkk	16	88	142.38
bhkk	16	88	142.39
bhkk	16	88	142.363
bhkk	16	88	142.307
bhkk	16	88	142.31
bhkk	16	88	142.35
bhkk	16	88	142.397
bhkk	16	88	142.35
bhkk	16	88	142.347
bhkk	16	88	142.31
bhkk	16	88	142.3
bhkk	16	88	142.327
bhkk	16	88	142.367
bhkk	16	88	142.36
bhkk	16	88	142.323
bhkk	16	88	142.357
bhkk	16	88	142.34
bhkk	16	88	142.333
bhkk	16	88	142.323
bhkk	16	88	142.33
bhkk	16	88	142.333
bhkk	16	88	142.313
