bhkk	16	72	102.95
bhkk	16	72	102.913
bhkk	16	72	102.953
bhkk	16	72	102.93
bhkk	16	72	102.937
bhkk	16	72	102.917
bhkk	16	72	102.997
bhkk	16	72	102.937
bhkk	16	72	102.943
bhkk	16	72	102.953
bhkk	16	72	102.91
bhkk	16	72	102.95
bhkk	16	72	102.947
bhkk	16	72	103.017
bhkk	16	72	102.97
bhkk	16	72	102.94
bhkk	16	72	103.01
bhkk	16	72	102.967
bhkk	16	72	102.98
bhkk	16	72	102.937
bhkk	16	72	102.973
bhkk	16	72	102.933
bhkk	16	72	102.937
bhkk	16	72	102.923
bhkk	16	72	102.94
bhkk	16	72	102.95
bhkk	16	72	102.947
bhkk	16	72	102.9
bhkk	16	72	102.95
bhkk	16	72	102.957
bhkk	16	72	102.927
bhkk	16	72	102.927
bhkk	16	72	102.98
bhkk	16	72	102.953
bhkk	16	72	102.927
bhkk	16	72	102.95
bhkk	16	72	102.93
bhkk	16	72	102.95
bhkk	16	72	102.943
bhkk	16	72	102.953
bhkk	16	72	102.923
bhkk	16	72	102.933
bhkk	16	72	102.937
bhkk	16	72	103.003
bhkk	16	72	102.97
bhkk	16	72	102.983
bhkk	16	72	102.903
bhkk	16	72	102.943
bhkk	16	72	102.907
bhkk	16	72	102.94
bhkk	16	72	102.933
bhkk	16	72	102.927
bhkk	16	72	102.923
bhkk	16	72	102.92
bhkk	16	72	102.92
bhkk	16	72	102.947
bhkk	16	72	102.96
bhkk	16	72	102.907
bhkk	16	72	102.99
bhkk	16	72	102.917
bhkk	16	72	102.937
bhkk	16	72	102.97
bhkk	16	72	102.913
bhkk	16	72	102.917
bhkk	16	72	102.94
bhkk	16	72	102.963
bhkk	16	72	102.953
bhkk	16	72	102.963
bhkk	16	72	102.963
bhkk	16	72	102.93
bhkk	16	72	102.947
bhkk	16	72	102.917
bhkk	16	72	102.94
bhkk	16	72	102.95
bhkk	16	72	102.92
bhkk	16	72	102.927
bhkk	16	72	102.937
bhkk	16	72	102.95
bhkk	16	72	102.95
bhkk	16	72	102.93
bhkk	16	72	102.99
bhkk	16	72	102.957
bhkk	16	72	102.95
bhkk	16	72	102.963
bhkk	16	72	102.973
bhkk	16	72	102.907
bhkk	16	72	102.94
bhkk	16	72	102.933
bhkk	16	72	102.927
bhkk	16	72	102.953
bhkk	16	72	102.93
bhkk	16	72	102.947
bhkk	16	72	102.963
bhkk	16	72	102.93
bhkk	16	72	102.93
bhkk	16	72	102.93
bhkk	16	72	102.97
bhkk	16	72	102.983
bhkk	16	72	102.947
bhkk	16	72	102.92
