bhkk	12	16	0.169999
bhkk	13	16	0.349999
bhkk	13	16	0.346666
bhkk	12	16	0.169999
bhkk	13	16	0.349999
bhkk	13	16	0.349999
bhkk	13	16	0.349999
bhkk	13	16	0.349999
bhkk	13	16	0.349999
bhkk	14	16	0.683333
bhkk	12	16	0.169999
bhkk	14	16	0.683333
bhkk	14	16	0.686666
bhkk	14	16	0.683333
bhkk	14	16	0.683333
bhkk	12	16	0.169999
bhkk	13	16	0.349999
bhkk	13	16	0.346666
bhkk	13	16	0.349999
bhkk	14	16	0.683333
bhkk	13	16	0.349999
bhkk	13	16	0.346666
bhkk	13	16	0.349999
bhkk	12	16	0.169999
bhkk	14	16	0.683333
bhkk	13	16	0.349999
bhkk	13	16	0.349999
bhkk	12	16	0.169999
bhkk	13	16	0.349999
bhkk	12	16	0.169999
bhkk	12	16	0.169999
bhkk	12	16	0.169999
bhkk	11	16	0.079999
bhkk	14	16	0.683333
bhkk	13	16	0.349999
bhkk	13	16	0.349999
bhkk	14	16	0.683333
bhkk	13	16	0.349999
bhkk	12	16	0.169999
bhkk	13	16	0.349999
bhkk	14	16	0.683333
bhkk	14	16	0.683333
bhkk	13	16	0.346666
bhkk	13	16	0.349999
bhkk	13	16	0.349999
bhkk	13	16	0.349999
bhkk	14	16	0.683333
bhkk	12	16	0.169999
bhkk	11	16	0.079999
bhkk	12	16	0.169999
bhkk	14	16	0.679999
bhkk	14	16	0.683333
bhkk	14	16	0.683333
bhkk	12	16	0.169999
bhkk	12	16	0.169999
bhkk	13	16	0.349999
bhkk	13	16	0.349999
bhkk	12	16	0.166666
bhkk	12	16	0.169999
bhkk	13	16	0.346666
bhkk	14	16	0.683333
bhkk	13	16	0.346666
bhkk	14	16	0.683333
bhkk	13	16	0.349999
bhkk	14	16	0.683333
bhkk	14	16	0.686666
bhkk	14	16	0.683333
bhkk	13	16	0.346666
bhkk	13	16	0.349999
bhkk	14	16	0.683333
bhkk	13	16	0.349999
bhkk	11	16	0.079999
bhkk	12	16	0.169999
bhkk	14	16	0.686666
bhkk	13	16	0.349999
bhkk	12	16	0.166666
bhkk	14	16	0.683333
bhkk	13	16	0.346666
bhkk	14	16	0.683333
bhkk	13	16	0.349999
bhkk	14	16	0.683333
bhkk	14	16	0.679999
bhkk	13	16	0.349999
bhkk	14	16	0.683333
bhkk	12	16	0.169999
bhkk	13	16	0.349999
bhkk	13	16	0.349999
bhkk	12	16	0.169999
bhkk	13	16	0.349999
bhkk	14	16	0.683333
bhkk	14	16	0.683333
bhkk	14	16	0.683333
bhkk	13	16	0.349999
bhkk	14	16	0.686666
bhkk	13	16	0.349999
bhkk	14	16	0.683333
bhkk	11	16	0.079999
bhkk	13	16	0.349999
bhkk	14	16	0.683333
bhkk	14	16	0.683333
