bhkk	14	62	15.3033
bhkk	14	62	15.2967
bhkk	14	62	15.29
bhkk	14	62	15.29
bhkk	14	62	15.29
bhkk	14	62	15.2967
bhkk	14	62	15.2967
bhkk	14	62	15.2933
bhkk	14	62	15.2833
bhkk	14	62	15.2933
bhkk	14	62	15.2933
bhkk	14	62	15.2933
bhkk	14	62	15.29
bhkk	14	62	15.2933
bhkk	14	62	15.29
bhkk	14	62	15.29
bhkk	14	62	15.2933
bhkk	14	62	15.29
bhkk	14	62	15.2933
bhkk	14	62	15.2867
bhkk	14	62	15.2933
bhkk	14	62	15.29
bhkk	14	62	15.29
bhkk	14	62	15.2933
bhkk	14	62	15.2933
bhkk	14	62	15.2933
bhkk	14	62	15.3
bhkk	14	62	15.2933
bhkk	14	62	15.2933
bhkk	14	62	15.2867
bhkk	14	62	15.2933
bhkk	14	62	15.29
bhkk	14	62	15.29
bhkk	14	62	15.2933
bhkk	14	62	15.2933
bhkk	14	62	15.29
bhkk	14	62	15.3
bhkk	14	62	15.2933
bhkk	14	62	15.29
bhkk	14	62	15.2967
bhkk	14	62	15.2933
bhkk	14	62	15.2933
bhkk	14	62	15.29
bhkk	14	62	15.2933
bhkk	14	62	15.2833
bhkk	14	62	15.2933
bhkk	14	62	15.2933
bhkk	14	62	15.2933
bhkk	14	62	15.2933
bhkk	14	62	15.29
bhkk	14	62	15.2967
bhkk	14	62	15.29
bhkk	14	62	15.2933
bhkk	14	62	15.2967
bhkk	14	62	15.2933
bhkk	14	62	15.2933
bhkk	14	62	15.29
bhkk	14	62	15.29
bhkk	14	62	15.2933
bhkk	14	62	15.29
bhkk	14	62	15.2967
bhkk	14	62	15.29
bhkk	14	62	15.29
bhkk	14	62	15.2967
bhkk	14	62	15.2933
bhkk	14	62	15.2933
bhkk	14	62	15.2933
bhkk	14	62	15.29
bhkk	14	62	15.2933
bhkk	14	62	15.2933
bhkk	14	62	15.2933
bhkk	14	62	15.2933
bhkk	14	62	15.2933
bhkk	14	62	15.2933
bhkk	14	62	15.2933
bhkk	14	62	15.29
bhkk	14	62	15.29
bhkk	14	62	15.2867
bhkk	14	62	15.2933
bhkk	14	62	15.3
bhkk	14	62	15.29
bhkk	14	62	15.29
bhkk	14	62	15.2933
bhkk	14	62	15.29
bhkk	14	62	15.2933
bhkk	14	62	15.29
bhkk	14	62	15.2933
bhkk	14	62	15.2967
bhkk	14	62	15.2933
bhkk	14	62	15.29
bhkk	14	62	15.2933
bhkk	14	62	15.2933
bhkk	14	62	15.2967
bhkk	14	62	15.29
bhkk	14	62	15.2967
bhkk	14	62	15.2933
bhkk	14	62	15.2933
bhkk	14	62	15.2933
bhkk	14	62	15.29
bhkk	14	62	15.2933
