bj	14	44	0.163
bj	14	44	0.183
bj	14	44	0.84
bj	14	44	0.323
bj	14	44	0.137
bj	14	44	0.303
bj	14	44	0.477
bj	14	44	0.477
bj	14	44	0.117
bj	14	44	0.887
bj	14	44	0.267
bj	14	44	0.81
bj	14	44	0.507
bj	14	44	0.247
bj	14	44	0.65
bj	14	44	0.323
bj	14	44	1.11
bj	14	44	0.603
bj	14	44	0.417
bj	14	44	0.567
bj	14	44	0.353
bj	14	44	0.41
bj	14	44	0.173
bj	14	44	0.557
bj	14	44	0.3
bj	14	44	0.433
bj	14	44	0.66
bj	14	44	0.38
bj	14	44	0.327
bj	14	44	2.09
bj	14	44	0.59
bj	14	44	0.31
bj	14	44	0.877
bj	14	44	0.833
bj	14	44	1.33
bj	14	44	0.65
bj	14	44	0.257
bj	14	44	0.303
bj	14	44	0.22
bj	14	44	0.34
bj	14	44	0.253
bj	14	44	0.537
bj	14	44	0.187
bj	14	44	1.23
bj	14	44	0.22
bj	14	44	0.227
bj	14	44	1.42
bj	14	44	0.45
bj	14	44	0.347
bj	14	44	0.21
bj	14	44	0.243
bj	14	44	0.313
bj	14	44	0.303
bj	14	44	0.727
bj	14	44	0.193
bj	14	44	1.48
bj	14	44	1.47
bj	14	44	1.62
bj	14	44	1.89
bj	14	44	0.177
bj	14	44	0.39
bj	14	44	0.633
bj	14	44	0.653
bj	14	44	0.247
bj	14	44	1.14
bj	14	44	3.2
bj	14	44	0.247
bj	14	44	0.953
bj	14	44	0.523
bj	14	44	0.367
bj	14	44	0.813
bj	14	44	0.333
bj	14	44	0.517
bj	14	44	1.67
bj	14	44	0.327
bj	14	44	0.173
bj	14	44	0.63
bj	14	44	0.667
bj	14	44	0.673
bj	14	44	0.833
bj	14	44	0.453
bj	14	44	0.197
bj	14	44	0.727
bj	14	44	0.227
bj	14	44	0.72
bj	14	44	0.313
bj	14	44	0.153
bj	14	44	0.387
bj	14	44	0.387
bj	14	44	0.383
bj	14	44	0.473
bj	14	44	0.157
bj	14	44	0.863
bj	14	44	0.157
bj	14	44	0.387
bj	14	44	0.45
bj	14	44	0.337
bj	14	44	0.857
bj	14	44	0.18
bj	14	44	0.18
