bj	14	68	10.8
bj	14	68	21.3
bj	14	68	53
bj	14	68	20.9
bj	14	68	7.47
bj	14	68	28.6
bj	14	68	14.4
bj	14	68	27.7
bj	14	68	6.29
bj	14	68	21.9
bj	14	68	48.2
bj	14	68	16.8
bj	14	68	15.7
bj	14	68	19.2
bj	14	68	14.2
bj	14	68	32.9
bj	14	68	25.8
bj	14	68	13.4
bj	14	68	19.4
bj	14	68	22.1
bj	14	68	20.3
bj	14	68	13.7
bj	14	68	47.3
bj	14	68	27.6
bj	14	68	18.9
bj	14	68	16.6
bj	14	68	19.5
bj	14	68	35
bj	14	68	31.3
bj	14	68	16.4
bj	14	68	25.4
bj	14	68	19.9
bj	14	68	25.7
bj	14	68	18.4
bj	14	68	15.1
bj	14	68	11.9
bj	14	68	55.5
bj	14	68	8.35
bj	14	68	50.2
bj	14	68	49.3
bj	14	68	11.9
bj	14	68	77.4
bj	14	68	60.1
bj	14	68	31.9
bj	14	68	19.4
bj	14	68	97.5
bj	14	68	29.8
bj	14	68	64.7
bj	14	68	59.7
bj	14	68	52.6
bj	14	68	21.4
bj	14	68	13.4
bj	14	68	28.7
bj	14	68	34.2
bj	14	68	16.5
bj	14	68	17.4
bj	14	68	17.9
bj	14	68	22.1
bj	14	68	55.8
bj	14	68	32.8
bj	14	68	29
bj	14	68	18.8
bj	14	68	13.9
bj	14	68	55.3
bj	14	68	26.8
bj	14	68	25.8
bj	14	68	60.2
bj	14	68	24.7
bj	14	68	5.73
bj	14	68	39.8
bj	14	68	28.7
bj	14	68	42.8
bj	14	68	28.2
bj	14	68	9.61
bj	14	68	33.9
bj	14	68	38.7
bj	14	68	39.1
bj	14	68	timeout
bj	14	68	58.2
bj	14	68	27.3
bj	14	68	24.5
bj	14	68	20.3
bj	14	68	12.8
bj	14	68	30.1
bj	14	68	34.8
bj	14	68	28.8
bj	14	68	21.9
bj	14	68	17.3
bj	14	68	26.2
bj	14	68	14
bj	14	68	23.5
bj	14	68	15
bj	14	68	18.3
bj	14	68	16.6
bj	14	68	20.8
bj	14	68	11.3
bj	14	68	17.1
bj	14	68	19.2
bj	14	68	23.9
bj	14	68	46
