bhkk	14	84	25.43
bhkk	14	84	25.4133
bhkk	14	84	25.4067
bhkk	14	84	25.4
bhkk	14	84	25.4033
bhkk	14	84	25.4067
bhkk	14	84	25.4
bhkk	14	84	25.41
bhkk	14	84	25.4067
bhkk	14	84	25.41
bhkk	14	84	25.4033
bhkk	14	84	25.4067
bhkk	14	84	25.41
bhkk	14	84	25.4067
bhkk	14	84	25.4033
bhkk	14	84	25.41
bhkk	14	84	25.41
bhkk	14	84	25.4067
bhkk	14	84	25.4033
bhkk	14	84	25.4033
bhkk	14	84	25.38
bhkk	14	84	25.41
bhkk	14	84	25.41
bhkk	14	84	25.4067
bhkk	14	84	25.42
bhkk	14	84	25.4067
bhkk	14	84	25.4
bhkk	14	84	25.4
bhkk	14	84	25.4167
bhkk	14	84	25.4067
bhkk	14	84	25.4033
bhkk	14	84	25.4033
bhkk	14	84	25.4067
bhkk	14	84	25.4067
bhkk	14	84	25.4067
bhkk	14	84	25.4
bhkk	14	84	25.4
bhkk	14	84	25.4133
bhkk	14	84	25.4067
bhkk	14	84	25.4067
bhkk	14	84	25.41
bhkk	14	84	25.4067
bhkk	14	84	25.4033
bhkk	14	84	25.4067
bhkk	14	84	25.4033
bhkk	14	84	25.41
bhkk	14	84	25.4033
bhkk	14	84	25.4033
bhkk	14	84	25.4067
bhkk	14	84	25.4067
bhkk	14	84	25.4033
bhkk	14	84	25.41
bhkk	14	84	25.41
bhkk	14	84	25.3967
bhkk	14	84	25.4033
bhkk	14	84	25.41
bhkk	14	84	25.39
bhkk	14	84	25.4167
bhkk	14	84	25.4067
bhkk	14	84	25.4133
bhkk	14	84	25.41
bhkk	14	84	25.41
bhkk	14	84	25.41
bhkk	14	84	25.4067
bhkk	14	84	25.41
bhkk	14	84	25.4033
bhkk	14	84	25.4033
bhkk	14	84	25.41
bhkk	14	84	25.4067
bhkk	14	84	25.3767
bhkk	14	84	25.41
bhkk	14	84	25.4033
bhkk	14	84	25.4067
bhkk	14	84	25.4133
bhkk	14	84	25.4
bhkk	14	84	25.4067
bhkk	14	84	25.4067
bhkk	14	84	25.41
bhkk	14	84	25.41
bhkk	14	84	25.4067
bhkk	14	84	25.4033
bhkk	14	84	25.3767
bhkk	14	84	25.4033
bhkk	14	84	25.4
bhkk	14	84	25.4033
bhkk	14	84	25.4133
bhkk	14	84	25.4067
bhkk	14	84	25.4033
bhkk	14	84	25.4067
bhkk	14	84	25.4033
bhkk	14	84	25.41
bhkk	14	84	25.4067
bhkk	14	84	25.4033
bhkk	14	84	25.4033
bhkk	14	84	25.4033
bhkk	14	84	25.4167
bhkk	14	84	25.4067
bhkk	14	84	25.4067
bhkk	14	84	25.4067
bhkk	14	84	25.4067
