bj	14	50	1.34
bj	14	50	2.14
bj	14	50	0.883
bj	14	50	1.5
bj	14	50	0.84
bj	14	50	0.54
bj	14	50	0.54
bj	14	50	0.717
bj	14	50	1.55
bj	14	50	1.34
bj	14	50	1.64
bj	14	50	1.64
bj	14	50	2.82
bj	14	50	1.12
bj	14	50	3.4
bj	14	50	0.79
bj	14	50	1.39
bj	14	50	0.627
bj	14	50	1.48
bj	14	50	0.43
bj	14	50	1.04
bj	14	50	1.96
bj	14	50	0.933
bj	14	50	2.03
bj	14	50	2.94
bj	14	50	0.693
bj	14	50	0.603
bj	14	50	0.973
bj	14	50	2.39
bj	14	50	2.85
bj	14	50	1.71
bj	14	50	0.667
bj	14	50	3.81
bj	14	50	1.76
bj	14	50	0.637
bj	14	50	0.373
bj	14	50	1.56
bj	14	50	0.723
bj	14	50	1.42
bj	14	50	0.317
bj	14	50	1.49
bj	14	50	2.86
bj	14	50	1.16
bj	14	50	1.27
bj	14	50	1.28
bj	14	50	1.11
bj	14	50	1.04
bj	14	50	0.853
bj	14	50	1.34
bj	14	50	1.74
bj	14	50	0.937
bj	14	50	2.26
bj	14	50	0.88
bj	14	50	1.56
bj	14	50	0.907
bj	14	50	1.08
bj	14	50	0.487
bj	14	50	0.457
bj	14	50	0.437
bj	14	50	0.87
bj	14	50	4.14
bj	14	50	3.06
bj	14	50	0.643
bj	14	50	1.05
bj	14	50	3.86
bj	14	50	0.63
bj	14	50	1.78
bj	14	50	4.79
bj	14	50	0.573
bj	14	50	1.34
bj	14	50	1.39
bj	14	50	1.77
bj	14	50	0.763
bj	14	50	2.2
bj	14	50	1.33
bj	14	50	1.19
bj	14	50	6.23
bj	14	50	1.15
bj	14	50	1.55
bj	14	50	1.52
bj	14	50	0.597
bj	14	50	1.11
bj	14	50	0.65
bj	14	50	2.02
bj	14	50	0.52
bj	14	50	1.66
bj	14	50	1.21
bj	14	50	2.09
bj	14	50	2.5
bj	14	50	0.417
bj	14	50	0.617
bj	14	50	4.98
bj	14	50	2.86
bj	14	50	1.77
bj	14	50	0.64
bj	14	50	4.51
bj	14	50	1.21
bj	14	50	0.993
bj	14	50	3.27
bj	14	50	1.39
