bj	14	40	0.137
bj	14	40	0.75
bj	14	40	0.11
bj	14	40	0.0833
bj	14	40	0.39
bj	14	40	0.327
bj	14	40	0.45
bj	14	40	0.237
bj	14	40	0.29
bj	14	40	0.28
bj	14	40	0.107
bj	14	40	0.0833
bj	14	40	0.257
bj	14	40	0.193
bj	14	40	0.117
bj	14	40	0.243
bj	14	40	0.187
bj	14	40	0.103
bj	14	40	0.27
bj	14	40	0.503
bj	14	40	0.207
bj	14	40	0.177
bj	14	40	0.433
bj	14	40	0.413
bj	14	40	0.187
bj	14	40	0.0667
bj	14	40	0.957
bj	14	40	0.163
bj	14	40	0.297
bj	14	40	0.357
bj	14	40	0.203
bj	14	40	0.92
bj	14	40	0.17
bj	14	40	0.123
bj	14	40	0.24
bj	14	40	0.167
bj	14	40	0.137
bj	14	40	0.08
bj	14	40	0.267
bj	14	40	0.0733
bj	14	40	0.0833
bj	14	40	0.133
bj	14	40	0.12
bj	14	40	0.237
bj	14	40	0.56
bj	14	40	0.29
bj	14	40	0.54
bj	14	40	0.21
bj	14	40	0.0333
bj	14	40	0.107
bj	14	40	0.2
bj	14	40	0.263
bj	14	40	0.127
bj	14	40	0.0833
bj	14	40	0.4
bj	14	40	0.277
bj	14	40	0.233
bj	14	40	0.0767
bj	14	40	0.29
bj	14	40	0.273
bj	14	40	0.267
bj	14	40	0.243
bj	14	40	0.297
bj	14	40	0.27
bj	14	40	0.113
bj	14	40	0.143
bj	14	40	0.11
bj	14	40	0.403
bj	14	40	0.08
bj	14	40	0.16
bj	14	40	0.157
bj	14	40	0.193
bj	14	40	0.167
bj	14	40	0.37
bj	14	40	0.0533
bj	14	40	0.233
bj	14	40	0.0767
bj	14	40	0.0833
bj	14	40	0.11
bj	14	40	0.113
bj	14	40	0.153
bj	14	40	0.127
bj	14	40	0.0767
bj	14	40	0.0933
bj	14	40	0.11
bj	14	40	0.17
bj	14	40	0.13
bj	14	40	0.293
bj	14	40	0.273
bj	14	40	0.0933
bj	14	40	0.137
bj	14	40	0.34
bj	14	40	0.307
bj	14	40	0.137
bj	14	40	0.363
bj	14	40	0.0933
bj	14	40	0.303
bj	14	40	0.11
bj	14	40	0.177
bj	14	40	0.08
