bj	14	70	48.3
bj	14	70	27.2
bj	14	70	9.56
bj	14	70	90
bj	14	70	18.3
bj	14	70	13.4
bj	14	70	97.8
bj	14	70	61.2
bj	14	70	19
bj	14	70	22.1
bj	14	70	22.8
bj	14	70	18.9
bj	14	70	29.4
bj	14	70	15.7
bj	14	70	26.1
bj	14	70	16.1
bj	14	70	22.7
bj	14	70	18.2
bj	14	70	20.7
bj	14	70	52.4
bj	14	70	23.6
bj	14	70	31.6
bj	14	70	22.4
bj	14	70	31.9
bj	14	70	27.8
bj	14	70	26
bj	14	70	13.6
bj	14	70	38.3
bj	14	70	24.2
bj	14	70	45.7
bj	14	70	11.8
bj	14	70	43.2
bj	14	70	13.4
bj	14	70	35.7
bj	14	70	63.5
bj	14	70	92.8
bj	14	70	18.7
bj	14	70	27.5
bj	14	70	56.3
bj	14	70	23.1
bj	14	70	16.3
bj	14	70	66.3
bj	14	70	23.4
bj	14	70	29.6
bj	14	70	45.2
bj	14	70	29.5
bj	14	70	20.6
bj	14	70	20.7
bj	14	70	17
bj	14	70	25
bj	14	70	18.6
bj	14	70	16.9
bj	14	70	48
bj	14	70	9.36
bj	14	70	65.3
bj	14	70	9.95
bj	14	70	17.6
bj	14	70	34.3
bj	14	70	27.7
bj	14	70	32.6
bj	14	70	14.8
bj	14	70	70.8
bj	14	70	17.1
bj	14	70	33.1
bj	14	70	48.6
bj	14	70	37.4
bj	14	70	31.9
bj	14	70	21.3
bj	14	70	timeout
bj	14	70	23.3
bj	14	70	34.4
bj	14	70	14.7
bj	14	70	22.7
bj	14	70	19.1
bj	14	70	20.9
bj	14	70	32.6
bj	14	70	103
bj	14	70	30
bj	14	70	20.1
bj	14	70	34
bj	14	70	11.2
bj	14	70	10.8
bj	14	70	61
bj	14	70	32.6
bj	14	70	25
bj	14	70	49.8
bj	14	70	101
bj	14	70	28.7
bj	14	70	32.2
bj	14	70	25.1
bj	14	70	32
bj	14	70	44.9
bj	14	70	38.9
bj	14	70	7.03
bj	14	70	20
bj	14	70	43.3
bj	14	70	24.5
bj	14	70	24.2
bj	14	70	23.1
bj	14	70	33.5
