bhkk	14	66	16.5033
bhkk	14	66	16.5033
bhkk	14	66	16.5133
bhkk	14	66	16.51
bhkk	14	66	16.5033
bhkk	14	66	16.51
bhkk	14	66	16.5067
bhkk	14	66	16.5033
bhkk	14	66	16.51
bhkk	14	66	16.51
bhkk	14	66	16.5067
bhkk	14	66	16.5133
bhkk	14	66	16.5033
bhkk	14	66	16.51
bhkk	14	66	16.5067
bhkk	14	66	16.5267
bhkk	14	66	16.51
bhkk	14	66	16.5033
bhkk	14	66	16.5067
bhkk	14	66	16.51
bhkk	14	66	16.51
bhkk	14	66	16.5033
bhkk	14	66	16.5067
bhkk	14	66	16.5033
bhkk	14	66	16.5033
bhkk	14	66	16.5033
bhkk	14	66	16.5167
bhkk	14	66	16.5067
bhkk	14	66	16.51
bhkk	14	66	16.5067
bhkk	14	66	16.5
bhkk	14	66	16.5067
bhkk	14	66	16.51
bhkk	14	66	16.51
bhkk	14	66	16.51
bhkk	14	66	16.5033
bhkk	14	66	16.51
bhkk	14	66	16.51
bhkk	14	66	16.5067
bhkk	14	66	16.5067
bhkk	14	66	16.5067
bhkk	14	66	16.5067
bhkk	14	66	16.5
bhkk	14	66	16.5067
bhkk	14	66	16.51
bhkk	14	66	16.5067
bhkk	14	66	16.51
bhkk	14	66	16.5067
bhkk	14	66	16.51
bhkk	14	66	16.5067
bhkk	14	66	16.51
bhkk	14	66	16.5067
bhkk	14	66	16.5033
bhkk	14	66	16.51
bhkk	14	66	16.5
bhkk	14	66	16.5033
bhkk	14	66	16.5133
bhkk	14	66	16.51
bhkk	14	66	16.5033
bhkk	14	66	16.5067
bhkk	14	66	16.51
bhkk	14	66	16.51
bhkk	14	66	16.5067
bhkk	14	66	16.5067
bhkk	14	66	16.51
bhkk	14	66	16.5067
bhkk	14	66	16.51
bhkk	14	66	16.51
bhkk	14	66	16.5067
bhkk	14	66	16.5067
bhkk	14	66	16.5033
bhkk	14	66	16.5033
bhkk	14	66	16.5067
bhkk	14	66	16.5133
bhkk	14	66	16.5
bhkk	14	66	16.5067
bhkk	14	66	16.5067
bhkk	14	66	16.51
bhkk	14	66	16.5
bhkk	14	66	16.5067
bhkk	14	66	16.5067
bhkk	14	66	16.51
bhkk	14	66	16.5067
bhkk	14	66	16.5033
bhkk	14	66	16.5067
bhkk	14	66	16.5
bhkk	14	66	16.5067
bhkk	14	66	16.5
bhkk	14	66	16.5067
bhkk	14	66	16.5133
bhkk	14	66	16.5067
bhkk	14	66	16.5067
bhkk	14	66	16.51
bhkk	14	66	16.5067
bhkk	14	66	16.5067
bhkk	14	66	16.51
bhkk	14	66	16.5067
bhkk	14	66	16.5033
bhkk	14	66	16.5067
bhkk	14	66	16.51
