bhkk	14	28	2.94
bhkk	14	28	2.91667
bhkk	14	28	2.91667
bhkk	14	28	2.91333
bhkk	14	28	2.91667
bhkk	14	28	2.91
bhkk	14	28	2.92
bhkk	14	28	2.92
bhkk	14	28	2.91333
bhkk	14	28	2.92
bhkk	14	28	2.91333
bhkk	14	28	2.92
bhkk	14	28	2.92333
bhkk	14	28	2.91667
bhkk	14	28	2.92
bhkk	14	28	2.91667
bhkk	14	28	2.91333
bhkk	14	28	2.91667
bhkk	14	28	2.91667
bhkk	14	28	2.92
bhkk	14	28	2.91667
bhkk	14	28	2.91667
bhkk	14	28	2.91667
bhkk	14	28	2.92
bhkk	14	28	2.92
bhkk	14	28	2.91667
bhkk	14	28	2.92
bhkk	14	28	2.92
bhkk	14	28	2.91667
bhkk	14	28	2.92
bhkk	14	28	2.92
bhkk	14	28	2.91667
bhkk	14	28	2.91333
bhkk	14	28	2.92
bhkk	14	28	2.91667
bhkk	14	28	2.91333
bhkk	14	28	2.91667
bhkk	14	28	2.91667
bhkk	14	28	2.91667
bhkk	14	28	2.91667
bhkk	14	28	2.92
bhkk	14	28	2.91667
bhkk	14	28	2.92
bhkk	14	28	2.91667
bhkk	14	28	2.91667
bhkk	14	28	2.91
bhkk	14	28	2.91667
bhkk	14	28	2.91667
bhkk	14	28	2.91667
bhkk	14	28	2.91667
bhkk	14	28	2.91333
bhkk	14	28	2.92
bhkk	14	28	2.91667
bhkk	14	28	2.91667
bhkk	14	28	2.91667
bhkk	14	28	2.92
bhkk	14	28	2.92
bhkk	14	28	2.91333
bhkk	14	28	2.91667
bhkk	14	28	2.91333
bhkk	14	28	2.91333
bhkk	14	28	2.91667
bhkk	14	28	2.92
bhkk	14	28	2.91667
bhkk	14	28	2.91
bhkk	14	28	2.91
bhkk	14	28	2.92
bhkk	14	28	2.92
bhkk	14	28	2.91667
bhkk	14	28	2.92
bhkk	14	28	2.91667
bhkk	14	28	2.91667
bhkk	14	28	2.91667
bhkk	14	28	2.91667
bhkk	14	28	2.91667
bhkk	14	28	2.91333
bhkk	14	28	2.91333
bhkk	14	28	2.91667
bhkk	14	28	2.91667
bhkk	14	28	2.91667
bhkk	14	28	2.92
bhkk	13	28	1.26667
bhkk	14	28	2.91333
bhkk	14	28	2.92
bhkk	14	28	2.92
bhkk	14	28	2.92
bhkk	14	28	2.91667
bhkk	14	28	2.91333
bhkk	14	28	2.91667
bhkk	13	28	1.26667
bhkk	14	28	2.91667
bhkk	14	28	2.91667
bhkk	14	28	2.91
bhkk	13	28	1.26667
bhkk	14	28	2.91667
bhkk	14	28	2.91667
bhkk	14	28	2.92
bhkk	14	28	2.91333
bhkk	13	28	1.26667
bhkk	14	28	2.92
