bj	14	66	17.5
bj	14	66	55.3
bj	14	66	10.4
bj	14	66	33.2
bj	14	66	8.17
bj	14	66	31
bj	14	66	6.96
bj	14	66	21.8
bj	14	66	23.8
bj	14	66	8.08
bj	14	66	24.4
bj	14	66	32.1
bj	14	66	4.37
bj	14	66	6.37
bj	14	66	7.46
bj	14	66	9.22
bj	14	66	29.3
bj	14	66	25.2
bj	14	66	timeout
bj	14	66	11.1
bj	14	66	15
bj	14	66	20.3
bj	14	66	3.32
bj	14	66	16.3
bj	14	66	17.4
bj	14	66	6.48
bj	14	66	6.98
bj	14	66	6.72
bj	14	66	13.3
bj	14	66	17
bj	14	66	13.2
bj	14	66	5.85
bj	14	66	8.94
bj	14	66	17.7
bj	14	66	15.8
bj	14	66	20.1
bj	14	66	40.5
bj	14	66	11.8
bj	14	66	27.2
bj	14	66	15.1
bj	14	66	5.51
bj	14	66	16.2
bj	14	66	11.4
bj	14	66	10.5
bj	14	66	22.4
bj	14	66	4.43
bj	14	66	24.9
bj	14	66	3.74
bj	14	66	18
bj	14	66	31.5
bj	14	66	14
bj	14	66	42
bj	14	66	20.6
bj	14	66	9.28
bj	14	66	11.5
bj	14	66	19.5
bj	14	66	8.63
bj	14	66	12.8
bj	14	66	8.45
bj	14	66	37.6
bj	14	66	16.4
bj	14	66	27.4
bj	14	66	23.1
bj	14	66	14.5
bj	14	66	13
bj	14	66	20.3
bj	14	66	28.8
bj	14	66	12.5
bj	14	66	8.46
bj	14	66	32.6
bj	14	66	7.23
bj	14	66	23.3
bj	14	66	28.1
bj	14	66	14.2
bj	14	66	9.75
bj	14	66	18.4
bj	14	66	13.7
bj	14	66	20.1
bj	14	66	41.7
bj	14	66	13.9
bj	14	66	12.6
bj	14	66	8.38
bj	14	66	7.58
bj	14	66	12.5
bj	14	66	11.9
bj	14	66	10.9
bj	14	66	19.8
bj	14	66	21.1
bj	14	66	22.7
bj	14	66	13.6
bj	14	66	9.8
bj	14	66	22.5
bj	14	66	9.46
bj	14	66	9.46
bj	14	66	16
bj	14	66	12.3
bj	14	66	17.6
bj	14	66	9.78
bj	14	66	5.65
bj	14	66	11.1
