bj	14	76	40.5
bj	14	76	26.4
bj	14	76	35.8
bj	14	76	146
bj	14	76	34.7
bj	14	76	61.2
bj	14	76	32.5
bj	14	76	29.4
bj	14	76	62.7
bj	14	76	30
bj	14	76	75
bj	14	76	28.5
bj	14	76	43.1
bj	14	76	27.8
bj	14	76	29.2
bj	14	76	24
bj	14	76	49.8
bj	14	76	131
bj	14	76	16.9
bj	14	76	25.9
bj	14	76	31.9
bj	14	76	41.5
bj	14	76	21.6
bj	14	76	30.1
bj	14	76	21.7
bj	14	76	33.3
bj	14	76	21.4
bj	14	76	26.3
bj	14	76	59.5
bj	14	76	62.8
bj	14	76	32.7
bj	14	76	38.4
bj	14	76	25.5
bj	14	76	30.2
bj	14	76	17
bj	14	76	18.9
bj	14	76	27.3
bj	14	76	34.9
bj	14	76	20.1
bj	14	76	31.2
bj	14	76	23.3
bj	14	76	24.1
bj	14	76	25.8
bj	14	76	59.4
bj	14	76	28.9
bj	14	76	16.2
bj	14	76	40.1
bj	14	76	72.6
bj	14	76	42.3
bj	14	76	52.5
bj	14	76	129
bj	14	76	21.3
bj	14	76	34.6
bj	14	76	32.8
bj	14	76	24
bj	14	76	46.5
bj	14	76	24.2
bj	14	76	45.9
bj	14	76	43.3
bj	14	76	113
bj	14	76	45.2
bj	14	76	39.8
bj	14	76	27.8
bj	14	76	29.3
bj	14	76	56.4
bj	14	76	19.7
bj	14	76	29
bj	14	76	28.7
bj	14	76	25.3
bj	14	76	49
bj	14	76	27.6
bj	14	76	54.5
bj	14	76	34.2
bj	14	76	116
bj	14	76	39.6
bj	14	76	31.7
bj	14	76	79.1
bj	14	76	48.2
bj	14	76	29.5
bj	14	76	34.4
bj	14	76	28
bj	14	76	49.7
bj	14	76	25.4
bj	14	76	34.8
bj	14	76	31.6
bj	14	76	42.6
bj	14	76	115
bj	14	76	32.7
bj	14	76	35.9
bj	14	76	88.1
bj	14	76	29
bj	14	76	20.8
bj	14	76	47.3
bj	14	76	28.1
bj	14	76	15.5
bj	14	76	36.6
bj	14	76	53.8
bj	14	76	43.8
bj	14	76	35
bj	14	76	68.2
