bhkk	14	50	12.6267
bhkk	14	50	12.6267
bhkk	14	50	12.6267
bhkk	14	50	12.6267
bhkk	14	50	12.62
bhkk	14	50	12.6267
bhkk	14	50	12.6233
bhkk	14	50	12.63
bhkk	14	50	12.62
bhkk	14	50	12.6233
bhkk	14	50	12.63
bhkk	14	50	12.6233
bhkk	14	50	12.62
bhkk	14	50	12.6267
bhkk	14	50	12.6267
bhkk	14	50	12.6233
bhkk	14	50	12.6267
bhkk	14	50	12.63
bhkk	14	50	12.63
bhkk	14	50	12.63
bhkk	14	50	12.6233
bhkk	14	50	12.6233
bhkk	14	50	12.6233
bhkk	14	50	12.6267
bhkk	14	50	12.6267
bhkk	14	50	12.6267
bhkk	14	50	12.6267
bhkk	14	50	12.62
bhkk	14	50	12.62
bhkk	14	50	12.6233
bhkk	14	50	12.6233
bhkk	14	50	12.6233
bhkk	14	50	12.6367
bhkk	14	50	12.6233
bhkk	14	50	12.62
bhkk	14	50	12.6267
bhkk	14	50	12.6267
bhkk	14	50	12.6233
bhkk	14	50	12.6267
bhkk	14	50	12.6233
bhkk	14	50	12.62
bhkk	14	50	12.6233
bhkk	14	50	12.63
bhkk	14	50	12.6233
bhkk	14	50	12.6233
bhkk	14	50	12.6267
bhkk	14	50	12.6233
bhkk	14	50	12.6233
bhkk	14	50	12.63
bhkk	14	50	12.6233
bhkk	14	50	12.6233
bhkk	14	50	12.62
bhkk	14	50	12.63
bhkk	14	50	12.6167
bhkk	14	50	12.6267
bhkk	14	50	12.6233
bhkk	14	50	12.6267
bhkk	14	50	12.62
bhkk	14	50	12.6233
bhkk	14	50	12.62
bhkk	14	50	12.6267
bhkk	14	50	12.63
bhkk	14	50	12.6233
bhkk	14	50	12.63
bhkk	14	50	12.6267
bhkk	14	50	12.6233
bhkk	14	50	12.6233
bhkk	14	50	12.6267
bhkk	14	50	12.62
bhkk	14	50	12.6233
bhkk	14	50	12.6267
bhkk	14	50	12.6267
bhkk	14	50	12.63
bhkk	14	50	12.62
bhkk	14	50	12.6267
bhkk	14	50	12.6233
bhkk	14	50	12.63
bhkk	14	50	12.6333
bhkk	14	50	12.6233
bhkk	14	50	12.6233
bhkk	14	50	12.6267
bhkk	14	50	12.63
bhkk	14	50	12.6233
bhkk	14	50	12.6233
bhkk	14	50	12.63
bhkk	14	50	12.6233
bhkk	14	50	12.6233
bhkk	14	50	12.6233
bhkk	14	50	12.6267
bhkk	14	50	12.6267
bhkk	14	50	12.6233
bhkk	14	50	12.63
bhkk	14	50	12.6267
bhkk	14	50	12.6333
bhkk	14	50	12.6233
bhkk	14	50	12.6233
bhkk	14	50	12.63
bhkk	14	50	12.6233
bhkk	14	50	12.62
bhkk	14	50	12.6233
