bj	14	54	0.56
bj	14	54	2.64
bj	14	54	3.01
bj	14	54	3.75
bj	14	54	3.07
bj	14	54	1.78
bj	14	54	1.08
bj	14	54	1.88
bj	14	54	1.69
bj	14	54	4.22
bj	14	54	3.52
bj	14	54	4.48
bj	14	54	4.59
bj	14	54	4.16
bj	14	54	3.69
bj	14	54	2.62
bj	14	54	1.87
bj	14	54	2.8
bj	14	54	4.34
bj	14	54	5.59
bj	14	54	1.35
bj	14	54	1.93
bj	14	54	1.97
bj	14	54	3.62
bj	14	54	3.4
bj	14	54	2.19
bj	14	54	1.8
bj	14	54	6.31
bj	14	54	3.31
bj	14	54	1.88
bj	14	54	1.38
bj	14	54	1.54
bj	14	54	2.29
bj	14	54	2.17
bj	14	54	3.82
bj	14	54	10.1
bj	14	54	3.94
bj	14	54	2.66
bj	14	54	5.28
bj	14	54	2.07
bj	14	54	5.44
bj	14	54	39.4
bj	14	54	4.15
bj	14	54	5.76
bj	14	54	2.96
bj	14	54	1.67
bj	14	54	1.47
bj	14	54	6.5
bj	14	54	2.37
bj	14	54	0.71
bj	14	54	4.18
bj	14	54	6.16
bj	14	54	3.44
bj	14	54	2.16
bj	14	54	15.2
bj	14	54	2.59
bj	14	54	0.617
bj	14	54	1.55
bj	14	54	2.27
bj	14	54	6.53
bj	14	54	14.2
bj	14	54	6.87
bj	14	54	4.54
bj	14	54	9.69
bj	14	54	2.13
bj	14	54	2.02
bj	14	54	4.29
bj	14	54	1.73
bj	14	54	2.13
bj	14	54	3.58
bj	14	54	3.41
bj	14	54	2.45
bj	14	54	2.04
bj	14	54	3.63
bj	14	54	3.8
bj	14	54	0.603
bj	14	54	2.35
bj	14	54	2.45
bj	14	54	3.79
bj	14	54	0.65
bj	14	54	6.36
bj	14	54	31.7
bj	14	54	3.12
bj	14	54	0.367
bj	14	54	6.87
bj	14	54	2.29
bj	14	54	3.44
bj	14	54	2.52
bj	14	54	1.04
bj	14	54	1.11
bj	14	54	9.05
bj	14	54	3.24
bj	14	54	3.69
bj	14	54	5.85
bj	14	54	12.8
bj	14	54	2.15
bj	14	54	1.95
bj	14	54	3.43
bj	14	54	4.51
bj	14	54	8.48
