bhkk	14	40	4.30667
bhkk	14	40	4.31
bhkk	14	40	4.31
bhkk	14	40	4.30667
bhkk	14	40	4.31
bhkk	14	40	4.30667
bhkk	14	40	4.30667
bhkk	14	40	4.31
bhkk	14	40	4.30667
bhkk	14	40	4.30667
bhkk	14	40	4.31
bhkk	14	40	4.30667
bhkk	14	40	4.31
bhkk	14	40	4.30667
bhkk	14	40	4.30667
bhkk	14	40	4.30333
bhkk	14	40	4.31
bhkk	14	40	4.31
bhkk	14	40	4.31
bhkk	14	40	4.30667
bhkk	14	40	4.30667
bhkk	14	40	4.31
bhkk	14	40	4.31
bhkk	14	40	4.30667
bhkk	14	40	4.30667
bhkk	14	40	4.31333
bhkk	14	40	4.31
bhkk	14	40	4.31
bhkk	14	40	4.30667
bhkk	14	40	4.31
bhkk	14	40	4.30333
bhkk	14	40	4.31
bhkk	14	40	4.30333
bhkk	14	40	4.30667
bhkk	14	40	4.30667
bhkk	14	40	4.31
bhkk	14	40	4.31
bhkk	14	40	4.31
bhkk	14	40	4.31
bhkk	14	40	4.30667
bhkk	14	40	4.31
bhkk	14	40	4.31
bhkk	14	40	4.30667
bhkk	14	40	4.31
bhkk	14	40	4.31333
bhkk	14	40	4.31
bhkk	14	40	4.31
bhkk	14	40	4.31
bhkk	14	40	4.30333
bhkk	14	40	4.30667
bhkk	14	40	4.31
bhkk	14	40	4.31
bhkk	14	40	4.30333
bhkk	14	40	4.31
bhkk	14	40	4.31
bhkk	14	40	4.30667
bhkk	14	40	4.31
bhkk	14	40	4.31
bhkk	14	40	4.31
bhkk	14	40	4.31
bhkk	14	40	4.31
bhkk	14	40	4.31
bhkk	14	40	4.31333
bhkk	14	40	4.31
bhkk	14	40	4.30333
bhkk	14	40	4.31
bhkk	14	40	4.31
bhkk	14	40	4.30667
bhkk	14	40	4.30667
bhkk	14	40	4.30667
bhkk	14	40	4.30667
bhkk	14	40	4.31
bhkk	14	40	4.31
bhkk	14	40	4.31
bhkk	14	40	4.31
bhkk	14	40	4.31
bhkk	14	40	4.30667
bhkk	14	40	4.31
bhkk	14	40	4.30667
bhkk	14	40	4.30667
bhkk	14	40	4.30667
bhkk	14	40	4.31333
bhkk	14	40	4.31
bhkk	14	40	4.30667
bhkk	14	40	4.31
bhkk	14	40	4.30667
bhkk	14	40	4.31
bhkk	14	40	4.30667
bhkk	14	40	4.31
bhkk	14	40	4.31
bhkk	14	40	4.31
bhkk	14	40	4.30667
bhkk	14	40	4.31
bhkk	14	40	4.30667
bhkk	14	40	4.30667
bhkk	14	40	4.31
bhkk	14	40	4.30667
bhkk	14	40	4.31
bhkk	14	40	4.31
bhkk	14	40	4.31
