bhkk	14	86	24.48
bhkk	14	86	24.4767
bhkk	14	86	24.48
bhkk	14	86	24.48
bhkk	14	86	24.4733
bhkk	14	86	24.4867
bhkk	14	86	24.48
bhkk	14	86	24.4767
bhkk	14	86	24.4767
bhkk	14	86	24.4767
bhkk	14	86	24.4733
bhkk	14	86	24.4733
bhkk	14	86	24.48
bhkk	14	86	24.48
bhkk	14	86	24.4767
bhkk	14	86	24.49
bhkk	14	86	24.4833
bhkk	14	86	24.4733
bhkk	14	86	24.4733
bhkk	14	86	24.4767
bhkk	14	86	24.48
bhkk	14	86	24.48
bhkk	14	86	24.4867
bhkk	14	86	24.4733
bhkk	14	86	24.4767
bhkk	14	86	24.4733
bhkk	14	86	24.4733
bhkk	14	86	24.4733
bhkk	14	86	24.4833
bhkk	14	86	24.4733
bhkk	14	86	24.4867
bhkk	14	86	24.4833
bhkk	14	86	24.4767
bhkk	14	86	24.4767
bhkk	14	86	24.49
bhkk	14	86	24.48
bhkk	14	86	24.4767
bhkk	14	86	24.4767
bhkk	14	86	24.4767
bhkk	14	86	24.4767
bhkk	14	86	24.4767
bhkk	14	86	24.48
bhkk	14	86	24.48
bhkk	14	86	24.4733
bhkk	14	86	24.4833
bhkk	14	86	24.47
bhkk	14	86	24.4833
bhkk	14	86	24.48
bhkk	14	86	24.4833
bhkk	14	86	24.47
bhkk	14	86	24.4733
bhkk	14	86	24.48
bhkk	14	86	24.4767
bhkk	14	86	24.47
bhkk	14	86	24.4767
bhkk	14	86	24.4767
bhkk	14	86	24.4767
bhkk	14	86	24.48
bhkk	14	86	24.4767
bhkk	14	86	24.4833
bhkk	14	86	24.4767
bhkk	14	86	24.4733
bhkk	14	86	24.4767
bhkk	14	86	24.48
bhkk	14	86	24.4767
bhkk	14	86	24.4767
bhkk	14	86	24.4667
bhkk	14	86	24.4867
bhkk	14	86	24.48
bhkk	14	86	24.4767
bhkk	14	86	24.4833
bhkk	14	86	24.48
bhkk	14	86	24.48
bhkk	14	86	24.4733
bhkk	14	86	24.4767
bhkk	14	86	24.4767
bhkk	14	86	24.4733
bhkk	14	86	24.4867
bhkk	14	86	24.4767
bhkk	14	86	24.4733
bhkk	14	86	24.4867
bhkk	14	86	24.48
bhkk	14	86	24.4767
bhkk	14	86	24.48
bhkk	14	86	24.4667
bhkk	14	86	24.48
bhkk	14	86	24.4733
bhkk	14	86	24.4733
bhkk	14	86	24.4733
bhkk	14	86	24.48
bhkk	14	86	24.48
bhkk	14	86	24.48
bhkk	14	86	24.48
bhkk	14	86	24.48
bhkk	14	86	24.4833
bhkk	14	86	24.4767
bhkk	14	86	24.4767
bhkk	14	86	24.48
bhkk	14	86	24.4733
bhkk	14	86	24.4767
