bj	14	90	67.3
bj	14	90	66.7
bj	14	90	67.5
bj	14	90	66.9
bj	14	90	66.5
bj	14	90	66.7
bj	14	90	66.6
bj	14	90	66.1
bj	14	90	65.7
bj	14	90	66.5
bj	14	90	65.6
bj	14	90	66.1
bj	14	90	67.2
bj	14	90	66.3
bj	14	90	65.8
bj	14	90	66.4
bj	14	90	66.1
bj	14	90	66.2
bj	14	90	66.2
bj	14	90	65.8
bj	14	90	65.9
bj	14	90	66.3
bj	14	90	65.8
bj	14	90	66.5
bj	14	90	65.8
bj	14	90	66.5
bj	14	90	66.8
bj	14	90	70.3
bj	14	90	66.7
bj	14	90	66.7
bj	14	90	66.6
bj	14	90	65.9
bj	14	90	66.2
bj	14	90	66.7
bj	14	90	66.7
bj	14	90	65.7
bj	14	90	66
bj	14	90	66
bj	14	90	65.9
bj	14	90	65.5
bj	14	90	65.5
bj	14	90	66.1
bj	14	90	65.9
bj	14	90	65.8
bj	14	90	66.3
bj	14	90	66.4
bj	14	90	66.2
bj	14	90	66.9
bj	14	90	66.2
bj	14	90	66.2
bj	14	90	66.8
bj	14	90	66.5
bj	14	90	67
bj	14	90	67
bj	14	90	66.4
bj	14	90	67.2
bj	14	90	66.3
bj	14	90	66.2
bj	14	90	67.4
bj	14	90	65.6
bj	14	90	73.5
bj	14	90	66.7
bj	14	90	66.2
bj	14	90	66.8
bj	14	90	66.4
bj	14	90	66.6
bj	14	90	66.6
bj	14	90	66.8
bj	14	90	66.7
bj	14	90	67.8
bj	14	90	66.7
bj	14	90	66.4
bj	14	90	66.5
bj	14	90	67.1
bj	14	90	66.9
bj	14	90	65.9
bj	14	90	67
bj	14	90	66.6
bj	14	90	66.7
bj	14	90	67.3
bj	14	90	66.1
bj	14	90	67
bj	14	90	66.7
bj	14	90	66.5
bj	14	90	67
bj	14	90	66.8
bj	14	90	66.6
bj	14	90	66.2
bj	14	90	66.9
bj	14	90	66.6
bj	14	90	67.4
bj	14	90	66.1
bj	14	90	66.6
bj	14	90	67
bj	14	90	66.4
bj	14	90	65.8
bj	14	90	66.5
bj	14	90	66.9
bj	14	90	65.9
bj	14	90	65.9
