bhkk	14	78	21.8467
bhkk	14	78	21.85
bhkk	14	78	21.8433
bhkk	14	78	21.8433
bhkk	14	78	21.8367
bhkk	14	78	21.84
bhkk	14	78	21.84
bhkk	14	78	21.8467
bhkk	14	78	21.8467
bhkk	14	78	21.8533
bhkk	14	78	21.84
bhkk	14	78	21.84
bhkk	14	78	21.8433
bhkk	14	78	21.85
bhkk	14	78	21.8433
bhkk	14	78	21.8367
bhkk	14	78	21.8333
bhkk	14	78	21.8467
bhkk	14	78	21.85
bhkk	14	78	21.8433
bhkk	14	78	21.8433
bhkk	14	78	21.84
bhkk	14	78	21.8433
bhkk	14	78	21.8467
bhkk	14	78	21.84
bhkk	14	78	21.85
bhkk	14	78	21.84
bhkk	14	78	21.8467
bhkk	14	78	21.84
bhkk	14	78	21.8433
bhkk	14	78	21.8367
bhkk	14	78	21.8433
bhkk	14	78	21.8433
bhkk	14	78	21.8433
bhkk	14	78	21.84
bhkk	14	78	21.8433
bhkk	14	78	21.8533
bhkk	14	78	21.84
bhkk	14	78	21.8367
bhkk	14	78	21.8433
bhkk	14	78	21.8567
bhkk	14	78	21.8467
bhkk	14	78	21.8433
bhkk	14	78	21.8533
bhkk	14	78	21.8367
bhkk	14	78	21.8467
bhkk	14	78	21.8433
bhkk	14	78	21.8367
bhkk	14	78	21.8367
bhkk	14	78	21.8433
bhkk	14	78	21.84
bhkk	14	78	21.8467
bhkk	14	78	21.85
bhkk	14	78	21.84
bhkk	14	78	21.8433
bhkk	14	78	21.84
bhkk	14	78	21.8433
bhkk	14	78	21.8367
bhkk	14	78	21.85
bhkk	14	78	21.8333
bhkk	14	78	21.84
bhkk	14	78	21.8467
bhkk	14	78	21.8533
bhkk	14	78	21.84
bhkk	14	78	21.85
bhkk	14	78	21.8467
bhkk	14	78	21.84
bhkk	14	78	21.8433
bhkk	14	78	21.8433
bhkk	14	78	21.8467
bhkk	14	78	21.8433
bhkk	14	78	21.8467
bhkk	14	78	21.8367
bhkk	14	78	21.8467
bhkk	14	78	21.8433
bhkk	14	78	21.8467
bhkk	14	78	21.85
bhkk	14	78	21.8367
bhkk	14	78	21.85
bhkk	14	78	21.8367
bhkk	14	78	21.8367
bhkk	14	78	21.8433
bhkk	14	78	21.8467
bhkk	14	78	21.84
bhkk	14	78	21.8433
bhkk	14	78	21.84
bhkk	14	78	21.8433
bhkk	14	78	21.85
bhkk	14	78	21.85
bhkk	14	78	21.8467
bhkk	14	78	21.8467
bhkk	14	78	21.84
bhkk	14	78	21.84
bhkk	14	78	21.84
bhkk	14	78	21.8467
bhkk	14	78	21.8433
bhkk	14	78	21.86
bhkk	14	78	21.8433
bhkk	14	78	21.84
bhkk	14	78	21.8333
