bhkk	14	58	14.08
bhkk	14	58	14.0733
bhkk	14	58	14.08
bhkk	14	58	14.16
bhkk	14	58	14.08
bhkk	14	58	14.0767
bhkk	14	58	14.0767
bhkk	14	58	14.2867
bhkk	14	58	14.08
bhkk	14	58	14.08
bhkk	14	58	14.0767
bhkk	14	58	14.0867
bhkk	14	58	14.08
bhkk	14	58	14.08
bhkk	14	58	14.0767
bhkk	14	58	14.0767
bhkk	14	58	14.0767
bhkk	14	58	14.08
bhkk	14	58	14.0733
bhkk	14	58	14.08
bhkk	14	58	14.0867
bhkk	14	58	14.0767
bhkk	14	58	14.08
bhkk	14	58	14.0867
bhkk	14	58	14.1667
bhkk	14	58	14.0867
bhkk	14	58	14.0767
bhkk	14	58	14.0767
bhkk	14	58	14.08
bhkk	14	58	14.08
bhkk	14	58	14.08
bhkk	14	58	14.0833
bhkk	14	58	14.0733
bhkk	14	58	14.0767
bhkk	14	58	14.08
bhkk	14	58	14.1067
bhkk	14	58	14.08
bhkk	14	58	14.08
bhkk	14	58	14.0733
bhkk	14	58	14.08
bhkk	14	58	14.0767
bhkk	14	58	14.0767
bhkk	14	58	14.08
bhkk	14	58	14.0767
bhkk	14	58	14.08
bhkk	14	58	14.0767
bhkk	14	58	14.08
bhkk	14	58	14.08
bhkk	14	58	14.08
bhkk	14	58	14.0767
bhkk	14	58	14.0767
bhkk	14	58	14.0933
bhkk	14	58	14.0933
bhkk	14	58	14.1
bhkk	14	58	14.0767
bhkk	14	58	14.0767
bhkk	14	58	14.08
bhkk	14	58	14.0833
bhkk	14	58	14.08
bhkk	14	58	14.08
bhkk	14	58	14.0733
bhkk	14	58	14.08
bhkk	14	58	14.0867
bhkk	14	58	14.08
bhkk	14	58	14.08
bhkk	14	58	14.0767
bhkk	14	58	14.08
bhkk	14	58	14.08
bhkk	14	58	14.08
bhkk	14	58	14.0767
bhkk	14	58	14.0833
bhkk	14	58	14.0833
bhkk	14	58	14.08
bhkk	14	58	14.08
bhkk	14	58	14.0833
bhkk	14	58	14.0833
bhkk	14	58	14.0733
bhkk	14	58	14.08
bhkk	14	58	14.1733
bhkk	14	58	14.0833
bhkk	14	58	14.31
bhkk	14	58	14.0833
bhkk	14	58	14.0867
bhkk	14	58	14.08
bhkk	14	58	14.08
bhkk	14	58	14.4567
bhkk	14	58	14.08
bhkk	14	58	14.0833
bhkk	14	58	14.08
bhkk	14	58	14.08
bhkk	14	58	14.0833
bhkk	14	58	14.08
bhkk	14	58	14.08
bhkk	14	58	14.0867
bhkk	14	58	14.08
bhkk	14	58	14.0767
bhkk	14	58	14.11
bhkk	14	58	14.0767
bhkk	14	58	14.09
bhkk	14	58	14.0867
