bhkk	13	18	0.486666
bhkk	14	18	1.02
bhkk	13	18	0.486666
bhkk	12	18	0.223333
bhkk	14	18	1.02
bhkk	13	18	0.486666
bhkk	14	18	1.02
bhkk	14	18	1.02
bhkk	14	18	1.02
bhkk	14	18	1.02
bhkk	13	18	0.486666
bhkk	14	18	1.02
bhkk	13	18	0.486666
bhkk	13	18	0.486666
bhkk	14	18	1.02
bhkk	14	18	1.02
bhkk	13	18	0.486666
bhkk	13	18	0.486666
bhkk	14	18	1.02
bhkk	14	18	1.02
bhkk	13	18	0.486666
bhkk	13	18	0.486666
bhkk	14	18	1.02
bhkk	14	18	1.02
bhkk	14	18	1.02
bhkk	13	18	0.486666
bhkk	13	18	0.486666
bhkk	13	18	0.486666
bhkk	13	18	0.486666
bhkk	14	18	1.02
bhkk	14	18	1.02
bhkk	14	18	1.02
bhkk	13	18	0.486666
bhkk	14	18	1.02
bhkk	14	18	1.02
bhkk	12	18	0.223333
bhkk	13	18	0.486666
bhkk	14	18	1.02
bhkk	14	18	1.02
bhkk	14	18	1.02
bhkk	13	18	0.486666
bhkk	12	18	0.223333
bhkk	13	18	0.486666
bhkk	12	18	0.223333
bhkk	11	18	0.099999
bhkk	14	18	1.02
bhkk	13	18	0.486666
bhkk	13	18	0.486666
bhkk	13	18	0.486666
bhkk	14	18	1.02
bhkk	14	18	1.02
bhkk	14	18	1.02
bhkk	13	18	0.486666
bhkk	13	18	0.486666
bhkk	14	18	1.02
bhkk	14	18	1.02
bhkk	14	18	1.02
bhkk	14	18	1.02
bhkk	13	18	0.486666
bhkk	13	18	0.486666
bhkk	13	18	0.486666
bhkk	13	18	0.486666
bhkk	14	18	1.01667
bhkk	14	18	1.02
bhkk	13	18	0.486666
bhkk	13	18	0.483333
bhkk	14	18	1.02333
bhkk	14	18	1.01667
bhkk	12	18	0.223333
bhkk	14	18	1.02
bhkk	14	18	1.02
bhkk	14	18	1.02
bhkk	14	18	1.01667
bhkk	14	18	1.01667
bhkk	14	18	1.02333
bhkk	14	18	1.02
bhkk	12	18	0.223333
bhkk	13	18	0.486666
bhkk	13	18	0.486666
bhkk	13	18	0.486666
bhkk	13	18	0.486666
bhkk	12	18	0.223333
bhkk	14	18	1.02
bhkk	13	18	0.483333
bhkk	14	18	1.02
bhkk	14	18	1.02
bhkk	14	18	1.02
bhkk	13	18	0.486666
bhkk	13	18	0.486666
bhkk	14	18	1.02
bhkk	14	18	1.02
bhkk	12	18	0.223333
bhkk	14	18	1.02
bhkk	14	18	1.02
bhkk	14	18	1.02
bhkk	13	18	0.483333
bhkk	14	18	1.02
bhkk	14	18	1.02
bhkk	11	18	0.099999
bhkk	14	18	1.02
