bj	14	58	2.85
bj	14	58	2.93
bj	14	58	3.95
bj	14	58	2.53
bj	14	58	9.7
bj	14	58	6.35
bj	14	58	3.17
bj	14	58	2.86
bj	14	58	6.43
bj	14	58	19
bj	14	58	3.9
bj	14	58	7.33
bj	14	58	5.02
bj	14	58	2.56
bj	14	58	1.97
bj	14	58	4.96
bj	14	58	5.23
bj	14	58	3.68
bj	14	58	1.48
bj	14	58	10.3
bj	14	58	2.79
bj	14	58	3.76
bj	14	58	3.79
bj	14	58	4.27
bj	14	58	3.28
bj	14	58	5.38
bj	14	58	4.82
bj	14	58	15.8
bj	14	58	2.8
bj	14	58	8
bj	14	58	31.8
bj	14	58	10
bj	14	58	6.52
bj	14	58	21.4
bj	14	58	12.4
bj	14	58	7.33
bj	14	58	4.26
bj	14	58	5.1
bj	14	58	13
bj	14	58	2.72
bj	14	58	12.9
bj	14	58	3.5
bj	14	58	1.58
bj	14	58	6.45
bj	14	58	9.28
bj	14	58	2.63
bj	14	58	2.13
bj	14	58	6.64
bj	14	58	3.59
bj	14	58	9.7
bj	14	58	3.66
bj	14	58	3.21
bj	14	58	4.81
bj	14	58	4.52
bj	14	58	11.6
bj	14	58	30
bj	14	58	2.41
bj	14	58	13.7
bj	14	58	5.58
bj	14	58	9.27
bj	14	58	14.4
bj	14	58	0.87
bj	14	58	2.86
bj	14	58	5.35
bj	14	58	4.47
bj	14	58	2.51
bj	14	58	3.11
bj	14	58	4.49
bj	14	58	2.8
bj	14	58	7.69
bj	14	58	1.78
bj	14	58	7.3
bj	14	58	2.69
bj	14	58	2.69
bj	14	58	1.14
bj	14	58	1.95
bj	14	58	14.9
bj	14	58	13.1
bj	14	58	5.94
bj	14	58	15.4
bj	14	58	4.95
bj	14	58	1.39
bj	14	58	2.53
bj	14	58	2.78
bj	14	58	2.33
bj	14	58	11.1
bj	14	58	5.26
bj	14	58	3.27
bj	14	58	1.93
bj	14	58	5.84
bj	14	58	4.73
bj	14	58	6.98
bj	14	58	3.68
bj	14	58	3.06
bj	14	58	6.76
bj	14	58	5.17
bj	14	58	1.82
bj	14	58	1.99
bj	14	58	3.89
bj	14	58	5.55
