bhkk	14	76	21.1833
bhkk	14	76	21.1833
bhkk	14	76	21.1867
bhkk	14	76	21.1833
bhkk	14	76	21.18
bhkk	14	76	21.1833
bhkk	14	76	21.1833
bhkk	14	76	21.1833
bhkk	14	76	21.1867
bhkk	14	76	21.1833
bhkk	14	76	21.18
bhkk	14	76	21.18
bhkk	14	76	21.19
bhkk	14	76	21.1867
bhkk	14	76	21.1867
bhkk	14	76	21.1833
bhkk	14	76	21.1833
bhkk	14	76	21.1867
bhkk	14	76	21.18
bhkk	14	76	21.19
bhkk	14	76	21.1867
bhkk	14	76	21.1833
bhkk	14	76	21.1833
bhkk	14	76	21.1833
bhkk	14	76	21.1833
bhkk	14	76	21.19
bhkk	14	76	21.1767
bhkk	14	76	21.1833
bhkk	14	76	21.19
bhkk	14	76	21.1867
bhkk	14	76	21.1867
bhkk	14	76	21.1833
bhkk	14	76	21.1833
bhkk	14	76	21.1833
bhkk	14	76	21.1867
bhkk	14	76	21.18
bhkk	14	76	21.1833
bhkk	14	76	21.1933
bhkk	14	76	21.1867
bhkk	14	76	21.18
bhkk	14	76	21.18
bhkk	14	76	21.1833
bhkk	14	76	21.1867
bhkk	14	76	21.1833
bhkk	14	76	21.1833
bhkk	14	76	21.1833
bhkk	14	76	21.18
bhkk	14	76	21.18
bhkk	14	76	21.1833
bhkk	14	76	21.1867
bhkk	14	76	21.1833
bhkk	14	76	21.1867
bhkk	14	76	21.1833
bhkk	14	76	21.19
bhkk	14	76	21.1867
bhkk	14	76	21.1967
bhkk	14	76	21.19
bhkk	14	76	21.1967
bhkk	14	76	21.1767
bhkk	14	76	21.1867
bhkk	14	76	21.1767
bhkk	14	76	21.19
bhkk	14	76	21.1867
bhkk	14	76	21.18
bhkk	14	76	21.19
bhkk	14	76	21.1833
bhkk	14	76	21.1867
bhkk	14	76	21.1733
bhkk	14	76	21.1867
bhkk	14	76	21.1833
bhkk	14	76	21.19
bhkk	14	76	21.1833
bhkk	14	76	21.1833
bhkk	14	76	21.1833
bhkk	14	76	21.1833
bhkk	14	76	21.1867
bhkk	14	76	21.1867
bhkk	14	76	21.1833
bhkk	14	76	21.1833
bhkk	14	76	21.1867
bhkk	14	76	21.1867
bhkk	14	76	21.1833
bhkk	14	76	21.18
bhkk	14	76	21.1867
bhkk	14	76	21.1767
bhkk	14	76	21.1867
bhkk	14	76	21.1867
bhkk	14	76	21.1767
bhkk	14	76	21.18
bhkk	14	76	21.1933
bhkk	14	76	21.1867
bhkk	14	76	21.1833
bhkk	14	76	21.19
bhkk	14	76	21.1833
bhkk	14	76	21.19
bhkk	14	76	21.1833
bhkk	14	76	21.1767
bhkk	14	76	21.19
bhkk	14	76	21.18
bhkk	14	76	21.18
