bj	14	72	15.7
bj	14	72	68.9
bj	14	72	19.3
bj	14	72	17.5
bj	14	72	23.3
bj	14	72	64.4
bj	14	72	18.2
bj	14	72	9.8
bj	14	72	87.2
bj	14	72	22.5
bj	14	72	33.7
bj	14	72	timeout
bj	14	72	25.6
bj	14	72	14.6
bj	14	72	16.4
bj	14	72	33.4
bj	14	72	160
bj	14	72	20.2
bj	14	72	32.7
bj	14	72	17.5
bj	14	72	15.8
bj	14	72	22.4
bj	14	72	40.9
bj	14	72	13.5
bj	14	72	33.4
bj	14	72	21.9
bj	14	72	timeout
bj	14	72	18.7
bj	14	72	31.2
bj	14	72	18.6
bj	14	72	21.4
bj	14	72	20.2
bj	14	72	74.2
bj	14	72	25.7
bj	14	72	44.2
bj	14	72	13.5
bj	14	72	51.2
bj	14	72	10.9
bj	14	72	13.5
bj	14	72	57
bj	14	72	40.2
bj	14	72	20.5
bj	14	72	25.3
bj	14	72	31.3
bj	14	72	10.6
bj	14	72	18.2
bj	14	72	18.3
bj	14	72	43.4
bj	14	72	15.3
bj	14	72	73.7
bj	14	72	38
bj	14	72	15.1
bj	14	72	55.9
bj	14	72	22.6
bj	14	72	36.8
bj	14	72	63.8
bj	14	72	67.1
bj	14	72	101
bj	14	72	22.1
bj	14	72	18.5
bj	14	72	11.3
bj	14	72	6.85
bj	14	72	83.9
bj	14	72	25.5
bj	14	72	21
bj	14	72	timeout
bj	14	72	15.1
bj	14	72	83.7
bj	14	72	14
bj	14	72	16.6
bj	14	72	22.4
bj	14	72	53.6
bj	14	72	25.5
bj	14	72	38.1
bj	14	72	37.7
bj	14	72	14
bj	14	72	13.2
bj	14	72	55
bj	14	72	timeout
bj	14	72	38.4
bj	14	72	20.9
bj	14	72	55.2
bj	14	72	26.9
bj	14	72	64.7
bj	14	72	16.2
bj	14	72	14.3
bj	14	72	35.4
bj	14	72	42.9
bj	14	72	46.6
bj	14	72	25
bj	14	72	63.3
bj	14	72	18
bj	14	72	47.6
bj	14	72	32.6
bj	14	72	15.1
bj	14	72	32.6
bj	14	72	12.7
bj	14	72	27
bj	14	72	32.3
bj	14	72	47.6
