bj	14	88	61.9
bj	14	88	67.6
bj	14	88	62.3
bj	14	88	64.4
bj	14	88	71.1
bj	14	88	67.7
bj	14	88	69.4
bj	14	88	60.6
bj	14	88	66.4
bj	14	88	52.8
bj	14	88	70.6
bj	14	88	67.6
bj	14	88	68.7
bj	14	88	60.3
bj	14	88	66.4
bj	14	88	60.4
bj	14	88	70.9
bj	14	88	68
bj	14	88	67.6
bj	14	88	69.1
bj	14	88	66.8
bj	14	88	60.3
bj	14	88	71.7
bj	14	88	69.9
bj	14	88	61.1
bj	14	88	71.2
bj	14	88	66.4
bj	14	88	73.5
bj	14	88	68.9
bj	14	88	74.3
bj	14	88	61.4
bj	14	88	66.1
bj	14	88	62.2
bj	14	88	78.2
bj	14	88	62
bj	14	88	60.5
bj	14	88	70.9
bj	14	88	65.6
bj	14	88	69.3
bj	14	88	60
bj	14	88	73.2
bj	14	88	62.9
bj	14	88	60.8
bj	14	88	60.3
bj	14	88	65.5
bj	14	88	70.1
bj	14	88	64.4
bj	14	88	66.8
bj	14	88	64.5
bj	14	88	88.4
bj	14	88	70.1
bj	14	88	63.7
bj	14	88	67
bj	14	88	68.3
bj	14	88	69.3
bj	14	88	timeout
bj	14	88	61.6
bj	14	88	66.9
bj	14	88	59.6
bj	14	88	55.1
bj	14	88	67
bj	14	88	69.4
bj	14	88	71.9
bj	14	88	69
bj	14	88	90.4
bj	14	88	71.3
bj	14	88	65.4
bj	14	88	66.9
bj	14	88	61.5
bj	14	88	60.3
bj	14	88	62.7
bj	14	88	71.2
bj	14	88	60.8
bj	14	88	64.7
bj	14	88	64.7
bj	14	88	68.6
bj	14	88	64.7
bj	14	88	66.1
bj	14	88	69.3
bj	14	88	61.8
bj	14	88	63.2
bj	14	88	66
bj	14	88	69.2
bj	14	88	69.9
bj	14	88	65.8
bj	14	88	65.5
bj	14	88	68.8
bj	14	88	66.7
bj	14	88	76.6
bj	14	88	61.7
bj	14	88	70.8
bj	14	88	65
bj	14	88	65.9
bj	14	88	65.6
bj	14	88	65.5
bj	14	88	71.2
bj	14	88	65.5
bj	14	88	64.7
bj	14	88	55.6
bj	14	88	53
