bhkk	12	14	0.113333
bhkk	11	14	0.056666
bhkk	12	14	0.113333
bhkk	12	14	0.113333
bhkk	13	14	0.209999
bhkk	13	14	0.209999
bhkk	12	14	0.113333
bhkk	12	14	0.113333
bhkk	12	14	0.113333
bhkk	13	14	0.209999
bhkk	13	14	0.209999
bhkk	12	14	0.113333
bhkk	13	14	0.209999
bhkk	14	14	0.346666
bhkk	13	14	0.209999
bhkk	10	14	0.026666
bhkk	12	14	0.113333
bhkk	13	14	0.209999
bhkk	12	14	0.113333
bhkk	11	14	0.056666
bhkk	13	14	0.209999
bhkk	11	14	0.056666
bhkk	14	14	0.346666
bhkk	13	14	0.209999
bhkk	13	14	0.209999
bhkk	13	14	0.209999
bhkk	11	14	0.056666
bhkk	12	14	0.113333
bhkk	11	14	0.056666
bhkk	13	14	0.209999
bhkk	11	14	0.056666
bhkk	13	14	0.209999
bhkk	13	14	0.209999
bhkk	11	14	0.056666
bhkk	11	14	0.056666
bhkk	12	14	0.113333
bhkk	11	14	0.056666
bhkk	12	14	0.113333
bhkk	12	14	0.113333
bhkk	13	14	0.209999
bhkk	13	14	0.209999
bhkk	11	14	0.056666
bhkk	12	14	0.113333
bhkk	12	14	0.113333
bhkk	11	14	0.056666
bhkk	13	14	0.209999
bhkk	13	14	0.213333
bhkk	11	14	0.056666
bhkk	14	14	0.346666
bhkk	11	14	0.056666
bhkk	12	14	0.113333
bhkk	12	14	0.113333
bhkk	13	14	0.213333
bhkk	12	14	0.113333
bhkk	12	14	0.113333
bhkk	12	14	0.113333
bhkk	12	14	0.113333
bhkk	13	14	0.209999
bhkk	12	14	0.113333
bhkk	12	14	0.113333
bhkk	13	14	0.209999
bhkk	12	14	0.113333
bhkk	12	14	0.113333
bhkk	13	14	0.209999
bhkk	12	14	0.113333
bhkk	12	14	0.113333
bhkk	13	14	0.209999
bhkk	13	14	0.209999
bhkk	14	14	0.339999
bhkk	13	14	0.209999
bhkk	13	14	0.209999
bhkk	12	14	0.113333
bhkk	11	14	0.056666
bhkk	11	14	0.056666
bhkk	11	14	0.056666
bhkk	13	14	0.209999
bhkk	13	14	0.209999
bhkk	13	14	0.209999
bhkk	13	14	0.209999
bhkk	13	14	0.206666
bhkk	13	14	0.213333
bhkk	13	14	0.209999
bhkk	13	14	0.209999
bhkk	12	14	0.113333
bhkk	12	14	0.113333
bhkk	12	14	0.113333
bhkk	12	14	0.113333
bhkk	13	14	0.209999
bhkk	12	14	0.113333
bhkk	12	14	0.113333
bhkk	11	14	0.056666
bhkk	13	14	0.209999
bhkk	12	14	0.113333
bhkk	14	14	0.346666
bhkk	12	14	0.113333
bhkk	11	14	0.056666
bhkk	12	14	0.113333
bhkk	12	14	0.113333
bhkk	13	14	0.209999
bhkk	14	14	0.346666
