bhkk	14	34	3.39333
bhkk	14	34	3.4
bhkk	14	34	3.39667
bhkk	14	34	3.39333
bhkk	14	34	3.39667
bhkk	14	34	3.39333
bhkk	14	34	3.39667
bhkk	14	34	3.39667
bhkk	14	34	3.39667
bhkk	14	34	3.39667
bhkk	14	34	3.39667
bhkk	14	34	3.39667
bhkk	14	34	3.39667
bhkk	14	34	3.39667
bhkk	14	34	3.39667
bhkk	14	34	3.39333
bhkk	14	34	3.39667
bhkk	14	34	3.39333
bhkk	14	34	3.39333
bhkk	14	34	3.39667
bhkk	14	34	3.39667
bhkk	14	34	3.39333
bhkk	14	34	3.39333
bhkk	14	34	3.39667
bhkk	14	34	3.39333
bhkk	14	34	3.39667
bhkk	14	34	3.39667
bhkk	14	34	3.39667
bhkk	14	34	3.39333
bhkk	14	34	3.39
bhkk	14	34	3.39667
bhkk	14	34	3.39667
bhkk	14	34	3.39667
bhkk	14	34	3.39667
bhkk	14	34	3.39333
bhkk	14	34	3.39667
bhkk	14	34	3.39667
bhkk	14	34	3.39667
bhkk	14	34	3.39667
bhkk	14	34	3.39667
bhkk	14	34	3.39667
bhkk	14	34	3.39333
bhkk	14	34	3.39333
bhkk	14	34	3.39667
bhkk	14	34	3.39667
bhkk	14	34	3.39667
bhkk	13	34	1.45
bhkk	14	34	3.39667
bhkk	14	34	3.39667
bhkk	14	34	3.39333
bhkk	14	34	3.39667
bhkk	14	34	3.39333
bhkk	14	34	3.39667
bhkk	14	34	3.4
bhkk	14	34	3.39333
bhkk	14	34	3.39333
bhkk	14	34	3.39667
bhkk	14	34	3.39667
bhkk	14	34	3.39667
bhkk	14	34	3.39667
bhkk	14	34	3.4
bhkk	14	34	3.39667
bhkk	14	34	3.39333
bhkk	14	34	3.39667
bhkk	14	34	3.39333
bhkk	14	34	3.39667
bhkk	14	34	3.39333
bhkk	14	34	3.39333
bhkk	14	34	3.39667
bhkk	14	34	3.39667
bhkk	14	34	3.39333
bhkk	14	34	3.39667
bhkk	14	34	3.4
bhkk	14	34	3.39667
bhkk	14	34	3.39333
bhkk	14	34	3.39
bhkk	14	34	3.39667
bhkk	14	34	3.39667
bhkk	14	34	3.39667
bhkk	14	34	3.39667
bhkk	14	34	3.39333
bhkk	14	34	3.39667
bhkk	14	34	3.39333
bhkk	14	34	3.39667
bhkk	14	34	3.39667
bhkk	14	34	3.39667
bhkk	14	34	3.39333
bhkk	14	34	3.39667
bhkk	14	34	3.39333
bhkk	14	34	3.39667
bhkk	14	34	3.39667
bhkk	14	34	3.39333
bhkk	14	34	3.39667
bhkk	14	34	3.39333
bhkk	14	34	3.39667
bhkk	14	34	3.4
bhkk	14	34	3.4
bhkk	14	34	3.39333
bhkk	14	34	3.39667
bhkk	14	34	3.39333
