bj	14	82	53.2
bj	14	82	27.7
bj	14	82	45.6
bj	14	82	58.9
bj	14	82	115
bj	14	82	47.7
bj	14	82	42.1
bj	14	82	40
bj	14	82	75.4
bj	14	82	77.1
bj	14	82	43.1
bj	14	82	53.5
bj	14	82	25.9
bj	14	82	144
bj	14	82	23.2
bj	14	82	45.7
bj	14	82	50
bj	14	82	53.8
bj	14	82	48.5
bj	14	82	44.6
bj	14	82	35.4
bj	14	82	28.5
bj	14	82	48.6
bj	14	82	39.2
bj	14	82	37.9
bj	14	82	41.6
bj	14	82	82.3
bj	14	82	177
bj	14	82	48.5
bj	14	82	43.2
bj	14	82	35.4
bj	14	82	41.9
bj	14	82	42
bj	14	82	74.2
bj	14	82	41.7
bj	14	82	24
bj	14	82	45.4
bj	14	82	97
bj	14	82	54.4
bj	14	82	43.3
bj	14	82	36.3
bj	14	82	44.1
bj	14	82	130
bj	14	82	46.2
bj	14	82	46.3
bj	14	82	133
bj	14	82	38.6
bj	14	82	36.6
bj	14	82	48.4
bj	14	82	46.7
bj	14	82	54.8
bj	14	82	38.1
bj	14	82	45.6
bj	14	82	39.8
bj	14	82	41.2
bj	14	82	47.2
bj	14	82	51.9
bj	14	82	46.4
bj	14	82	110
bj	14	82	50.8
bj	14	82	37
bj	14	82	43.1
bj	14	82	41.3
bj	14	82	138
bj	14	82	48.9
bj	14	82	52.1
bj	14	82	44.6
bj	14	82	45.3
bj	14	82	45.7
bj	14	82	38.2
bj	14	82	40.3
bj	14	82	49.4
bj	14	82	36.8
bj	14	82	40.3
bj	14	82	47
bj	14	82	39.6
bj	14	82	40.1
bj	14	82	111
bj	14	82	48
bj	14	82	47.2
bj	14	82	47.9
bj	14	82	51.6
bj	14	82	45.2
bj	14	82	20.5
bj	14	82	46.9
bj	14	82	50.3
bj	14	82	43.9
bj	14	82	19.2
bj	14	82	46.4
bj	14	82	43.5
bj	14	82	44.8
bj	14	82	41.1
bj	14	82	57.4
bj	14	82	36.2
bj	14	82	106
bj	14	82	40.7
bj	14	82	42.2
bj	14	82	24
bj	14	82	35.9
bj	14	82	69.5
