bj	14	60	2.46
bj	14	60	2.46
bj	14	60	12.4
bj	14	60	9.28
bj	14	60	3.21
bj	14	60	2.04
bj	14	60	11
bj	14	60	5.77
bj	14	60	9.34
bj	14	60	2.9
bj	14	60	8.48
bj	14	60	29.6
bj	14	60	5.26
bj	14	60	1.73
bj	14	60	1.66
bj	14	60	7.66
bj	14	60	10.2
bj	14	60	7.09
bj	14	60	13.6
bj	14	60	6.26
bj	14	60	9
bj	14	60	2.98
bj	14	60	3.62
bj	14	60	6.95
bj	14	60	14
bj	14	60	15.6
bj	14	60	3.45
bj	14	60	5.17
bj	14	60	12.1
bj	14	60	10.6
bj	14	60	6.89
bj	14	60	14.8
bj	14	60	10
bj	14	60	7.11
bj	14	60	6.85
bj	14	60	8.21
bj	14	60	6.85
bj	14	60	11.9
bj	14	60	3.48
bj	14	60	11
bj	14	60	4.13
bj	14	60	3.81
bj	14	60	1.67
bj	14	60	20.5
bj	14	60	7.9
bj	14	60	5.17
bj	14	60	2.59
bj	14	60	6.53
bj	14	60	3.76
bj	14	60	21.8
bj	14	60	17.4
bj	14	60	5.44
bj	14	60	4.51
bj	14	60	3.65
bj	14	60	26.5
bj	14	60	12.6
bj	14	60	18.4
bj	14	60	10.2
bj	14	60	8.07
bj	14	60	6.15
bj	14	60	4.17
bj	14	60	5.13
bj	14	60	6.56
bj	14	60	5.47
bj	14	60	14.6
bj	14	60	11.6
bj	14	60	8.95
bj	14	60	11.8
bj	14	60	9.71
bj	14	60	9.29
bj	14	60	5.71
bj	14	60	11.1
bj	14	60	4.43
bj	14	60	2.24
bj	14	60	12.5
bj	14	60	45.8
bj	14	60	12
bj	14	60	10.9
bj	14	60	4.85
bj	14	60	1.41
bj	14	60	3.57
bj	14	60	2.35
bj	14	60	2.03
bj	14	60	6.4
bj	14	60	37
bj	14	60	4.23
bj	14	60	14.1
bj	14	60	12.5
bj	14	60	8.26
bj	14	60	7.26
bj	14	60	5.58
bj	14	60	2.2
bj	14	60	4.45
bj	14	60	5.34
bj	14	60	10.8
bj	14	60	5.7
bj	14	60	2.92
bj	14	60	3.81
bj	14	60	2.2
bj	14	60	4.57
