bhkk	14	68	18.55
bhkk	14	68	18.55
bhkk	14	68	18.5533
bhkk	14	68	18.5533
bhkk	14	68	18.55
bhkk	14	68	18.5567
bhkk	14	68	18.5533
bhkk	14	68	18.55
bhkk	14	68	18.5467
bhkk	14	68	18.5567
bhkk	14	68	18.55
bhkk	14	68	18.5567
bhkk	14	68	18.5467
bhkk	14	68	18.55
bhkk	14	68	18.55
bhkk	14	68	18.5533
bhkk	14	68	18.5467
bhkk	14	68	18.55
bhkk	14	68	18.55
bhkk	14	68	18.5433
bhkk	14	68	18.5467
bhkk	14	68	18.55
bhkk	14	68	18.55
bhkk	14	68	18.5467
bhkk	14	68	18.5567
bhkk	14	68	18.5433
bhkk	14	68	18.5467
bhkk	14	68	18.5433
bhkk	14	68	18.5433
bhkk	14	68	18.5433
bhkk	14	68	18.5567
bhkk	14	68	18.55
bhkk	14	68	18.5633
bhkk	14	68	18.5467
bhkk	14	68	18.5467
bhkk	14	68	18.5467
bhkk	14	68	18.5533
bhkk	14	68	18.55
bhkk	14	68	18.5467
bhkk	14	68	18.5533
bhkk	14	68	18.5467
bhkk	14	68	18.5667
bhkk	14	68	18.5467
bhkk	14	68	18.56
bhkk	14	68	18.5433
bhkk	14	68	18.55
bhkk	14	68	18.5433
bhkk	14	68	18.5467
bhkk	14	68	18.55
bhkk	14	68	18.5567
bhkk	14	68	18.55
bhkk	14	68	18.5433
bhkk	14	68	18.5567
bhkk	14	68	18.55
bhkk	14	68	18.5567
bhkk	14	68	18.55
bhkk	14	68	18.56
bhkk	14	68	18.5467
bhkk	14	68	18.5433
bhkk	14	68	18.55
bhkk	14	68	18.55
bhkk	14	68	18.5467
bhkk	14	68	18.5567
bhkk	14	68	18.55
bhkk	14	68	18.5433
bhkk	14	68	18.5467
bhkk	14	68	18.5467
bhkk	14	68	18.5533
bhkk	14	68	18.55
bhkk	14	68	18.55
bhkk	14	68	18.55
bhkk	14	68	18.5567
bhkk	14	68	18.55
bhkk	14	68	18.5433
bhkk	14	68	18.5467
bhkk	14	68	18.5467
bhkk	14	68	18.5467
bhkk	14	68	18.5533
bhkk	14	68	18.55
bhkk	14	68	18.5533
bhkk	14	68	18.5533
bhkk	14	68	18.5467
bhkk	14	68	18.55
bhkk	14	68	18.5667
bhkk	14	68	18.55
bhkk	14	68	18.55
bhkk	14	68	18.55
bhkk	14	68	18.54
bhkk	14	68	18.5533
bhkk	14	68	18.5433
bhkk	14	68	18.5467
bhkk	14	68	18.5533
bhkk	14	68	18.55
bhkk	14	68	18.5567
bhkk	14	68	18.5433
bhkk	14	68	18.5533
bhkk	14	68	18.5467
bhkk	14	68	18.5633
bhkk	14	68	18.5533
bhkk	14	68	18.55
