bj	14	48	0.957
bj	14	48	1.74
bj	14	48	1.38
bj	14	48	1.31
bj	14	48	0.417
bj	14	48	1.82
bj	14	48	1.4
bj	14	48	0.907
bj	14	48	0.457
bj	14	48	1.17
bj	14	48	1.01
bj	14	48	1.94
bj	14	48	0.5
bj	14	48	0.387
bj	14	48	0.917
bj	14	48	2.79
bj	14	48	0.863
bj	14	48	1.22
bj	14	48	0.713
bj	14	48	2.17
bj	14	48	0.187
bj	14	48	0.99
bj	14	48	1.49
bj	14	48	0.667
bj	14	48	1.81
bj	14	48	2.55
bj	14	48	0.42
bj	14	48	3.39
bj	14	48	0.58
bj	14	48	1.2
bj	14	48	0.383
bj	14	48	0.203
bj	14	48	2.09
bj	14	48	1.63
bj	14	48	0.693
bj	14	48	0.553
bj	14	48	2.25
bj	14	48	0.223
bj	14	48	1.08
bj	14	48	0.78
bj	14	48	1.26
bj	14	48	1.78
bj	14	48	0.36
bj	14	48	0.6
bj	14	48	1.64
bj	14	48	1.29
bj	14	48	1.16
bj	14	48	0.967
bj	14	48	1.93
bj	14	48	1.17
bj	14	48	1.18
bj	14	48	0.877
bj	14	48	0.827
bj	14	48	0.787
bj	14	48	0.933
bj	14	48	0.697
bj	14	48	0.893
bj	14	48	1.05
bj	14	48	0.35
bj	14	48	1.5
bj	14	48	0.32
bj	14	48	0.697
bj	14	48	2.2
bj	14	48	1.54
bj	14	48	0.587
bj	14	48	2.74
bj	14	48	0.867
bj	14	48	2.9
bj	14	48	0.47
bj	14	48	0.62
bj	14	48	2.48
bj	14	48	0.387
bj	14	48	1.03
bj	14	48	2.08
bj	14	48	2.03
bj	14	48	0.543
bj	14	48	0.733
bj	14	48	0.767
bj	14	48	0.773
bj	14	48	0.853
bj	14	48	0.403
bj	14	48	1.71
bj	14	48	1.17
bj	14	48	3.5
bj	14	48	0.66
bj	14	48	1.27
bj	14	48	1.77
bj	14	48	0.863
bj	14	48	0.787
bj	14	48	2.16
bj	14	48	1.43
bj	14	48	2.39
bj	14	48	1.1
bj	14	48	0.82
bj	14	48	1.51
bj	14	48	1.58
bj	14	48	0.347
bj	14	48	0.58
bj	14	48	0.85
bj	14	48	0.5
