bhkk	14	44	4.91667
bhkk	14	44	4.91667
bhkk	14	44	4.91667
bhkk	14	44	4.91667
bhkk	14	44	4.91667
bhkk	14	44	4.91667
bhkk	14	44	4.91667
bhkk	14	44	4.91667
bhkk	14	44	4.91333
bhkk	14	44	4.91667
bhkk	14	44	4.91667
bhkk	14	44	4.91667
bhkk	14	44	4.91667
bhkk	14	44	4.91667
bhkk	14	44	4.91667
bhkk	14	44	4.91333
bhkk	14	44	4.91667
bhkk	14	44	4.91667
bhkk	14	44	4.91667
bhkk	14	44	4.91333
bhkk	14	44	4.91667
bhkk	14	44	4.91667
bhkk	14	44	4.91333
bhkk	14	44	4.93333
bhkk	14	44	4.91667
bhkk	14	44	4.91333
bhkk	14	44	4.91667
bhkk	14	44	4.92
bhkk	14	44	4.92
bhkk	14	44	4.91667
bhkk	14	44	4.93
bhkk	14	44	4.91667
bhkk	14	44	4.91667
bhkk	14	44	4.91667
bhkk	14	44	4.91333
bhkk	14	44	4.92
bhkk	14	44	4.91667
bhkk	14	44	4.91667
bhkk	14	44	4.92
bhkk	14	44	5.03667
bhkk	14	44	4.91667
bhkk	14	44	4.91667
bhkk	14	44	4.92
bhkk	14	44	4.91667
bhkk	14	44	4.91667
bhkk	14	44	4.91667
bhkk	14	44	4.92
bhkk	14	44	4.91667
bhkk	14	44	4.91667
bhkk	14	44	4.91333
bhkk	14	44	4.91667
bhkk	14	44	4.91
bhkk	14	44	4.91667
bhkk	14	44	4.91333
bhkk	14	44	4.91333
bhkk	14	44	4.91667
bhkk	14	44	4.91667
bhkk	14	44	4.91
bhkk	14	44	4.93667
bhkk	14	44	4.91667
bhkk	14	44	4.92
bhkk	14	44	4.92
bhkk	14	44	4.91667
bhkk	14	44	4.91667
bhkk	14	44	4.91667
bhkk	14	44	4.91667
bhkk	14	44	4.91667
bhkk	14	44	4.91667
bhkk	14	44	4.92
bhkk	14	44	4.91
bhkk	14	44	4.91333
bhkk	14	44	4.93667
bhkk	14	44	4.91333
bhkk	14	44	4.91667
bhkk	14	44	4.91667
bhkk	14	44	4.91
bhkk	14	44	4.92
bhkk	14	44	4.92
bhkk	14	44	4.91
bhkk	14	44	4.91333
bhkk	14	44	4.91667
bhkk	14	44	4.91667
bhkk	14	44	4.91333
bhkk	14	44	4.92
bhkk	14	44	4.92
bhkk	14	44	4.91667
bhkk	14	44	4.91667
bhkk	14	44	4.91667
bhkk	14	44	4.91667
bhkk	14	44	4.92333
bhkk	14	44	4.91667
bhkk	14	44	4.91667
bhkk	14	44	4.92333
bhkk	14	44	4.91333
bhkk	14	44	4.91667
bhkk	14	44	4.91333
bhkk	14	44	4.91667
bhkk	14	44	4.91667
bhkk	14	44	4.91667
bhkk	14	44	4.91667
