bhkk	14	90	25.7933
bhkk	14	90	25.8
bhkk	14	90	25.7967
bhkk	14	90	25.79
bhkk	14	90	25.8
bhkk	14	90	25.7967
bhkk	14	90	25.81
bhkk	14	90	25.8
bhkk	14	90	25.7933
bhkk	14	90	25.8
bhkk	14	90	25.7967
bhkk	14	90	25.8067
bhkk	14	90	25.8
bhkk	14	90	25.8033
bhkk	14	90	25.7967
bhkk	14	90	25.8
bhkk	14	90	25.7967
bhkk	14	90	25.7933
bhkk	14	90	25.7933
bhkk	14	90	25.8067
bhkk	14	90	25.7967
bhkk	14	90	25.7967
bhkk	14	90	25.7967
bhkk	14	90	25.8
bhkk	14	90	25.7967
bhkk	14	90	25.7933
bhkk	14	90	25.7933
bhkk	14	90	25.7933
bhkk	14	90	25.7967
bhkk	14	90	25.79
bhkk	14	90	25.8033
bhkk	14	90	25.81
bhkk	14	90	25.8033
bhkk	14	90	25.8
bhkk	14	90	25.7967
bhkk	14	90	25.7967
bhkk	14	90	25.7967
bhkk	14	90	25.7967
bhkk	14	90	25.79
bhkk	14	90	25.7967
bhkk	14	90	25.7967
bhkk	14	90	25.7967
bhkk	14	90	25.8
bhkk	14	90	25.7867
bhkk	14	90	25.7967
bhkk	14	90	25.7967
bhkk	14	90	25.8067
bhkk	14	90	25.7967
bhkk	14	90	25.7967
bhkk	14	90	25.7967
bhkk	14	90	25.7967
bhkk	14	90	25.7967
bhkk	14	90	25.8
bhkk	14	90	25.7967
bhkk	14	90	25.7967
bhkk	14	90	25.7933
bhkk	14	90	25.7967
bhkk	14	90	25.7933
bhkk	14	90	25.7933
bhkk	14	90	25.7933
bhkk	14	90	25.8133
bhkk	14	90	25.7933
bhkk	14	90	25.8
bhkk	14	90	25.7933
bhkk	14	90	25.7933
bhkk	14	90	25.7967
bhkk	14	90	25.79
bhkk	14	90	25.7967
bhkk	14	90	25.7967
bhkk	14	90	25.7967
bhkk	14	90	25.8
bhkk	14	90	25.8033
bhkk	14	90	25.8
bhkk	14	90	25.7933
bhkk	14	90	25.7967
bhkk	14	90	25.79
bhkk	14	90	25.8
bhkk	14	90	25.7967
bhkk	14	90	25.7967
bhkk	14	90	25.7967
bhkk	14	90	25.7967
bhkk	14	90	25.8033
bhkk	14	90	25.7933
bhkk	14	90	25.7933
bhkk	14	90	25.7967
bhkk	14	90	25.8033
bhkk	14	90	25.8
bhkk	14	90	25.81
bhkk	14	90	25.7933
bhkk	14	90	25.7933
bhkk	14	90	25.7967
bhkk	14	90	25.7933
bhkk	14	90	25.7933
bhkk	14	90	25.7933
bhkk	14	90	25.8
bhkk	14	90	25.7933
bhkk	14	90	25.7967
bhkk	14	90	25.7933
bhkk	14	90	25.7933
bhkk	14	90	25.8
