bhkk	14	46	5.66
bhkk	14	46	5.65667
bhkk	14	46	5.65667
bhkk	14	46	5.66
bhkk	14	46	5.66
bhkk	14	46	5.65667
bhkk	14	46	5.65333
bhkk	14	46	5.66
bhkk	14	46	5.66
bhkk	14	46	5.65333
bhkk	14	46	5.66
bhkk	14	46	5.66
bhkk	14	46	5.65667
bhkk	14	46	5.65333
bhkk	14	46	5.66
bhkk	14	46	5.66
bhkk	14	46	5.65667
bhkk	14	46	5.66
bhkk	14	46	5.65667
bhkk	14	46	5.65333
bhkk	14	46	5.65667
bhkk	14	46	5.65667
bhkk	14	46	5.66
bhkk	14	46	5.65667
bhkk	14	46	5.65333
bhkk	14	46	5.66
bhkk	14	46	5.65333
bhkk	14	46	5.65333
bhkk	14	46	5.65667
bhkk	14	46	5.65333
bhkk	14	46	5.65667
bhkk	14	46	5.65333
bhkk	14	46	5.65667
bhkk	14	46	5.65333
bhkk	14	46	5.66
bhkk	14	46	5.66
bhkk	14	46	5.65667
bhkk	14	46	5.65667
bhkk	14	46	5.65667
bhkk	14	46	5.65667
bhkk	14	46	5.65333
bhkk	14	46	5.65667
bhkk	14	46	5.65667
bhkk	14	46	5.66333
bhkk	14	46	5.66
bhkk	14	46	5.66
bhkk	14	46	5.66
bhkk	14	46	5.65667
bhkk	14	46	5.65667
bhkk	14	46	5.66
bhkk	14	46	5.66
bhkk	14	46	5.65667
bhkk	14	46	5.66
bhkk	14	46	5.66
bhkk	14	46	5.65333
bhkk	14	46	5.66
bhkk	14	46	5.66
bhkk	14	46	11.3133
bhkk	14	46	5.65667
bhkk	14	46	5.65333
bhkk	14	46	5.65333
bhkk	14	46	5.65333
bhkk	14	46	5.65
bhkk	14	46	5.65667
bhkk	14	46	5.65667
bhkk	14	46	5.65667
bhkk	14	46	5.66
bhkk	14	46	5.65333
bhkk	14	46	5.64667
bhkk	14	46	5.65667
bhkk	14	46	5.65667
bhkk	14	46	5.65667
bhkk	14	46	5.65667
bhkk	14	46	5.65667
bhkk	14	46	5.66
bhkk	14	46	5.66
bhkk	14	46	5.65333
bhkk	14	46	5.65667
bhkk	14	46	5.65333
bhkk	14	46	5.66
bhkk	14	46	5.65667
bhkk	14	46	5.65667
bhkk	14	46	5.65667
bhkk	14	46	5.66333
bhkk	14	46	5.65667
bhkk	14	46	5.66
bhkk	14	46	5.65667
bhkk	14	46	5.65667
bhkk	14	46	5.65667
bhkk	14	46	5.66
bhkk	14	46	5.65667
bhkk	14	46	5.65667
bhkk	14	46	5.65667
bhkk	14	46	5.66
bhkk	14	46	5.65333
bhkk	14	46	5.66
bhkk	14	46	5.65333
bhkk	14	46	11.3133
bhkk	14	46	5.65667
bhkk	14	46	5.65667
