bj	13	26	0.00333
bj	14	26	0.00333
bj	14	26	0.0133
bj	14	26	0.00667
bj	14	26	0.00667
bj	14	26	0.00333
bj	14	26	0.01
bj	14	26	0.0133
bj	14	26	0.0133
bj	14	26	0.01
bj	14	26	0.00333
bj	14	26	0.00333
bj	14	26	0.01
bj	14	26	0.00667
bj	14	26	0.00667
bj	14	26	0.00667
bj	14	26	0.00667
bj	14	26	0.01
bj	14	26	0.00667
bj	14	26	0.00333
bj	14	26	0.00333
bj	14	26	0.00333
bj	14	26	0.00667
bj	14	26	0.00667
bj	12	26	0.01
bj	14	26	0.01
bj	14	26	0.00333
bj	14	26	0.01
bj	14	26	0.00667
bj	14	26	0.0133
bj	14	26	0.00333
bj	14	26	0.00667
bj	14	26	0.00667
bj	14	26	0.00333
bj	14	26	0.00667
bj	14	26	0.0133
bj	14	26	0.00333
bj	14	26	0.01
bj	14	26	0.00333
bj	14	26	0.00333
bj	14	26	0.00333
bj	13	26	0.01
bj	14	26	0.00333
bj	14	26	0.00667
bj	14	26	0.00333
bj	14	26	0.00667
bj	14	26	0.00667
bj	14	26	0.00667
bj	14	26	0.00667
bj	14	26	0.00667
bj	14	26	0.00333
bj	14	26	0.00333
bj	14	26	0.00667
bj	14	26	0.01
bj	14	26	0.00333
bj	14	26	0.00667
bj	14	26	0.01
bj	14	26	0.0133
bj	14	26	0.00667
bj	13	26	0.00667
bj	14	26	0.00667
bj	14	26	0.00667
bj	14	26	0.00667
bj	14	26	0.0133
bj	14	26	0.0133
bj	13	26	0.00667
bj	13	26	0.00667
bj	14	26	0.00667
bj	13	26	0.01
bj	14	26	0.00667
bj	14	26	0.00333
bj	13	26	0.01
bj	14	26	0.00667
bj	14	26	0.00333
bj	14	26	0.00667
bj	14	26	0.00667
bj	14	26	0.00333
bj	14	26	0.00667
bj	14	26	0.00667
bj	14	26	0.00667
bj	14	26	0.00667
bj	14	26	0.00333
bj	14	26	0.00667
bj	14	26	0.00333
bj	14	26	0.00667
bj	14	26	0.00667
bj	14	26	0.00667
bj	14	26	0.00667
bj	12	26	0.00333
bj	13	26	0.00667
bj	14	26	0.00667
bj	14	26	0.00667
bj	14	26	0.01
bj	14	26	0.00333
bj	14	26	0.01
bj	14	26	0.00667
bj	14	26	0.00667
bj	14	26	0.00667
bj	14	26	0.01
bj	14	26	0.00333
