bhkk	14	56	15.6467
bhkk	14	56	15.6267
bhkk	14	56	15.6267
bhkk	14	56	15.63
bhkk	14	56	15.6333
bhkk	14	56	15.6367
bhkk	14	56	15.63
bhkk	14	56	15.6233
bhkk	14	56	15.6267
bhkk	14	56	15.63
bhkk	14	56	15.6267
bhkk	14	56	15.6233
bhkk	14	56	15.63
bhkk	14	56	15.63
bhkk	14	56	15.62
bhkk	14	56	15.62
bhkk	14	56	15.6267
bhkk	14	56	15.6233
bhkk	14	56	15.6267
bhkk	14	56	15.6233
bhkk	14	56	15.6267
bhkk	14	56	15.61
bhkk	14	56	15.63
bhkk	14	56	15.6267
bhkk	14	56	15.6233
bhkk	14	56	15.6267
bhkk	14	56	15.6067
bhkk	14	56	15.6333
bhkk	14	56	15.6267
bhkk	14	56	15.6267
bhkk	14	56	15.63
bhkk	14	56	15.6333
bhkk	14	56	15.6233
bhkk	14	56	15.63
bhkk	14	56	15.6333
bhkk	14	56	15.63
bhkk	14	56	15.6233
bhkk	14	56	15.62
bhkk	14	56	15.6233
bhkk	14	56	15.63
bhkk	14	56	15.63
bhkk	14	56	15.6267
bhkk	14	56	15.6233
bhkk	14	56	15.6267
bhkk	14	56	15.6267
bhkk	14	56	15.6267
bhkk	14	56	15.6133
bhkk	14	56	15.6267
bhkk	14	56	15.62
bhkk	14	56	15.6267
bhkk	14	56	15.62
bhkk	14	56	15.6267
bhkk	14	56	15.61
bhkk	14	56	15.6333
bhkk	14	56	15.6267
bhkk	14	56	15.6267
bhkk	14	56	15.63
bhkk	14	56	15.6233
bhkk	14	56	15.63
bhkk	14	56	15.6267
bhkk	14	56	15.6233
bhkk	14	56	15.6233
bhkk	14	56	15.6233
bhkk	14	56	15.6233
bhkk	14	56	15.6233
bhkk	14	56	15.6233
bhkk	14	56	15.6333
bhkk	14	56	15.6267
bhkk	14	56	15.6233
bhkk	14	56	15.6267
bhkk	14	56	15.6267
bhkk	14	56	15.63
bhkk	14	56	15.6233
bhkk	14	56	15.6267
bhkk	14	56	15.63
bhkk	14	56	15.6233
bhkk	14	56	15.63
bhkk	14	56	15.62
bhkk	14	56	15.6267
bhkk	14	56	15.62
bhkk	14	56	15.63
bhkk	14	56	15.6267
bhkk	14	56	15.6233
bhkk	14	56	15.6267
bhkk	14	56	15.6267
bhkk	14	56	15.6267
bhkk	14	56	15.6233
bhkk	14	56	15.6333
bhkk	14	56	15.61
bhkk	14	56	15.63
bhkk	14	56	15.6267
bhkk	14	56	15.6267
bhkk	14	56	15.6233
bhkk	14	56	15.63
bhkk	14	56	15.6233
bhkk	14	56	15.6267
bhkk	14	56	15.63
bhkk	14	56	15.6233
bhkk	14	56	15.6267
bhkk	14	56	15.6267
