bj	14	74	17.1
bj	14	74	28.8
bj	14	74	30.9
bj	14	74	12.8
bj	14	74	59.4
bj	14	74	118
bj	14	74	29.4
bj	14	74	26.4
bj	14	74	45.8
bj	14	74	32.5
bj	14	74	24.9
bj	14	74	26.3
bj	14	74	26
bj	14	74	22.3
bj	14	74	60.7
bj	14	74	26.7
bj	14	74	45.9
bj	14	74	29.1
bj	14	74	20.7
bj	14	74	34.5
bj	14	74	29.5
bj	14	74	21.2
bj	14	74	34.4
bj	14	74	10.7
bj	14	74	32.2
bj	14	74	36.9
bj	14	74	29.2
bj	14	74	33.4
bj	14	74	timeout
bj	14	74	29.9
bj	14	74	14.5
bj	14	74	9.67
bj	14	74	8.39
bj	14	74	29.7
bj	14	74	31.9
bj	14	74	143
bj	14	74	25.7
bj	14	74	46.1
bj	14	74	96.6
bj	14	74	16
bj	14	74	25.3
bj	14	74	23.8
bj	14	74	37
bj	14	74	21.5
bj	14	74	26.3
bj	14	74	28.5
bj	14	74	56.5
bj	14	74	59.3
bj	14	74	66.2
bj	14	74	34.5
bj	14	74	74.2
bj	14	74	26.5
bj	14	74	43.6
bj	14	74	95.1
bj	14	74	12.6
bj	14	74	26.2
bj	14	74	80.2
bj	14	74	33.2
bj	14	74	19.9
bj	14	74	68.1
bj	14	74	47.1
bj	14	74	26.7
bj	14	74	29.5
bj	14	74	167
bj	14	74	33.9
bj	14	74	18
bj	14	74	23.4
bj	14	74	15.5
bj	14	74	10.2
bj	14	74	14
bj	14	74	53.7
bj	14	74	45.2
bj	14	74	25.7
bj	14	74	33.9
bj	14	74	29.6
bj	14	74	25.5
bj	14	74	16.9
bj	14	74	50.5
bj	14	74	14.5
bj	14	74	58.8
bj	14	74	37.3
bj	14	74	27.2
bj	14	74	22.2
bj	14	74	32.4
bj	14	74	29.3
bj	14	74	82.9
bj	14	74	58.5
bj	14	74	34.7
bj	14	74	22.7
bj	14	74	31.7
bj	14	74	59.7
bj	14	74	31.7
bj	14	74	8.12
bj	14	74	22.4
bj	14	74	21.7
bj	14	74	15.8
bj	14	74	35.3
bj	14	74	121
bj	14	74	32.7
bj	14	74	22.6
