bj	14	52	2
bj	14	52	5.65
bj	14	52	2.68
bj	14	52	1.5
bj	14	52	1.79
bj	14	52	3.92
bj	14	52	2.86
bj	14	52	2.21
bj	14	52	3.75
bj	14	52	2.04
bj	14	52	1.12
bj	14	52	1.42
bj	14	52	2.68
bj	14	52	7.27
bj	14	52	1.96
bj	14	52	0.827
bj	14	52	2.53
bj	14	52	0.837
bj	14	52	0.723
bj	14	52	2.84
bj	14	52	7.24
bj	14	52	1.33
bj	14	52	0.677
bj	14	52	2.35
bj	14	52	1.88
bj	14	52	4.24
bj	14	52	3.7
bj	14	52	2.22
bj	14	52	0.95
bj	14	52	3.79
bj	14	52	1.49
bj	14	52	1.15
bj	14	52	1.56
bj	14	52	0.647
bj	14	52	2.8
bj	14	52	1.79
bj	14	52	3.17
bj	14	52	0.737
bj	14	52	2.53
bj	14	52	0.687
bj	14	52	1.59
bj	14	52	0.777
bj	14	52	1.92
bj	14	52	5.24
bj	14	52	2.55
bj	14	52	1.31
bj	14	52	2.08
bj	14	52	1.2
bj	14	52	1.24
bj	14	52	4.36
bj	14	52	1.43
bj	14	52	1.87
bj	14	52	3.1
bj	14	52	1.79
bj	14	52	1.19
bj	14	52	4.13
bj	14	52	3.84
bj	14	52	2.27
bj	14	52	1.5
bj	14	52	0.993
bj	14	52	1.6
bj	14	52	2.72
bj	14	52	3.52
bj	14	52	1.23
bj	14	52	2.38
bj	14	52	5.98
bj	14	52	3.16
bj	14	52	1.93
bj	14	52	1.11
bj	14	52	5.56
bj	14	52	2.62
bj	14	52	1.88
bj	14	52	2.39
bj	14	52	1.22
bj	14	52	1.49
bj	14	52	1.96
bj	14	52	2.5
bj	14	52	1.68
bj	14	52	2.46
bj	14	52	2.22
bj	14	52	1.48
bj	14	52	2.15
bj	14	52	0.453
bj	14	52	0.68
bj	14	52	2.01
bj	14	52	1.81
bj	14	52	3.79
bj	14	52	2.26
bj	14	52	1.74
bj	14	52	4.13
bj	14	52	3.74
bj	14	52	1.53
bj	14	52	4.51
bj	14	52	1.21
bj	14	52	3.85
bj	14	52	2.23
bj	14	52	1.34
bj	14	52	0.943
bj	14	52	0.85
bj	14	52	0.777
