bj	14	78	42.5
bj	14	78	41.7
bj	14	78	35.8
bj	14	78	47.2
bj	14	78	36.5
bj	14	78	112
bj	14	78	50.2
bj	14	78	128
bj	14	78	33.3
bj	14	78	23.4
bj	14	78	40.6
bj	14	78	23.3
bj	14	78	43.5
bj	14	78	37.2
bj	14	78	29.8
bj	14	78	38.5
bj	14	78	40.3
bj	14	78	52.7
bj	14	78	39
bj	14	78	21.4
bj	14	78	116
bj	14	78	38
bj	14	78	27.1
bj	14	78	52.1
bj	14	78	35.5
bj	14	78	127
bj	14	78	38.8
bj	14	78	19
bj	14	78	18.7
bj	14	78	43.6
bj	14	78	39.2
bj	14	78	23
bj	14	78	32
bj	14	78	31.5
bj	14	78	44.7
bj	14	78	43.4
bj	14	78	22.6
bj	14	78	44.1
bj	14	78	18.9
bj	14	78	43.7
bj	14	78	34
bj	14	78	62.4
bj	14	78	34.7
bj	14	78	71.6
bj	14	78	16.6
bj	14	78	40.1
bj	14	78	39.4
bj	14	78	60.5
bj	14	78	44.6
bj	14	78	36.7
bj	14	78	45.7
bj	14	78	26.2
bj	14	78	32.3
bj	14	78	121
bj	14	78	40
bj	14	78	118
bj	14	78	38
bj	14	78	62.1
bj	14	78	27.4
bj	14	78	25.8
bj	14	78	42.4
bj	14	78	48.2
bj	14	78	70.1
bj	14	78	23.3
bj	14	78	34.4
bj	14	78	37
bj	14	78	50.7
bj	14	78	34.2
bj	14	78	23.1
bj	14	78	19
bj	14	78	95.3
bj	14	78	26.3
bj	14	78	65.3
bj	14	78	82
bj	14	78	45.6
bj	14	78	47.6
bj	14	78	30.9
bj	14	78	27.6
bj	14	78	26.4
bj	14	78	84.6
bj	14	78	20
bj	14	78	49.1
bj	14	78	19.9
bj	14	78	20.1
bj	14	78	23.7
bj	14	78	18.7
bj	14	78	26.5
bj	14	78	42.8
bj	14	78	35.2
bj	14	78	23.8
bj	14	78	23.3
bj	14	78	84.1
bj	14	78	67.8
bj	14	78	102
bj	14	78	60.4
bj	14	78	76.4
bj	14	78	61.2
bj	14	78	23.5
bj	14	78	21.9
bj	14	78	36.3
