bj	14	84	58.1
bj	14	84	46.5
bj	14	84	51.2
bj	14	84	52.5
bj	14	84	44.7
bj	14	84	52.9
bj	14	84	41.8
bj	14	84	50.8
bj	14	84	46.6
bj	14	84	57.7
bj	14	84	53
bj	14	84	41.4
bj	14	84	140
bj	14	84	47.9
bj	14	84	53.1
bj	14	84	47.5
bj	14	84	48.1
bj	14	84	timeout
bj	14	84	47.3
bj	14	84	55.2
bj	14	84	44.3
bj	14	84	40
bj	14	84	46.5
bj	14	84	76.1
bj	14	84	49.4
bj	14	84	44.6
bj	14	84	54.4
bj	14	84	47.6
bj	14	84	45.2
bj	14	84	53.4
bj	14	84	52.8
bj	14	84	43.5
bj	14	84	44.7
bj	14	84	54.6
bj	14	84	44.2
bj	14	84	29.9
bj	14	84	38.1
bj	14	84	42.2
bj	14	84	70.6
bj	14	84	42.3
bj	14	84	44.4
bj	14	84	44.2
bj	14	84	49.5
bj	14	84	53.4
bj	14	84	48.9
bj	14	84	54.2
bj	14	84	52.3
bj	14	84	54.7
bj	14	84	42.6
bj	14	84	40.2
bj	14	84	139
bj	14	84	45.8
bj	14	84	57.6
bj	14	84	58.9
bj	14	84	57.6
bj	14	84	48.3
bj	14	84	44.4
bj	14	84	42.5
bj	14	84	45.2
bj	14	84	39.8
bj	14	84	52.9
bj	14	84	50.3
bj	14	84	43.4
bj	14	84	53.6
bj	14	84	54.7
bj	14	84	timeout
bj	14	84	51.2
bj	14	84	58.5
bj	14	84	53.2
bj	14	84	53.9
bj	14	84	50.2
bj	14	84	42.7
bj	14	84	45.7
bj	14	84	57
bj	14	84	39.2
bj	14	84	69.2
bj	14	84	100
bj	14	84	44.3
bj	14	84	43.5
bj	14	84	42.5
bj	14	84	41.9
bj	14	84	57.7
bj	14	84	56.1
bj	14	84	48.5
bj	14	84	175
bj	14	84	58.6
bj	14	84	57.7
bj	14	84	45.4
bj	14	84	55.7
bj	14	84	48.3
bj	14	84	65
bj	14	84	48.7
bj	14	84	59.5
bj	14	84	47
bj	14	84	43.2
bj	14	84	175
bj	14	84	56.6
bj	14	84	44.1
bj	14	84	65
bj	14	84	43.1
