bhkk	14	82	21.37
bhkk	14	82	21.3733
bhkk	14	82	21.37
bhkk	14	82	21.4333
bhkk	14	82	21.37
bhkk	14	82	21.51
bhkk	14	82	21.4967
bhkk	14	82	21.37
bhkk	14	82	21.38
bhkk	14	82	21.3733
bhkk	14	82	21.37
bhkk	14	82	21.3733
bhkk	14	82	21.3667
bhkk	14	82	21.3733
bhkk	14	82	21.5
bhkk	14	82	21.3733
bhkk	14	82	21.38
bhkk	14	82	21.3733
bhkk	14	82	21.38
bhkk	14	82	21.8933
bhkk	14	82	21.48
bhkk	14	82	21.3667
bhkk	14	82	21.37
bhkk	14	82	21.3667
bhkk	14	82	21.3667
bhkk	14	82	21.3667
bhkk	14	82	21.37
bhkk	14	82	21.3733
bhkk	14	82	21.3733
bhkk	14	82	21.3733
bhkk	14	82	22.1633
bhkk	14	82	22.3
bhkk	14	82	21.3733
bhkk	14	82	21.3767
bhkk	14	82	21.37
bhkk	14	82	21.3767
bhkk	14	82	21.3733
bhkk	14	82	22.1633
bhkk	14	82	21.4033
bhkk	14	82	21.3733
bhkk	14	82	21.3733
bhkk	14	82	21.3733
bhkk	14	82	21.37
bhkk	14	82	21.3667
bhkk	14	82	21.4867
bhkk	14	82	21.3667
bhkk	14	82	21.3733
bhkk	14	82	21.3667
bhkk	14	82	21.3733
bhkk	14	82	21.37
bhkk	14	82	21.3767
bhkk	14	82	21.37
bhkk	14	82	21.37
bhkk	14	82	21.3733
bhkk	14	82	21.3667
bhkk	14	82	21.37
bhkk	14	82	21.3733
bhkk	14	82	21.3733
bhkk	14	82	21.3733
bhkk	14	82	21.3733
bhkk	14	82	21.3733
bhkk	14	82	21.38
bhkk	14	82	21.5767
bhkk	14	82	21.3667
bhkk	14	82	21.37
bhkk	14	82	21.3667
bhkk	14	82	21.37
bhkk	14	82	21.3667
bhkk	14	82	21.37
bhkk	14	82	21.37
bhkk	14	82	21.3833
bhkk	14	82	21.37
bhkk	14	82	21.3767
bhkk	14	82	21.37
bhkk	14	82	21.3667
bhkk	14	82	21.3733
bhkk	14	82	21.3733
bhkk	14	82	21.3733
bhkk	14	82	21.3733
bhkk	14	82	21.37
bhkk	14	82	21.37
bhkk	14	82	21.3767
bhkk	14	82	21.3667
bhkk	14	82	21.37
bhkk	14	82	21.37
bhkk	14	82	21.37
bhkk	14	82	21.3733
bhkk	14	82	21.4167
bhkk	14	82	21.37
bhkk	14	82	21.3767
bhkk	14	82	21.37
bhkk	14	82	21.37
bhkk	14	82	21.3733
bhkk	14	82	21.37
bhkk	14	82	21.47
bhkk	14	82	21.3767
bhkk	14	82	21.38
bhkk	14	82	21.3733
bhkk	14	82	21.3733
bhkk	14	82	21.37
