bj	14	56	1.75
bj	14	56	4.44
bj	14	56	6.18
bj	14	56	6.08
bj	14	56	3.35
bj	14	56	4.22
bj	14	56	13.3
bj	14	56	1.48
bj	14	56	1.65
bj	14	56	3.95
bj	14	56	4.09
bj	14	56	6.02
bj	14	56	3.51
bj	14	56	3.01
bj	14	56	9.04
bj	14	56	2.66
bj	14	56	1.78
bj	14	56	5.19
bj	14	56	7.76
bj	14	56	7.9
bj	14	56	2.12
bj	14	56	2.39
bj	14	56	2.66
bj	14	56	5.15
bj	14	56	1.85
bj	14	56	13.3
bj	14	56	0.913
bj	14	56	4.51
bj	14	56	6.58
bj	14	56	4.01
bj	14	56	2.86
bj	14	56	8.31
bj	14	56	2.07
bj	14	56	18.8
bj	14	56	9.65
bj	14	56	1.18
bj	14	56	1.58
bj	14	56	2.38
bj	14	56	6.45
bj	14	56	4.89
bj	14	56	2.76
bj	14	56	6.52
bj	14	56	14
bj	14	56	3.1
bj	14	56	2.91
bj	14	56	21.8
bj	14	56	4.13
bj	14	56	1.43
bj	14	56	14
bj	14	56	4.41
bj	14	56	2.55
bj	14	56	2.33
bj	14	56	1.26
bj	14	56	6.79
bj	14	56	2.37
bj	14	56	4.25
bj	14	56	5.88
bj	14	56	1.64
bj	14	56	3.52
bj	14	56	4.72
bj	14	56	5.61
bj	14	56	4.94
bj	14	56	3.9
bj	14	56	1.66
bj	14	56	3.73
bj	14	56	3.71
bj	14	56	4.97
bj	14	56	4.86
bj	14	56	4.98
bj	14	56	9.33
bj	14	56	5.34
bj	14	56	3.13
bj	14	56	8.89
bj	14	56	1.33
bj	14	56	4.08
bj	14	56	3.53
bj	14	56	3.32
bj	14	56	2.36
bj	14	56	3.54
bj	14	56	1.18
bj	14	56	1.53
bj	14	56	6.37
bj	14	56	6.29
bj	14	56	8.04
bj	14	56	8.89
bj	14	56	3.12
bj	14	56	3.23
bj	14	56	9.46
bj	14	56	1.34
bj	14	56	5.04
bj	14	56	2.1
bj	14	56	10.9
bj	14	56	3.91
bj	14	56	3.48
bj	14	56	12.7
bj	14	56	2.16
bj	14	56	2.92
bj	14	56	2.09
bj	14	56	3.99
bj	14	56	2.11
