bhkk	14	24	2.02333
bhkk	14	24	2.02333
bhkk	14	24	2.02333
bhkk	14	24	2.02667
bhkk	13	24	0.893333
bhkk	14	24	2.02667
bhkk	14	24	2.02333
bhkk	14	24	2.02333
bhkk	14	24	2.02
bhkk	14	24	2.02333
bhkk	14	24	2.02333
bhkk	14	24	2.02667
bhkk	13	24	0.896666
bhkk	14	24	2.02333
bhkk	14	24	2.02333
bhkk	14	24	2.02667
bhkk	14	24	2.02333
bhkk	14	24	2.02667
bhkk	14	24	2.02333
bhkk	14	24	2.02333
bhkk	14	24	2.02333
bhkk	14	24	2.02
bhkk	13	24	0.896666
bhkk	14	24	2.02333
bhkk	14	24	2.02333
bhkk	13	24	0.893333
bhkk	14	24	2.03
bhkk	14	24	2.02667
bhkk	14	24	2.02333
bhkk	13	24	0.896666
bhkk	14	24	2.02333
bhkk	14	24	2.02333
bhkk	14	24	2.02333
bhkk	14	24	2.02333
bhkk	14	24	2.02667
bhkk	13	24	0.893333
bhkk	13	24	0.896666
bhkk	14	24	2.02333
bhkk	14	24	2.02667
bhkk	14	24	2.02
bhkk	14	24	2.02333
bhkk	14	24	2.02333
bhkk	14	24	2.02333
bhkk	14	24	2.02333
bhkk	13	24	0.896666
bhkk	14	24	2.01667
bhkk	14	24	2.02667
bhkk	14	24	2.02667
bhkk	14	24	2.02333
bhkk	14	24	2.02667
bhkk	14	24	2.02667
bhkk	14	24	2.02333
bhkk	14	24	2.02333
bhkk	14	24	2.02
bhkk	14	24	2.02333
bhkk	14	24	2.02333
bhkk	14	24	2.02333
bhkk	14	24	2.02667
bhkk	14	24	2.02333
bhkk	13	24	0.896666
bhkk	14	24	2.02
bhkk	14	24	2.02333
bhkk	14	24	2.02333
bhkk	14	24	2.02333
bhkk	14	24	2.02333
bhkk	14	24	2.02333
bhkk	13	24	0.893333
bhkk	14	24	2.02333
bhkk	14	24	2.02667
bhkk	13	24	0.893333
bhkk	14	24	2.02333
bhkk	14	24	2.02333
bhkk	14	24	2.02333
bhkk	14	24	2.02333
bhkk	13	24	0.896666
bhkk	14	24	2.02
bhkk	14	24	2.02333
bhkk	14	24	2.02333
bhkk	14	24	2.02667
bhkk	14	24	2.02333
bhkk	14	24	2.02333
bhkk	14	24	2.02333
bhkk	14	24	2.02333
bhkk	13	24	0.896666
bhkk	13	24	0.896666
bhkk	14	24	2.02333
bhkk	14	24	2.02333
bhkk	14	24	2.02333
bhkk	13	24	0.896666
bhkk	14	24	2.02333
bhkk	14	24	2.02333
bhkk	14	24	2.02333
bhkk	14	24	2.02667
bhkk	14	24	2.02333
bhkk	14	24	2.02667
bhkk	14	24	2.02333
bhkk	13	24	0.893333
bhkk	14	24	2.02
bhkk	14	24	2.02333
bhkk	13	24	0.896666
