bhkk	14	60	15.9133
bhkk	14	60	15.91
bhkk	14	60	15.9167
bhkk	14	60	15.92
bhkk	14	60	15.9167
bhkk	14	60	15.9167
bhkk	14	60	15.9133
bhkk	14	60	15.9133
bhkk	14	60	15.9167
bhkk	14	60	15.9167
bhkk	14	60	15.9133
bhkk	14	60	15.9133
bhkk	14	60	15.9067
bhkk	14	60	15.9167
bhkk	14	60	15.9133
bhkk	14	60	15.9167
bhkk	14	60	15.9167
bhkk	14	60	15.9233
bhkk	14	60	15.9167
bhkk	14	60	15.9067
bhkk	14	60	15.9133
bhkk	14	60	15.9167
bhkk	14	60	15.91
bhkk	14	60	15.9167
bhkk	14	60	15.9133
bhkk	14	60	15.9167
bhkk	14	60	15.9367
bhkk	14	60	15.9167
bhkk	14	60	15.9167
bhkk	14	60	15.91
bhkk	14	60	15.9167
bhkk	14	60	15.91
bhkk	14	60	15.9267
bhkk	14	60	15.92
bhkk	14	60	15.9167
bhkk	14	60	15.9167
bhkk	14	60	15.92
bhkk	14	60	15.9133
bhkk	14	60	15.9167
bhkk	14	60	15.9167
bhkk	14	60	15.9133
bhkk	14	60	15.91
bhkk	14	60	15.9133
bhkk	14	60	15.9167
bhkk	14	60	15.9167
bhkk	14	60	15.9167
bhkk	14	60	15.9167
bhkk	14	60	15.91
bhkk	14	60	15.9133
bhkk	14	60	15.9167
bhkk	14	60	15.9133
bhkk	14	60	15.9167
bhkk	14	60	15.9267
bhkk	14	60	15.91
bhkk	14	60	15.9167
bhkk	14	60	15.9133
bhkk	14	60	15.9167
bhkk	14	60	15.9133
bhkk	14	60	15.9133
bhkk	14	60	15.9133
bhkk	14	60	15.9133
bhkk	14	60	15.92
bhkk	14	60	15.9167
bhkk	14	60	15.9167
bhkk	14	60	15.92
bhkk	14	60	15.9133
bhkk	14	60	15.92
bhkk	14	60	15.91
bhkk	14	60	15.9133
bhkk	14	60	15.9133
bhkk	14	60	15.9133
bhkk	14	60	15.92
bhkk	14	60	15.9133
bhkk	14	60	15.9133
bhkk	14	60	15.9167
bhkk	14	60	15.9167
bhkk	14	60	15.9133
bhkk	14	60	15.9067
bhkk	14	60	15.9167
bhkk	14	60	15.91
bhkk	14	60	15.9167
bhkk	14	60	15.91
bhkk	14	60	15.9133
bhkk	14	60	15.92
bhkk	14	60	15.92
bhkk	14	60	15.9133
bhkk	14	60	15.9167
bhkk	14	60	15.9133
bhkk	14	60	15.93
bhkk	14	60	15.91
bhkk	14	60	15.9133
bhkk	14	60	15.9167
bhkk	14	60	15.9033
bhkk	14	60	15.9167
bhkk	14	60	15.9133
bhkk	14	60	15.9167
bhkk	14	60	15.92
bhkk	14	60	15.91
bhkk	14	60	15.9167
bhkk	14	60	15.92
