bj	14	80	48.6
bj	14	80	37.4
bj	14	80	44
bj	14	80	38
bj	14	80	101
bj	14	80	46.8
bj	14	80	30.1
bj	14	80	37
bj	14	80	59
bj	14	80	51.6
bj	14	80	45.4
bj	14	80	63.9
bj	14	80	32.4
bj	14	80	44.4
bj	14	80	57.5
bj	14	80	67.5
bj	14	80	103
bj	14	80	42.2
bj	14	80	102
bj	14	80	72
bj	14	80	46.5
bj	14	80	48.3
bj	14	80	81.9
bj	14	80	90.5
bj	14	80	36.4
bj	14	80	49.6
bj	14	80	51.3
bj	14	80	165
bj	14	80	66.6
bj	14	80	20.2
bj	14	80	59.3
bj	14	80	38.5
bj	14	80	38.9
bj	14	80	19.4
bj	14	80	26.1
bj	14	80	66.6
bj	14	80	75.6
bj	14	80	27.1
bj	14	80	28.8
bj	14	80	49.7
bj	14	80	20.9
bj	14	80	31.2
bj	14	80	23.6
bj	14	80	86.6
bj	14	80	18.1
bj	14	80	23
bj	14	80	42.3
bj	14	80	50.1
bj	14	80	40.2
bj	14	80	47.3
bj	14	80	41.8
bj	14	80	70.4
bj	14	80	41
bj	14	80	39.7
bj	14	80	48
bj	14	80	24.4
bj	14	80	171
bj	14	80	39.8
bj	14	80	44.9
bj	14	80	43.5
bj	14	80	47.1
bj	14	80	42.9
bj	14	80	27.1
bj	14	80	timeout
bj	14	80	45.9
bj	14	80	37.4
bj	14	80	43.1
bj	14	80	41.7
bj	14	80	38.5
bj	14	80	23
bj	14	80	137
bj	14	80	40.3
bj	14	80	timeout
bj	14	80	43.2
bj	14	80	37.1
bj	14	80	timeout
bj	14	80	52.7
bj	14	80	29.1
bj	14	80	70.4
bj	14	80	41.2
bj	14	80	35.8
bj	14	80	28.7
bj	14	80	47.2
bj	14	80	68
bj	14	80	timeout
bj	14	80	140
bj	14	80	42.2
bj	14	80	39.2
bj	14	80	40.6
bj	14	80	42.5
bj	14	80	141
bj	14	80	97.3
bj	14	80	46.4
bj	14	80	36.5
bj	14	80	36.3
bj	14	80	38
bj	14	80	31.3
bj	14	80	43.2
bj	14	80	34.5
bj	14	80	42.4
