bhkk	14	30	2.78333
bhkk	14	30	2.78333
bhkk	14	30	2.78667
bhkk	14	30	2.78333
bhkk	14	30	2.78333
bhkk	14	30	2.78333
bhkk	14	30	2.78667
bhkk	14	30	2.78333
bhkk	14	30	2.78333
bhkk	14	30	2.78667
bhkk	14	30	2.78333
bhkk	14	30	2.78667
bhkk	14	30	2.78333
bhkk	14	30	2.78667
bhkk	14	30	2.78333
bhkk	13	30	1.2
bhkk	14	30	2.78333
bhkk	14	30	2.78333
bhkk	14	30	2.79
bhkk	14	30	2.78667
bhkk	14	30	2.78667
bhkk	14	30	2.78667
bhkk	14	30	2.78667
bhkk	14	30	2.78667
bhkk	14	30	2.78667
bhkk	14	30	2.78667
bhkk	14	30	2.78667
bhkk	14	30	2.78667
bhkk	14	30	2.78667
bhkk	14	30	2.78667
bhkk	14	30	2.78333
bhkk	14	30	2.78667
bhkk	14	30	2.78667
bhkk	14	30	2.78667
bhkk	14	30	2.78333
bhkk	14	30	2.78667
bhkk	14	30	2.78667
bhkk	14	30	2.78333
bhkk	14	30	2.78667
bhkk	14	30	2.78667
bhkk	14	30	2.78667
bhkk	14	30	2.78667
bhkk	14	30	2.78667
bhkk	14	30	2.78333
bhkk	14	30	2.78667
bhkk	14	30	2.78667
bhkk	14	30	2.78667
bhkk	14	30	2.78667
bhkk	14	30	2.78333
bhkk	14	30	2.78667
bhkk	14	30	2.78667
bhkk	14	30	2.78667
bhkk	13	30	1.2
bhkk	14	30	2.78667
bhkk	14	30	2.78667
bhkk	14	30	2.78667
bhkk	14	30	2.78667
bhkk	14	30	2.78667
bhkk	14	30	2.78667
bhkk	14	30	2.78667
bhkk	14	30	2.78667
bhkk	14	30	2.78667
bhkk	14	30	2.78667
bhkk	14	30	2.78667
bhkk	14	30	2.78667
bhkk	14	30	2.78667
bhkk	14	30	2.78667
bhkk	14	30	2.78667
bhkk	14	30	2.78667
bhkk	14	30	2.78667
bhkk	14	30	2.78333
bhkk	14	30	2.78667
bhkk	14	30	2.78667
bhkk	14	30	2.78333
bhkk	14	30	2.78667
bhkk	14	30	2.78333
bhkk	14	30	2.78667
bhkk	14	30	2.78333
bhkk	14	30	2.78667
bhkk	14	30	2.78667
bhkk	14	30	2.78667
bhkk	14	30	2.78667
bhkk	14	30	2.78667
bhkk	14	30	2.78667
bhkk	14	30	2.78667
bhkk	13	30	1.2
bhkk	14	30	2.78667
bhkk	14	30	2.78667
bhkk	14	30	2.78333
bhkk	14	30	2.78333
bhkk	14	30	2.78333
bhkk	14	30	2.78333
bhkk	14	30	2.78667
bhkk	14	30	2.78
bhkk	14	30	2.78667
bhkk	14	30	2.78667
bhkk	14	30	2.78333
bhkk	14	30	2.78667
bhkk	14	30	2.78667
bhkk	14	30	2.78667
