bhkk	13	26	1.03
bhkk	14	26	2.35333
bhkk	14	26	2.35333
bhkk	14	26	2.35667
bhkk	14	26	2.35667
bhkk	14	26	2.35667
bhkk	14	26	2.35667
bhkk	14	26	2.35333
bhkk	14	26	2.35333
bhkk	14	26	2.35333
bhkk	14	26	2.35667
bhkk	14	26	2.35667
bhkk	14	26	2.35333
bhkk	14	26	2.35667
bhkk	14	26	2.35667
bhkk	14	26	2.35667
bhkk	14	26	2.35667
bhkk	14	26	2.35333
bhkk	14	26	2.35333
bhkk	14	26	2.35667
bhkk	14	26	2.35667
bhkk	14	26	2.35667
bhkk	14	26	2.35667
bhkk	14	26	2.35
bhkk	12	26	0.439999
bhkk	14	26	2.35333
bhkk	14	26	2.35667
bhkk	14	26	2.35667
bhkk	14	26	2.35667
bhkk	14	26	2.35667
bhkk	14	26	2.35667
bhkk	14	26	2.35667
bhkk	14	26	2.35333
bhkk	14	26	2.36
bhkk	14	26	2.35667
bhkk	14	26	2.35667
bhkk	14	26	2.35667
bhkk	14	26	2.35667
bhkk	14	26	2.35333
bhkk	14	26	2.35333
bhkk	14	26	2.35667
bhkk	13	26	1.03
bhkk	14	26	2.35667
bhkk	14	26	2.35333
bhkk	14	26	2.35667
bhkk	14	26	2.35667
bhkk	14	26	2.35333
bhkk	14	26	2.35333
bhkk	14	26	2.35333
bhkk	14	26	2.35667
bhkk	14	26	2.35667
bhkk	14	26	2.35667
bhkk	14	26	2.35667
bhkk	14	26	2.35667
bhkk	14	26	2.35667
bhkk	14	26	2.35667
bhkk	14	26	2.35667
bhkk	14	26	2.35
bhkk	14	26	2.35667
bhkk	13	26	1.03
bhkk	14	26	2.35333
bhkk	14	26	2.35333
bhkk	14	26	2.35333
bhkk	14	26	2.35333
bhkk	14	26	2.35667
bhkk	13	26	1.03333
bhkk	13	26	1.03
bhkk	14	26	2.35333
bhkk	13	26	1.03333
bhkk	14	26	2.36
bhkk	14	26	2.35667
bhkk	13	26	1.03
bhkk	14	26	2.35667
bhkk	14	26	2.35333
bhkk	14	26	2.35667
bhkk	14	26	2.35333
bhkk	14	26	2.35667
bhkk	14	26	2.35667
bhkk	14	26	2.35667
bhkk	14	26	2.35333
bhkk	14	26	2.35667
bhkk	14	26	2.35333
bhkk	14	26	2.35333
bhkk	14	26	2.35667
bhkk	14	26	2.35667
bhkk	14	26	2.35667
bhkk	14	26	2.35667
bhkk	14	26	2.36
bhkk	12	26	0.443333
bhkk	13	26	1.03
bhkk	14	26	2.35667
bhkk	14	26	2.36
bhkk	14	26	2.35667
bhkk	14	26	2.35667
bhkk	14	26	2.35667
bhkk	14	26	2.35667
bhkk	14	26	2.36
bhkk	14	26	2.35667
bhkk	14	26	2.35667
bhkk	14	26	2.35
