bj	14	24	0.00333
bj	14	24	0.00333
bj	14	24	0.00667
bj	14	24	0.00333
bj	13	24	0.00667
bj	14	24	0.00333
bj	14	24	0.00667
bj	14	24	0.00333
bj	14	24	0.00333
bj	14	24	0.00333
bj	14	24	0.00333
bj	14	24	0.00667
bj	13	24	0.00333
bj	14	24	0.00667
bj	14	24	0.00333
bj	14	24	0.00333
bj	14	24	0.00333
bj	14	24	0.00333
bj	14	24	0.00333
bj	14	24	0.00667
bj	14	24	0.00333
bj	14	24	0.00333
bj	13	24	0
bj	14	24	0.00333
bj	14	24	0.00667
bj	13	24	0.00667
bj	14	24	0.00333
bj	14	24	0.00667
bj	14	24	0.00667
bj	13	24	0.01
bj	14	24	0.00667
bj	14	24	0.00333
bj	14	24	0.00333
bj	14	24	0.00333
bj	14	24	0.00667
bj	13	24	0.00333
bj	13	24	0.00333
bj	14	24	0.00333
bj	14	24	0.00333
bj	14	24	0.00333
bj	14	24	0.00333
bj	14	24	0.00333
bj	14	24	0.00333
bj	14	24	0.00333
bj	13	24	0.00333
bj	14	24	0.00333
bj	14	24	0.00333
bj	14	24	0.00333
bj	14	24	0.00333
bj	14	24	0.00333
bj	14	24	0.00333
bj	14	24	0.00333
bj	14	24	0
bj	14	24	0.00333
bj	14	24	0.00667
bj	14	24	0.00333
bj	14	24	0.00333
bj	14	24	0.00333
bj	14	24	0.00333
bj	13	24	0.00333
bj	14	24	0.00333
bj	14	24	0.00333
bj	14	24	0.00333
bj	14	24	0.00667
bj	14	24	0.00333
bj	14	24	0.00333
bj	13	24	0.00333
bj	14	24	0.00333
bj	14	24	0.00333
bj	13	24	0.00667
bj	14	24	0.00333
bj	14	24	0.00333
bj	14	24	0.00667
bj	14	24	0.00333
bj	13	24	0.00333
bj	14	24	0.00333
bj	14	24	0.00333
bj	14	24	0
bj	14	24	0.00333
bj	14	24	0.00667
bj	14	24	0.00333
bj	14	24	0.00333
bj	14	24	0.00333
bj	13	24	0.00333
bj	13	24	0.00333
bj	14	24	0.00333
bj	14	24	0
bj	14	24	0.00333
bj	13	24	0.00667
bj	14	24	0.00333
bj	14	24	0.00333
bj	14	24	0.00333
bj	14	24	0.00333
bj	14	24	0.00667
bj	14	24	0.00333
bj	14	24	0.00333
bj	13	24	0.00667
bj	14	24	0.00333
bj	14	24	0.00333
bj	13	24	0.00333
