bj	14	86	47.3
bj	14	86	54.7
bj	14	86	63.4
bj	14	86	57.1
bj	14	86	47.7
bj	14	86	57.1
bj	14	86	45.9
bj	14	86	42.4
bj	14	86	69.8
bj	14	86	47.7
bj	14	86	48.4
bj	14	86	69.4
bj	14	86	56.5
bj	14	86	62.5
bj	14	86	65
bj	14	86	50.5
bj	14	86	59
bj	14	86	65.4
bj	14	86	46.9
bj	14	86	108
bj	14	86	61.5
bj	14	86	43.7
bj	14	86	44.3
bj	14	86	60.4
bj	14	86	46.7
bj	14	86	61.6
bj	14	86	54.5
bj	14	86	52.9
bj	14	86	61.2
bj	14	86	59
bj	14	86	45.2
bj	14	86	56
bj	14	86	60.7
bj	14	86	48.2
bj	14	86	50.1
bj	14	86	63.2
bj	14	86	58.5
bj	14	86	59.4
bj	14	86	60.8
bj	14	86	53
bj	14	86	57.9
bj	14	86	58.2
bj	14	86	65
bj	14	86	49.4
bj	14	86	53.6
bj	14	86	52.5
bj	14	86	56.5
bj	14	86	58.2
bj	14	86	48.4
bj	14	86	180
bj	14	86	68.9
bj	14	86	51
bj	14	86	44.3
bj	14	86	48.6
bj	14	86	53.9
bj	14	86	59.8
bj	14	86	56.4
bj	14	86	52.2
bj	14	86	60.7
bj	14	86	timeout
bj	14	86	58.6
bj	14	86	45.2
bj	14	86	47.2
bj	14	86	50.1
bj	14	86	61.1
bj	14	86	57.3
bj	14	86	55.8
bj	14	86	48.1
bj	14	86	53.7
bj	14	86	48.5
bj	14	86	57.1
bj	14	86	49
bj	14	86	49
bj	14	86	55.8
bj	14	86	48.1
bj	14	86	42
bj	14	86	56.6
bj	14	86	64.6
bj	14	86	45
bj	14	86	45.7
bj	14	86	59.1
bj	14	86	48.5
bj	14	86	49.4
bj	14	86	58.3
bj	14	86	59.3
bj	14	86	47.9
bj	14	86	56.7
bj	14	86	57.5
bj	14	86	60.6
bj	14	86	59.3
bj	14	86	56.4
bj	14	86	54.1
bj	14	86	49.7
bj	14	86	64.1
bj	14	86	179
bj	14	86	55.2
bj	14	86	60.6
bj	14	86	63.9
bj	14	86	57.5
bj	14	86	46.9
