bhkk	14	22	1.69
bhkk	13	22	0.759999
bhkk	14	22	1.69
bhkk	13	22	0.759999
bhkk	14	22	1.69
bhkk	14	22	1.69
bhkk	13	22	0.759999
bhkk	13	22	0.759999
bhkk	14	22	1.69
bhkk	14	22	1.69
bhkk	14	22	1.69333
bhkk	14	22	1.69
bhkk	14	22	1.69333
bhkk	14	22	1.69
bhkk	13	22	0.759999
bhkk	13	22	0.759999
bhkk	14	22	1.69333
bhkk	13	22	0.759999
bhkk	14	22	1.69
bhkk	13	22	0.759999
bhkk	12	22	0.333333
bhkk	14	22	1.68667
bhkk	14	22	1.69333
bhkk	13	22	0.756666
bhkk	13	22	0.759999
bhkk	14	22	1.69333
bhkk	14	22	1.69
bhkk	14	22	1.69
bhkk	13	22	0.759999
bhkk	14	22	1.69
bhkk	14	22	1.69333
bhkk	14	22	1.69333
bhkk	14	22	1.69
bhkk	14	22	1.69333
bhkk	14	22	1.69333
bhkk	14	22	1.69
bhkk	14	22	1.69
bhkk	12	22	0.333333
bhkk	14	22	1.69333
bhkk	14	22	1.69
bhkk	14	22	1.69
bhkk	14	22	1.69333
bhkk	14	22	1.69
bhkk	14	22	1.68667
bhkk	14	22	1.69
bhkk	14	22	1.69
bhkk	14	22	1.69
bhkk	14	22	1.69333
bhkk	13	22	0.759999
bhkk	13	22	0.759999
bhkk	14	22	1.69
bhkk	14	22	1.69333
bhkk	14	22	1.69333
bhkk	14	22	1.69
bhkk	14	22	1.69
bhkk	14	22	1.69333
bhkk	14	22	1.68667
bhkk	13	22	0.759999
bhkk	14	22	1.69333
bhkk	13	22	0.759999
bhkk	13	22	0.756666
bhkk	12	22	0.333333
bhkk	14	22	1.69
bhkk	14	22	1.69333
bhkk	14	22	1.69333
bhkk	13	22	0.759999
bhkk	13	22	0.756666
bhkk	14	22	1.69
bhkk	13	22	0.759999
bhkk	14	22	1.69
bhkk	14	22	1.69
bhkk	14	22	1.69
bhkk	14	22	1.68667
bhkk	14	22	1.69
bhkk	13	22	0.763333
bhkk	14	22	1.69
bhkk	14	22	1.69
bhkk	14	22	1.69
bhkk	14	22	1.69
bhkk	13	22	0.759999
bhkk	14	22	1.69
bhkk	14	22	1.69
bhkk	14	22	1.69
bhkk	14	22	1.69
bhkk	13	22	0.759999
bhkk	14	22	1.69
bhkk	14	22	1.69
bhkk	14	22	1.69
bhkk	14	22	1.69
bhkk	14	22	1.69
bhkk	13	22	0.759999
bhkk	14	22	1.69
bhkk	13	22	0.759999
bhkk	14	22	1.69
bhkk	13	22	0.759999
bhkk	14	22	1.69
bhkk	13	22	0.759999
bhkk	14	22	1.69333
bhkk	13	22	0.759999
bhkk	14	22	1.68667
