bhkk	14	42	5.4
bhkk	14	42	5.37
bhkk	14	42	5.37333
bhkk	14	42	5.38
bhkk	14	42	5.37
bhkk	14	42	5.37333
bhkk	14	42	5.37
bhkk	14	42	5.37333
bhkk	14	42	5.37333
bhkk	14	42	5.37
bhkk	14	42	5.37667
bhkk	13	42	2.27
bhkk	14	42	5.37667
bhkk	14	42	5.37
bhkk	14	42	5.37333
bhkk	14	42	5.37
bhkk	14	42	5.37667
bhkk	14	42	5.37333
bhkk	14	42	5.38
bhkk	14	42	5.37333
bhkk	14	42	5.37667
bhkk	14	42	5.37333
bhkk	14	42	5.36333
bhkk	14	42	5.37333
bhkk	14	42	5.37667
bhkk	14	42	5.37333
bhkk	14	42	5.37667
bhkk	14	42	5.37
bhkk	14	42	5.37667
bhkk	14	42	5.37667
bhkk	14	42	5.37
bhkk	14	42	5.37333
bhkk	14	42	5.37333
bhkk	14	42	5.37667
bhkk	14	42	5.37667
bhkk	14	42	5.37
bhkk	14	42	5.37667
bhkk	14	42	5.37667
bhkk	14	42	5.37333
bhkk	14	42	5.36667
bhkk	14	42	5.37667
bhkk	14	42	5.36667
bhkk	14	42	5.37
bhkk	14	42	5.37667
bhkk	14	42	5.37667
bhkk	14	42	5.37667
bhkk	14	42	5.37333
bhkk	14	42	5.37
bhkk	14	42	5.37
bhkk	14	42	5.37333
bhkk	14	42	5.36667
bhkk	14	42	5.37333
bhkk	14	42	5.37
bhkk	14	42	5.37333
bhkk	14	42	5.37333
bhkk	14	42	5.37667
bhkk	14	42	5.37667
bhkk	14	42	5.37333
bhkk	14	42	5.37667
bhkk	14	42	5.37333
bhkk	14	42	5.37667
bhkk	14	42	5.37
bhkk	14	42	5.37333
bhkk	14	42	5.37333
bhkk	14	42	5.37667
bhkk	14	42	5.37333
bhkk	14	42	5.37
bhkk	14	42	5.37667
bhkk	14	42	5.37333
bhkk	14	42	5.36667
bhkk	14	42	5.37667
bhkk	14	42	5.37667
bhkk	14	42	5.37333
bhkk	14	42	5.37667
bhkk	14	42	5.37667
bhkk	14	42	5.37333
bhkk	14	42	5.37333
bhkk	14	42	5.37
bhkk	14	42	5.37333
bhkk	14	42	5.37333
bhkk	14	42	5.37
bhkk	14	42	5.37333
bhkk	14	42	5.36667
bhkk	14	42	5.37333
bhkk	14	42	5.37667
bhkk	14	42	5.37667
bhkk	14	42	5.37333
bhkk	14	42	5.37667
bhkk	14	42	5.36667
bhkk	14	42	5.37333
bhkk	14	42	5.37667
bhkk	14	42	5.37
bhkk	14	42	5.37333
bhkk	14	42	5.37667
bhkk	14	42	5.37333
bhkk	14	42	5.37
bhkk	14	42	5.37333
bhkk	14	42	5.37333
bhkk	14	42	5.37333
bhkk	14	42	5.37
