bhkk	14	74	18.9367
bhkk	14	74	18.9433
bhkk	14	74	18.9433
bhkk	14	74	18.9433
bhkk	14	74	18.9367
bhkk	14	74	18.9367
bhkk	14	74	18.94
bhkk	14	74	18.94
bhkk	14	74	18.9433
bhkk	14	74	18.94
bhkk	14	74	18.9367
bhkk	14	74	18.94
bhkk	14	74	18.94
bhkk	14	74	18.9367
bhkk	14	74	18.9367
bhkk	14	74	18.9367
bhkk	14	74	18.9467
bhkk	14	74	18.9267
bhkk	14	74	18.9333
bhkk	14	74	18.9333
bhkk	14	74	18.9333
bhkk	14	74	18.9433
bhkk	14	74	18.9333
bhkk	14	74	18.9367
bhkk	14	74	18.94
bhkk	14	74	18.9333
bhkk	14	74	18.9267
bhkk	14	74	18.9367
bhkk	14	74	18.9333
bhkk	14	74	18.9367
bhkk	14	74	18.94
bhkk	14	74	18.9333
bhkk	14	74	18.9533
bhkk	14	74	18.9433
bhkk	14	74	18.9333
bhkk	14	74	18.94
bhkk	14	74	18.93
bhkk	14	74	18.9367
bhkk	14	74	18.9433
bhkk	14	74	18.9367
bhkk	14	74	18.9367
bhkk	14	74	18.9267
bhkk	14	74	18.9433
bhkk	14	74	18.9367
bhkk	14	74	18.9367
bhkk	14	74	18.9467
bhkk	14	74	18.93
bhkk	14	74	18.94
bhkk	14	74	18.94
bhkk	14	74	18.93
bhkk	14	74	18.9367
bhkk	14	74	18.9367
bhkk	14	74	18.9367
bhkk	14	74	18.93
bhkk	14	74	18.9367
bhkk	14	74	18.9333
bhkk	14	74	18.9367
bhkk	14	74	18.94
bhkk	14	74	18.94
bhkk	14	74	18.9367
bhkk	14	74	18.9367
bhkk	14	74	18.94
bhkk	14	74	18.94
bhkk	14	74	18.94
bhkk	14	74	18.9367
bhkk	14	74	18.9367
bhkk	14	74	18.9367
bhkk	14	74	18.9367
bhkk	14	74	18.9333
bhkk	14	74	18.94
bhkk	14	74	18.94
bhkk	14	74	18.9433
bhkk	14	74	18.9367
bhkk	14	74	18.94
bhkk	14	74	18.9367
bhkk	14	74	18.9333
bhkk	14	74	18.9367
bhkk	14	74	18.9367
bhkk	14	74	18.94
bhkk	14	74	18.93
bhkk	14	74	18.9367
bhkk	14	74	18.9367
bhkk	14	74	18.9433
bhkk	14	74	18.9267
bhkk	14	74	18.9367
bhkk	14	74	18.9467
bhkk	14	74	18.94
bhkk	14	74	18.9367
bhkk	14	74	18.94
bhkk	14	74	18.9333
bhkk	14	74	18.9333
bhkk	14	74	18.9367
bhkk	14	74	18.9367
bhkk	14	74	18.9467
bhkk	14	74	18.9367
bhkk	14	74	18.94
bhkk	14	74	18.9367
bhkk	14	74	18.9333
bhkk	14	74	18.9367
bhkk	14	74	18.9467
