bhkk	14	52	13.2733
bhkk	14	52	13.28
bhkk	14	52	13.2833
bhkk	14	52	13.2833
bhkk	14	52	13.29
bhkk	14	52	13.2833
bhkk	14	52	13.28
bhkk	14	52	13.2833
bhkk	14	52	13.2833
bhkk	14	52	13.2833
bhkk	14	52	13.2867
bhkk	14	52	13.2833
bhkk	14	52	13.28
bhkk	14	52	13.29
bhkk	14	52	13.28
bhkk	14	52	13.2833
bhkk	14	52	13.2833
bhkk	14	52	13.28
bhkk	14	52	13.2867
bhkk	14	52	13.2833
bhkk	14	52	13.28
bhkk	14	52	13.2833
bhkk	14	52	13.2867
bhkk	14	52	13.2867
bhkk	14	52	13.2833
bhkk	14	52	13.2833
bhkk	14	52	13.28
bhkk	14	52	13.28
bhkk	14	52	13.2867
bhkk	14	52	13.2833
bhkk	14	52	13.28
bhkk	14	52	13.28
bhkk	14	52	13.2833
bhkk	14	52	13.28
bhkk	14	52	13.2867
bhkk	14	52	13.2833
bhkk	14	52	13.2833
bhkk	14	52	13.2767
bhkk	14	52	13.2833
bhkk	14	52	13.2867
bhkk	14	52	13.2833
bhkk	14	52	13.2833
bhkk	14	52	13.2833
bhkk	14	52	13.2833
bhkk	14	52	13.2833
bhkk	14	52	13.2833
bhkk	14	52	13.2867
bhkk	14	52	13.2833
bhkk	14	52	13.2867
bhkk	14	52	13.2833
bhkk	14	52	13.2867
bhkk	14	52	13.2833
bhkk	14	52	13.29
bhkk	14	52	13.2867
bhkk	14	52	13.2833
bhkk	14	52	13.2833
bhkk	14	52	13.2833
bhkk	14	52	13.2767
bhkk	14	52	13.2867
bhkk	14	52	13.2833
bhkk	14	52	13.2833
bhkk	14	52	13.2833
bhkk	14	52	13.2867
bhkk	14	52	13.2833
bhkk	14	52	13.2833
bhkk	14	52	13.28
bhkk	14	52	13.28
bhkk	14	52	13.2833
bhkk	14	52	13.28
bhkk	14	52	13.2833
bhkk	14	52	13.2833
bhkk	14	52	13.28
bhkk	14	52	13.28
bhkk	14	52	13.29
bhkk	14	52	13.28
bhkk	14	52	13.2833
bhkk	14	52	13.2833
bhkk	14	52	13.2833
bhkk	14	52	13.28
bhkk	14	52	13.2867
bhkk	14	52	13.2833
bhkk	14	52	13.2833
bhkk	14	52	13.2867
bhkk	14	52	13.28
bhkk	14	52	13.28
bhkk	14	52	13.2833
bhkk	14	52	13.2867
bhkk	14	52	13.28
bhkk	14	52	13.2833
bhkk	14	52	13.28
bhkk	14	52	13.2833
bhkk	14	52	13.2833
bhkk	14	52	13.2867
bhkk	14	52	13.2833
bhkk	14	52	13.2833
bhkk	14	52	13.2833
bhkk	14	52	13.28
bhkk	14	52	13.2867
bhkk	14	52	13.28
bhkk	14	52	13.2833
