bhkk	14	88	23.1933
bhkk	14	88	23.19
bhkk	14	88	23.2
bhkk	14	88	23.1867
bhkk	14	88	23.1967
bhkk	14	88	23.1933
bhkk	14	88	23.19
bhkk	14	88	23.1967
bhkk	14	88	23.1967
bhkk	14	88	23.19
bhkk	14	88	23.19
bhkk	14	88	23.1967
bhkk	14	88	23.1967
bhkk	14	88	23.1933
bhkk	14	88	23.1867
bhkk	14	88	23.1933
bhkk	14	88	23.1933
bhkk	14	88	23.1933
bhkk	14	88	23.19
bhkk	14	88	23.1967
bhkk	14	88	23.1867
bhkk	14	88	23.1933
bhkk	14	88	23.1933
bhkk	14	88	23.1933
bhkk	14	88	23.1933
bhkk	14	88	23.19
bhkk	14	88	23.2033
bhkk	14	88	23.1967
bhkk	14	88	23.1967
bhkk	14	88	23.19
bhkk	14	88	23.1933
bhkk	14	88	23.1933
bhkk	14	88	23.1933
bhkk	14	88	23.1933
bhkk	14	88	23.1933
bhkk	14	88	23.19
bhkk	14	88	23.1933
bhkk	14	88	23.19
bhkk	14	88	23.1967
bhkk	14	88	23.2033
bhkk	14	88	23.1933
bhkk	14	88	23.1967
bhkk	14	88	23.1933
bhkk	14	88	23.1933
bhkk	14	88	23.1933
bhkk	14	88	23.1933
bhkk	14	88	23.19
bhkk	14	88	23.2033
bhkk	14	88	23.1867
bhkk	14	88	23.19
bhkk	14	88	23.1933
bhkk	14	88	23.1933
bhkk	14	88	23.19
bhkk	14	88	23.19
bhkk	14	88	23.1867
bhkk	14	88	23.19
bhkk	14	88	23.1933
bhkk	14	88	23.19
bhkk	14	88	23.2067
bhkk	14	88	23.1933
bhkk	14	88	23.1967
bhkk	14	88	23.1967
bhkk	14	88	23.19
bhkk	14	88	23.1967
bhkk	14	88	23.1967
bhkk	14	88	23.1933
bhkk	14	88	23.1967
bhkk	14	88	23.1967
bhkk	14	88	23.1933
bhkk	14	88	23.19
bhkk	14	88	23.19
bhkk	14	88	23.1967
bhkk	14	88	23.1967
bhkk	14	88	23.1967
bhkk	14	88	23.1767
bhkk	14	88	23.2
bhkk	14	88	23.1933
bhkk	14	88	23.1933
bhkk	14	88	23.1933
bhkk	14	88	23.1967
bhkk	14	88	23.1967
bhkk	14	88	23.2
bhkk	14	88	23.19
bhkk	14	88	23.1933
bhkk	14	88	23.19
bhkk	14	88	23.1933
bhkk	14	88	23.1967
bhkk	14	88	23.2
bhkk	14	88	23.19
bhkk	14	88	23.1967
bhkk	14	88	23.1833
bhkk	14	88	23.1933
bhkk	14	88	23.19
bhkk	14	88	23.1933
bhkk	14	88	23.1967
bhkk	14	88	23.19
bhkk	14	88	23.1933
bhkk	14	88	23.1833
bhkk	14	88	23.1967
bhkk	14	88	23.1933
