bhkk	14	64	17.23
bhkk	14	64	17.2367
bhkk	14	64	17.2367
bhkk	14	64	17.23
bhkk	14	64	17.2367
bhkk	14	64	17.2333
bhkk	14	64	17.2367
bhkk	14	64	17.2333
bhkk	14	64	17.2333
bhkk	14	64	17.23
bhkk	14	64	17.2367
bhkk	14	64	17.2367
bhkk	14	64	17.2333
bhkk	14	64	17.2367
bhkk	14	64	17.2333
bhkk	14	64	17.23
bhkk	14	64	17.23
bhkk	14	64	17.2333
bhkk	14	64	17.23
bhkk	14	64	17.2333
bhkk	14	64	17.2267
bhkk	14	64	17.2333
bhkk	14	64	17.2233
bhkk	14	64	17.23
bhkk	14	64	17.23
bhkk	14	64	17.2433
bhkk	14	64	17.2367
bhkk	14	64	17.2367
bhkk	14	64	17.2333
bhkk	14	64	17.2267
bhkk	14	64	17.2433
bhkk	14	64	17.23
bhkk	14	64	17.2367
bhkk	14	64	17.23
bhkk	14	64	17.23
bhkk	14	64	17.2333
bhkk	14	64	17.24
bhkk	14	64	17.2333
bhkk	14	64	17.2267
bhkk	14	64	17.2367
bhkk	14	64	17.2233
bhkk	14	64	17.24
bhkk	14	64	17.2333
bhkk	14	64	17.23
bhkk	14	64	17.23
bhkk	14	64	17.2267
bhkk	14	64	17.23
bhkk	14	64	17.2333
bhkk	14	64	17.2333
bhkk	14	64	17.2367
bhkk	14	64	17.2367
bhkk	14	64	17.2333
bhkk	14	64	17.2367
bhkk	14	64	17.24
bhkk	14	64	17.2333
bhkk	14	64	17.2367
bhkk	14	64	17.2333
bhkk	14	64	17.2333
bhkk	14	64	17.2333
bhkk	14	64	17.2367
bhkk	14	64	17.23
bhkk	14	64	17.2333
bhkk	14	64	17.2267
bhkk	14	64	17.2333
bhkk	14	64	17.2333
bhkk	14	64	17.2333
bhkk	14	64	17.24
bhkk	14	64	17.23
bhkk	14	64	17.2367
bhkk	14	64	17.2333
bhkk	14	64	17.23
bhkk	14	64	17.24
bhkk	14	64	17.2267
bhkk	14	64	17.2333
bhkk	14	64	17.2367
bhkk	14	64	17.2267
bhkk	14	64	17.2333
bhkk	14	64	17.23
bhkk	14	64	17.23
bhkk	14	64	17.2233
bhkk	14	64	17.2333
bhkk	14	64	17.2333
bhkk	14	64	17.23
bhkk	14	64	17.2333
bhkk	14	64	17.2367
bhkk	14	64	17.2367
bhkk	14	64	17.23
bhkk	14	64	17.23
bhkk	14	64	17.24
bhkk	14	64	17.2267
bhkk	14	64	17.2333
bhkk	14	64	17.23
bhkk	14	64	17.2333
bhkk	14	64	17.2333
bhkk	14	64	17.2333
bhkk	14	64	17.2333
bhkk	14	64	17.2333
bhkk	14	64	17.24
bhkk	14	64	17.2367
bhkk	14	64	17.2367
