bj	14	38	0.24
bj	14	38	0.143
bj	14	38	0.123
bj	14	38	0.06
bj	14	38	0.103
bj	14	38	0.0967
bj	14	38	0.13
bj	14	38	0.137
bj	14	38	0.08
bj	14	38	0.07
bj	14	38	0.33
bj	14	38	0.03
bj	14	38	0.127
bj	14	38	0.0467
bj	14	38	0.14
bj	14	38	0.16
bj	14	38	0.113
bj	14	38	0.373
bj	14	38	0.183
bj	14	38	0.0967
bj	14	38	0.15
bj	14	38	0.0567
bj	14	38	0.103
bj	14	38	0.05
bj	14	38	0.157
bj	14	38	0.147
bj	14	38	0.0933
bj	14	38	0.117
bj	14	38	0.08
bj	14	38	0.163
bj	14	38	0.107
bj	14	38	0.11
bj	14	38	0.127
bj	14	38	0.24
bj	14	38	0.0733
bj	14	38	0.137
bj	14	38	0.1
bj	14	38	0.0667
bj	14	38	0.08
bj	14	38	0.147
bj	14	38	0.0567
bj	14	38	0.11
bj	14	38	0.133
bj	14	38	0.23
bj	14	38	0.0967
bj	14	38	0.147
bj	14	38	0.177
bj	14	38	0.13
bj	14	38	0.07
bj	14	38	0.107
bj	14	38	0.283
bj	14	38	0.14
bj	14	38	0.177
bj	14	38	0.317
bj	14	38	0.133
bj	14	38	0.187
bj	14	38	0.16
bj	14	38	0.133
bj	14	38	0.0767
bj	14	38	0.163
bj	14	38	0.11
bj	13	38	0.0233
bj	14	38	0.0967
bj	14	38	0.21
bj	14	38	0.0467
bj	14	38	0.04
bj	14	38	0.0967
bj	14	38	0.263
bj	14	38	0.307
bj	14	38	0.0833
bj	14	38	0.127
bj	14	38	0.0933
bj	14	38	0.0933
bj	14	38	0.117
bj	14	38	0.403
bj	14	38	0.193
bj	14	38	0.0533
bj	14	38	0.167
bj	14	38	0.04
bj	14	38	0.113
bj	14	38	0.12
bj	14	38	0.1
bj	14	38	0.0767
bj	14	38	0.0633
bj	14	38	0.103
bj	14	38	0.0967
bj	14	38	0.173
bj	14	38	0.183
bj	14	38	0.12
bj	14	38	0.0733
bj	14	38	0.0967
bj	14	38	0.183
bj	14	38	0.0467
bj	14	38	0.0267
bj	14	38	0.253
bj	14	38	0.09
bj	14	38	0.05
bj	14	38	0.187
bj	14	38	0.0867
bj	14	38	0.14
