bhkk	14	32	3.35
bhkk	14	32	3.35
bhkk	14	32	3.34667
bhkk	14	32	3.35
bhkk	14	32	3.35
bhkk	14	32	3.34667
bhkk	14	32	3.35
bhkk	14	32	3.35
bhkk	14	32	3.35333
bhkk	14	32	3.35
bhkk	14	32	3.35333
bhkk	14	32	3.35
bhkk	14	32	3.35
bhkk	14	32	3.35
bhkk	14	32	3.35
bhkk	14	32	3.34667
bhkk	14	32	3.35
bhkk	14	32	3.35
bhkk	14	32	3.35
bhkk	14	32	3.35
bhkk	14	32	3.34667
bhkk	14	32	3.34333
bhkk	14	32	3.35
bhkk	14	32	3.35
bhkk	14	32	3.35333
bhkk	14	32	3.35
bhkk	14	32	3.35
bhkk	14	32	3.34667
bhkk	14	32	3.35
bhkk	13	32	1.43667
bhkk	14	32	3.35
bhkk	14	32	3.35
bhkk	14	32	3.35
bhkk	14	32	3.35
bhkk	14	32	3.34667
bhkk	14	32	3.35
bhkk	14	32	3.35
bhkk	14	32	3.35
bhkk	14	32	3.35333
bhkk	14	32	3.35
bhkk	14	32	3.35
bhkk	14	32	3.35
bhkk	14	32	3.35333
bhkk	14	32	3.34667
bhkk	14	32	3.35
bhkk	14	32	3.35
bhkk	14	32	3.35333
bhkk	14	32	3.35
bhkk	14	32	3.34667
bhkk	14	32	3.35
bhkk	14	32	3.35
bhkk	14	32	3.35
bhkk	14	32	3.35
bhkk	14	32	3.35
bhkk	14	32	3.35
bhkk	14	32	3.34667
bhkk	14	32	3.35
bhkk	14	32	3.35333
bhkk	14	32	3.35
bhkk	14	32	3.35
bhkk	14	32	3.34667
bhkk	14	32	3.35
bhkk	14	32	3.35
bhkk	14	32	3.34667
bhkk	14	32	3.35
bhkk	14	32	3.35
bhkk	14	32	3.35
bhkk	14	32	3.35
bhkk	14	32	3.35
bhkk	14	32	3.35
bhkk	14	32	3.35333
bhkk	14	32	3.34667
bhkk	14	32	3.35
bhkk	14	32	3.35
bhkk	14	32	3.35
bhkk	14	32	3.35
bhkk	13	32	1.43333
bhkk	14	32	3.35
bhkk	14	32	3.35
bhkk	14	32	3.35333
bhkk	13	32	1.43667
bhkk	14	32	3.34667
bhkk	14	32	3.35
bhkk	14	32	3.34667
bhkk	14	32	3.35333
bhkk	14	32	3.35
bhkk	14	32	3.35333
bhkk	14	32	3.35
bhkk	14	32	3.35
bhkk	14	32	3.35
bhkk	14	32	3.35
bhkk	14	32	3.34667
bhkk	14	32	3.35
bhkk	14	32	3.34333
bhkk	14	32	3.35
bhkk	14	32	3.35333
bhkk	14	32	3.35
bhkk	14	32	3.35
bhkk	14	32	3.35333
bhkk	14	32	3.34667
