bhkk	14	72	18.33
bhkk	14	72	18.33
bhkk	14	72	18.3333
bhkk	14	72	18.33
bhkk	14	72	18.3333
bhkk	14	72	18.33
bhkk	14	72	18.3333
bhkk	14	72	18.33
bhkk	14	72	18.3267
bhkk	14	72	18.32
bhkk	14	72	18.3233
bhkk	14	72	18.33
bhkk	14	72	18.34
bhkk	14	72	18.34
bhkk	14	72	18.3333
bhkk	14	72	18.3333
bhkk	14	72	18.3267
bhkk	14	72	18.3367
bhkk	14	72	18.3433
bhkk	14	72	18.3333
bhkk	14	72	18.3233
bhkk	14	72	18.33
bhkk	14	72	18.3233
bhkk	14	72	18.3267
bhkk	14	72	18.3267
bhkk	14	72	18.34
bhkk	14	72	18.33
bhkk	14	72	18.3267
bhkk	14	72	18.3367
bhkk	14	72	18.33
bhkk	14	72	18.33
bhkk	14	72	18.3267
bhkk	14	72	18.3333
bhkk	14	72	18.3333
bhkk	14	72	18.3267
bhkk	14	72	18.33
bhkk	14	72	18.3233
bhkk	14	72	18.3333
bhkk	14	72	18.3233
bhkk	14	72	18.3267
bhkk	14	72	18.3333
bhkk	14	72	18.3333
bhkk	14	72	18.3333
bhkk	14	72	18.3333
bhkk	14	72	18.3367
bhkk	14	72	18.3333
bhkk	14	72	18.3267
bhkk	14	72	18.3333
bhkk	14	72	18.33
bhkk	14	72	18.3267
bhkk	14	72	18.3367
bhkk	14	72	18.3333
bhkk	14	72	18.3333
bhkk	14	72	18.3333
bhkk	14	72	18.33
bhkk	14	72	18.3333
bhkk	14	72	18.3267
bhkk	14	72	18.3267
bhkk	14	72	18.33
bhkk	14	72	18.3333
bhkk	14	72	18.3367
bhkk	14	72	18.3233
bhkk	14	72	18.3333
bhkk	14	72	18.3333
bhkk	14	72	18.3233
bhkk	14	72	18.3467
bhkk	14	72	18.3233
bhkk	14	72	18.33
bhkk	14	72	18.3333
bhkk	14	72	18.3367
bhkk	14	72	18.3333
bhkk	14	72	18.33
bhkk	14	72	18.33
bhkk	14	72	18.3367
bhkk	14	72	18.3333
bhkk	14	72	18.34
bhkk	14	72	18.3333
bhkk	14	72	18.3333
bhkk	14	72	18.3267
bhkk	14	72	18.3267
bhkk	14	72	18.3467
bhkk	14	72	18.3333
bhkk	14	72	18.3267
bhkk	14	72	18.33
bhkk	14	72	18.33
bhkk	14	72	18.3267
bhkk	14	72	18.3333
bhkk	14	72	18.3333
bhkk	14	72	18.3333
bhkk	14	72	18.33
bhkk	14	72	18.33
bhkk	14	72	18.3267
bhkk	14	72	18.3333
bhkk	14	72	18.3333
bhkk	14	72	18.3267
bhkk	14	72	18.33
bhkk	14	72	18.3333
bhkk	14	72	18.32
bhkk	14	72	18.3267
bhkk	14	72	18.3467
