bj	13	20	0
bj	14	20	0
bj	14	20	0
bj	13	20	0.00333
bj	14	20	0.00333
bj	14	20	0
bj	12	20	0
bj	14	20	0
bj	13	20	0.00333
bj	14	20	0
bj	13	20	0
bj	14	20	0
bj	14	20	0.00333
bj	14	20	0
bj	13	20	0
bj	14	20	0
bj	14	20	0
bj	14	20	0
bj	14	20	0
bj	14	20	0
bj	14	20	0
bj	14	20	0
bj	14	20	0
bj	14	20	0
bj	14	20	0
bj	13	20	0.00333
bj	14	20	0
bj	13	20	0
bj	14	20	0
bj	13	20	0
bj	12	20	0
bj	14	20	0.00333
bj	13	20	0
bj	14	20	0
bj	13	20	0
bj	14	20	0
bj	14	20	0
bj	14	20	0
bj	14	20	0
bj	13	20	0
bj	12	20	0.00333
bj	13	20	0.00333
bj	14	20	0
bj	14	20	0
bj	14	20	0
bj	14	20	0
bj	14	20	0
bj	14	20	0
bj	14	20	0
bj	13	20	0
bj	12	20	0
bj	13	20	0
bj	14	20	0
bj	14	20	0
bj	14	20	0
bj	13	20	0
bj	14	20	0
bj	14	20	0
bj	14	20	0
bj	13	20	0
bj	13	20	0
bj	14	20	0
bj	13	20	0
bj	14	20	0
bj	13	20	0
bj	14	20	0
bj	13	20	0
bj	14	20	0
bj	14	20	0
bj	13	20	0
bj	12	20	0
bj	14	20	0
bj	14	20	0
bj	11	20	0.00333
bj	14	20	0
bj	14	20	0
bj	13	20	0
bj	13	20	0.00333
bj	13	20	0
bj	13	20	0
bj	14	20	0
bj	14	20	0
bj	14	20	0
bj	14	20	0
bj	14	20	0.00333
bj	14	20	0
bj	13	20	0
bj	14	20	0
bj	13	20	0
bj	14	20	0
bj	14	20	0
bj	14	20	0
bj	14	20	0
bj	13	20	0.00333
bj	14	20	0
bj	14	20	0
bj	13	20	0
bj	13	20	0
bj	13	20	0.00333
bj	13	20	0.00333
