bhkk	14	48	11.04
bhkk	14	48	11.0433
bhkk	14	48	11.0433
bhkk	14	48	11.05
bhkk	14	48	11.0433
bhkk	14	48	11.0467
bhkk	14	48	5.52
bhkk	14	48	11.0433
bhkk	14	48	11.0433
bhkk	14	48	11.0433
bhkk	14	48	11.04
bhkk	14	48	11.0433
bhkk	14	48	11.04
bhkk	14	48	11.0433
bhkk	14	48	11.0433
bhkk	14	48	11.04
bhkk	14	48	11.0433
bhkk	14	48	11.04
bhkk	14	48	11.0367
bhkk	14	48	11.0467
bhkk	14	48	5.52333
bhkk	14	48	11.04
bhkk	14	48	11.0433
bhkk	14	48	5.52333
bhkk	14	48	11.0433
bhkk	14	48	11.04
bhkk	14	48	11.0367
bhkk	14	48	11.0433
bhkk	14	48	11.04
bhkk	14	48	11.04
bhkk	14	48	11.04
bhkk	14	48	11.04
bhkk	14	48	11.04
bhkk	14	48	11.04
bhkk	14	48	11.04
bhkk	14	48	11.04
bhkk	14	48	11.0367
bhkk	14	48	11.0367
bhkk	14	48	11.04
bhkk	14	48	11.0433
bhkk	14	48	11.0433
bhkk	14	48	11.0367
bhkk	14	48	5.52333
bhkk	14	48	11.04
bhkk	14	48	11.0467
bhkk	14	48	11.04
bhkk	14	48	11.04
bhkk	14	48	11.0467
bhkk	14	48	11.04
bhkk	14	48	11.0433
bhkk	14	48	11.0433
bhkk	14	48	11.0333
bhkk	14	48	11.0433
bhkk	14	48	11.0367
bhkk	14	48	11.0433
bhkk	14	48	11.04
bhkk	14	48	11.0433
bhkk	14	48	11.0367
bhkk	14	48	11.0433
bhkk	14	48	11.04
bhkk	14	48	11.04
bhkk	14	48	11.0433
bhkk	14	48	11.0467
bhkk	14	48	5.52333
bhkk	14	48	11.0467
bhkk	14	48	11.0467
bhkk	14	48	11.04
bhkk	14	48	11.0433
bhkk	14	48	11.04
bhkk	14	48	11.05
bhkk	14	48	11.04
bhkk	14	48	11.0433
bhkk	14	48	11.04
bhkk	14	48	11.0433
bhkk	14	48	11.0433
bhkk	14	48	11.04
bhkk	14	48	11.0433
bhkk	14	48	11.0467
bhkk	14	48	5.52333
bhkk	14	48	11.04
bhkk	14	48	11.04
bhkk	14	48	11.04
bhkk	14	48	11.0433
bhkk	14	48	5.52333
bhkk	14	48	11.0433
bhkk	14	48	11.0367
bhkk	14	48	11.0433
bhkk	14	48	11.0433
bhkk	14	48	5.52333
bhkk	14	48	11.05
bhkk	14	48	11.0433
bhkk	14	48	11.0467
bhkk	14	48	11.0433
bhkk	14	48	11.0367
bhkk	14	48	11.0367
bhkk	14	48	11.04
bhkk	14	48	5.52667
bhkk	14	48	11.0467
bhkk	14	48	11.04
bhkk	14	48	11.04
