bj	14	62	7.06
bj	14	62	22.3
bj	14	62	8.65
bj	14	62	25.8
bj	14	62	6.12
bj	14	62	32.7
bj	14	62	27.3
bj	14	62	28.1
bj	14	62	8.11
bj	14	62	12.8
bj	14	62	13
bj	14	62	5.94
bj	14	62	9.91
bj	14	62	11.8
bj	14	62	11
bj	14	62	9.66
bj	14	62	7.65
bj	14	62	17.7
bj	14	62	4.49
bj	14	62	4.8
bj	14	62	8.8
bj	14	62	12
bj	14	62	52.2
bj	14	62	2.84
bj	14	62	5.95
bj	14	62	7.48
bj	14	62	10
bj	14	62	12
bj	14	62	25.6
bj	14	62	7.39
bj	14	62	5.67
bj	14	62	3.19
bj	14	62	10.5
bj	14	62	12.9
bj	14	62	5.42
bj	14	62	5.1
bj	14	62	18.1
bj	14	62	16.6
bj	14	62	5.17
bj	14	62	6.98
bj	14	62	8.85
bj	14	62	4.4
bj	14	62	6.77
bj	14	62	6.03
bj	14	62	7.55
bj	14	62	17.7
bj	14	62	4.13
bj	14	62	2.7
bj	14	62	12.6
bj	14	62	12.9
bj	14	62	12.3
bj	14	62	16.6
bj	14	62	6.14
bj	14	62	2.96
bj	14	62	10.2
bj	14	62	7.57
bj	14	62	3.09
bj	14	62	5.06
bj	14	62	10.4
bj	14	62	21
bj	14	62	6.21
bj	14	62	18.3
bj	14	62	4.81
bj	14	62	9.41
bj	14	62	2.9
bj	14	62	8.02
bj	14	62	10.2
bj	14	62	26.1
bj	14	62	12.2
bj	14	62	16.2
bj	14	62	16.3
bj	14	62	10.1
bj	14	62	89.3
bj	14	62	49.1
bj	14	62	19.2
bj	14	62	8.6
bj	14	62	6.53
bj	14	62	2.19
bj	14	62	5.86
bj	14	62	5.38
bj	14	62	8.97
bj	14	62	52.4
bj	14	62	13.4
bj	14	62	26.1
bj	14	62	2.63
bj	14	62	8.75
bj	14	62	15.8
bj	14	62	24.8
bj	14	62	10
bj	14	62	6.46
bj	14	62	8.46
bj	14	62	8.16
bj	14	62	11.4
bj	14	62	10.2
bj	14	62	10
bj	14	62	16.2
bj	14	62	4.18
bj	14	62	10.5
bj	14	62	10.2
bj	14	62	37.9
