bhkk	14	80	20.7567
bhkk	14	80	20.7633
bhkk	14	80	20.76
bhkk	14	80	20.7667
bhkk	14	80	20.7533
bhkk	14	80	20.76
bhkk	14	80	20.7633
bhkk	14	80	20.76
bhkk	14	80	20.7633
bhkk	14	80	20.7667
bhkk	14	80	20.7633
bhkk	14	80	20.7567
bhkk	14	80	20.7667
bhkk	14	80	20.76
bhkk	14	80	20.7667
bhkk	14	80	20.7667
bhkk	14	80	20.7667
bhkk	14	80	20.7833
bhkk	14	80	20.76
bhkk	14	80	20.7667
bhkk	14	80	20.7667
bhkk	14	80	20.76
bhkk	14	80	20.76
bhkk	14	80	20.76
bhkk	14	80	20.76
bhkk	14	80	20.7633
bhkk	14	80	20.76
bhkk	14	80	20.7633
bhkk	14	80	20.7633
bhkk	14	80	20.7633
bhkk	14	80	20.7733
bhkk	14	80	20.7667
bhkk	14	80	20.7633
bhkk	14	80	20.76
bhkk	14	80	20.76
bhkk	14	80	20.76
bhkk	14	80	20.76
bhkk	14	80	20.7733
bhkk	14	80	20.7667
bhkk	14	80	20.7567
bhkk	14	80	20.76
bhkk	14	80	20.76
bhkk	14	80	20.7633
bhkk	14	80	20.76
bhkk	14	80	20.7533
bhkk	14	80	20.7667
bhkk	14	80	20.7633
bhkk	14	80	20.7633
bhkk	14	80	20.76
bhkk	14	80	20.76
bhkk	14	80	20.7633
bhkk	14	80	20.77
bhkk	14	80	20.7567
bhkk	14	80	20.76
bhkk	14	80	20.76
bhkk	14	80	20.76
bhkk	14	80	20.7567
bhkk	14	80	20.7567
bhkk	14	80	20.7567
bhkk	14	80	20.76
bhkk	14	80	20.7633
bhkk	14	80	20.76
bhkk	14	80	20.7567
bhkk	14	80	20.75
bhkk	14	80	20.76
bhkk	14	80	20.76
bhkk	14	80	20.7733
bhkk	14	80	20.7633
bhkk	14	80	20.7633
bhkk	14	80	20.7533
bhkk	14	80	20.77
bhkk	14	80	20.76
bhkk	14	80	20.7667
bhkk	14	80	20.7633
bhkk	14	80	20.77
bhkk	14	80	20.76
bhkk	14	80	20.7567
bhkk	14	80	20.7567
bhkk	14	80	20.7667
bhkk	14	80	20.7567
bhkk	14	80	20.7633
bhkk	14	80	20.7567
bhkk	14	80	20.7567
bhkk	14	80	20.7633
bhkk	14	80	20.7667
bhkk	14	80	20.76
bhkk	14	80	20.7633
bhkk	14	80	20.76
bhkk	14	80	20.76
bhkk	14	80	20.7567
bhkk	14	80	20.7633
bhkk	14	80	20.7633
bhkk	14	80	20.7633
bhkk	14	80	20.7633
bhkk	14	80	20.7633
bhkk	14	80	20.7633
bhkk	14	80	20.7633
bhkk	14	80	20.7633
bhkk	14	80	20.76
bhkk	14	80	20.76
