bj	14	46	0.597
bj	14	46	1.02
bj	14	46	0.72
bj	14	46	0.647
bj	14	46	0.7
bj	14	46	1.8
bj	14	46	0.53
bj	14	46	1.22
bj	14	46	1.42
bj	14	46	0.48
bj	14	46	0.613
bj	14	46	0.43
bj	14	46	0.51
bj	14	46	0.65
bj	14	46	0.827
bj	14	46	1.02
bj	14	46	0.15
bj	14	46	0.2
bj	14	46	0.78
bj	14	46	1.28
bj	14	46	0.723
bj	14	46	0.537
bj	14	46	0.473
bj	14	46	0.373
bj	14	46	0.44
bj	14	46	1.04
bj	14	46	0.5
bj	14	46	1.09
bj	14	46	0.503
bj	14	46	0.397
bj	14	46	1.23
bj	14	46	2.16
bj	14	46	0.52
bj	14	46	0.6
bj	14	46	0.593
bj	14	46	1.81
bj	14	46	1.34
bj	14	46	1.25
bj	14	46	0.433
bj	14	46	2.26
bj	14	46	0.313
bj	14	46	0.623
bj	14	46	0.44
bj	14	46	1.73
bj	14	46	2.24
bj	14	46	0.58
bj	14	46	0.527
bj	14	46	0.707
bj	14	46	0.293
bj	14	46	0.617
bj	14	46	0.43
bj	14	46	0.723
bj	14	46	2.3
bj	14	46	1.06
bj	14	46	2.85
bj	14	46	0.823
bj	14	46	0.683
bj	14	46	3.07
bj	14	46	1.41
bj	14	46	0.433
bj	14	46	0.563
bj	14	46	0.743
bj	14	46	0.337
bj	14	46	0.96
bj	14	46	0.61
bj	14	46	0.313
bj	14	46	0.46
bj	14	46	0.58
bj	14	46	0.95
bj	14	46	0.62
bj	14	46	0.893
bj	14	46	3.27
bj	14	46	0.83
bj	14	46	0.383
bj	14	46	0.443
bj	14	46	0.64
bj	14	46	0.213
bj	14	46	0.16
bj	14	46	0.71
bj	14	46	0.593
bj	14	46	0.237
bj	14	46	0.7
bj	14	46	0.18
bj	14	46	0.21
bj	14	46	1.01
bj	14	46	0.847
bj	14	46	0.407
bj	14	46	0.763
bj	14	46	0.457
bj	14	46	1.9
bj	14	46	0.373
bj	14	46	0.497
bj	14	46	1.54
bj	14	46	0.44
bj	14	46	0.647
bj	14	46	0.4
bj	14	46	0.37
bj	14	46	1.45
bj	14	46	0.227
bj	14	46	0.993
