bj	14	30	0.02
bj	14	30	0.01
bj	14	30	0.0333
bj	14	30	0.0133
bj	14	30	0.0233
bj	14	30	0.0167
bj	14	30	0.0167
bj	14	30	0.03
bj	14	30	0.0233
bj	14	30	0.0167
bj	14	30	0.0233
bj	14	30	0.0233
bj	14	30	0.01
bj	14	30	0.0233
bj	14	30	0.0733
bj	13	30	0.0133
bj	14	30	0.0267
bj	14	30	0.02
bj	14	30	0.0167
bj	14	30	0.0267
bj	14	30	0.01
bj	14	30	0.0133
bj	14	30	0.0133
bj	14	30	0.02
bj	14	30	0.0167
bj	14	30	0.0133
bj	14	30	0.0167
bj	14	30	0.05
bj	14	30	0.01
bj	14	30	0.0167
bj	14	30	0.0133
bj	14	30	0.0133
bj	14	30	0.02
bj	14	30	0.00667
bj	14	30	0.0233
bj	14	30	0.0133
bj	14	30	0.0233
bj	14	30	0.02
bj	14	30	0.0233
bj	14	30	0.0233
bj	14	30	0.02
bj	14	30	0.01
bj	14	30	0.02
bj	14	30	0.0233
bj	14	30	0.02
bj	14	30	0.00667
bj	14	30	0.0333
bj	14	30	0.02
bj	14	30	0.0133
bj	14	30	0.01
bj	14	30	0.0233
bj	14	30	0.00667
bj	13	30	0.0267
bj	14	30	0.0333
bj	14	30	0.01
bj	14	30	0.0133
bj	14	30	0.01
bj	14	30	0.01
bj	14	30	0.02
bj	14	30	0.0433
bj	14	30	0.03
bj	14	30	0.0133
bj	14	30	0.0233
bj	14	30	0.0133
bj	14	30	0.0167
bj	14	30	0.0433
bj	14	30	0.02
bj	14	30	0.0233
bj	14	30	0.01
bj	14	30	0.0133
bj	14	30	0.0333
bj	14	30	0.01
bj	14	30	0.0133
bj	14	30	0.0233
bj	14	30	0.05
bj	14	30	0.0233
bj	14	30	0.0267
bj	14	30	0.0133
bj	14	30	0.0267
bj	14	30	0.0133
bj	14	30	0.05
bj	14	30	0.01
bj	14	30	0.0133
bj	14	30	0.0167
bj	14	30	0.0167
bj	13	30	0.0167
bj	14	30	0.02
bj	14	30	0.07
bj	14	30	0.00667
bj	14	30	0.00667
bj	14	30	0.0233
bj	14	30	0.0133
bj	14	30	0.0333
bj	14	30	0.00667
bj	14	30	0.0167
bj	14	30	0.0233
bj	14	30	0.0267
bj	14	30	0.02
bj	14	30	0.0367
bj	14	30	0.01
