bhkk	14	36	4.01
bhkk	14	36	4.00667
bhkk	14	36	4.01
bhkk	14	36	4.01
bhkk	14	36	4.01
bhkk	14	36	4.00667
bhkk	14	36	4.01
bhkk	14	36	4.01
bhkk	14	36	4.00667
bhkk	14	36	4.01
bhkk	14	36	4.01
bhkk	14	36	4.01
bhkk	14	36	4.00667
bhkk	14	36	4.01
bhkk	14	36	4.01
bhkk	14	36	4.00667
bhkk	14	36	4.00667
bhkk	14	36	4.00333
bhkk	14	36	4.01
bhkk	14	36	4.01
bhkk	14	36	4.01333
bhkk	14	36	4.00667
bhkk	14	36	4.01
bhkk	14	36	4.00667
bhkk	14	36	4.01
bhkk	14	36	4.01
bhkk	14	36	4.00667
bhkk	14	36	4.01
bhkk	14	36	4.01
bhkk	14	36	4.01
bhkk	14	36	4.00667
bhkk	14	36	4.01
bhkk	14	36	4.01
bhkk	14	36	4.01
bhkk	14	36	4.01
bhkk	14	36	4.01333
bhkk	14	36	4.01
bhkk	14	36	4.01
bhkk	14	36	4.01
bhkk	14	36	4.01
bhkk	14	36	4.01
bhkk	14	36	4.01
bhkk	14	36	4.00667
bhkk	14	36	4.01333
bhkk	14	36	4.00333
bhkk	14	36	4.01
bhkk	14	36	4.01
bhkk	14	36	4.00333
bhkk	14	36	4.01333
bhkk	14	36	4.00667
bhkk	14	36	4.01
bhkk	14	36	4.01
bhkk	14	36	4.01
bhkk	14	36	4.00667
bhkk	14	36	4.01
bhkk	14	36	4.01
bhkk	14	36	4.01333
bhkk	14	36	4.00667
bhkk	14	36	4.00333
bhkk	14	36	4.01
bhkk	14	36	4.00333
bhkk	14	36	4.00667
bhkk	14	36	4.01
bhkk	14	36	4.01
bhkk	14	36	4.00333
bhkk	14	36	4.01
bhkk	14	36	4.01
bhkk	14	36	4.01
bhkk	14	36	4.00667
bhkk	14	36	4.01
bhkk	14	36	4.01333
bhkk	14	36	4.00667
bhkk	14	36	4.00667
bhkk	14	36	4.01
bhkk	14	36	4.01
bhkk	14	36	4.00667
bhkk	14	36	4.01
bhkk	14	36	4.01
bhkk	14	36	4.01
bhkk	14	36	4.01
bhkk	14	36	4.00667
bhkk	14	36	4.01
bhkk	14	36	4.01
bhkk	14	36	4.01333
bhkk	14	36	4.01
bhkk	14	36	4.00667
bhkk	14	36	4.01
bhkk	14	36	4.01
bhkk	14	36	4.01
bhkk	14	36	4.01
bhkk	14	36	4.01
bhkk	14	36	4.00667
bhkk	14	36	4.01
bhkk	14	36	4.01
bhkk	14	36	4.01
bhkk	14	36	4.00667
bhkk	14	36	4.00667
bhkk	14	36	4.01
bhkk	14	36	4.01
bhkk	14	36	4.01
