bj	14	42	0.223
bj	14	42	0.307
bj	14	42	0.247
bj	14	42	0.36
bj	14	42	0.513
bj	14	42	0.44
bj	14	42	0.287
bj	14	42	0.227
bj	14	42	0.213
bj	14	42	0.117
bj	14	42	0.137
bj	13	42	0.107
bj	14	42	0.38
bj	14	42	0.157
bj	14	42	0.213
bj	14	42	0.37
bj	14	42	0.347
bj	14	42	0.393
bj	14	42	0.33
bj	14	42	0.393
bj	14	42	0.28
bj	14	42	0.293
bj	14	42	0.157
bj	14	42	0.31
bj	14	42	0.6
bj	14	42	0.183
bj	14	42	0.477
bj	14	42	0.67
bj	14	42	0.47
bj	14	42	0.353
bj	14	42	0.17
bj	14	42	0.21
bj	14	42	0.663
bj	14	42	0.5
bj	14	42	0.38
bj	14	42	0.167
bj	14	42	0.207
bj	14	42	0.333
bj	14	42	0.333
bj	14	42	0.0967
bj	14	42	0.307
bj	14	42	0.213
bj	14	42	0.53
bj	14	42	0.21
bj	14	42	0.373
bj	14	42	0.217
bj	14	42	0.0933
bj	14	42	0.387
bj	14	42	0.117
bj	14	42	0.123
bj	14	42	0.377
bj	14	42	0.243
bj	14	42	0.36
bj	14	42	0.453
bj	14	42	1.54
bj	14	42	0.453
bj	14	42	0.167
bj	14	42	0.173
bj	14	42	0.11
bj	14	42	0.443
bj	14	42	0.703
bj	14	42	0.243
bj	14	42	0.687
bj	14	42	0.133
bj	14	42	0.443
bj	14	42	0.347
bj	14	42	0.863
bj	14	42	0.28
bj	14	42	0.527
bj	14	42	0.387
bj	14	42	0.38
bj	14	42	0.18
bj	14	42	0.41
bj	14	42	0.327
bj	14	42	0.34
bj	14	42	1.88
bj	14	42	0.12
bj	14	42	0.217
bj	14	42	0.163
bj	14	42	0.51
bj	14	42	0.267
bj	14	42	0.157
bj	14	42	0.173
bj	14	42	0.897
bj	14	42	0.863
bj	14	42	0.307
bj	14	42	0.413
bj	14	42	0.167
bj	14	42	0.797
bj	14	42	0.443
bj	14	42	1.06
bj	14	42	0.223
bj	14	42	0.243
bj	14	42	0.19
bj	14	42	0.2
bj	14	42	0.14
bj	14	42	0.627
bj	14	42	0.14
bj	14	42	0.25
bj	14	42	0.33
