bhkk	14	70	17.73
bhkk	14	70	17.7267
bhkk	14	70	17.7233
bhkk	14	70	17.7267
bhkk	14	70	17.7167
bhkk	14	70	17.72
bhkk	14	70	17.72
bhkk	14	70	17.7233
bhkk	14	70	17.7267
bhkk	14	70	17.7167
bhkk	14	70	17.7167
bhkk	14	70	17.72
bhkk	14	70	17.72
bhkk	14	70	17.72
bhkk	14	70	17.72
bhkk	14	70	17.73
bhkk	14	70	17.72
bhkk	14	70	17.7233
bhkk	14	70	17.7233
bhkk	14	70	17.7233
bhkk	14	70	17.7233
bhkk	14	70	17.72
bhkk	14	70	17.72
bhkk	14	70	17.72
bhkk	14	70	17.7233
bhkk	14	70	17.72
bhkk	14	70	17.7233
bhkk	14	70	17.7233
bhkk	14	70	17.7167
bhkk	14	70	17.73
bhkk	14	70	17.7267
bhkk	14	70	17.72
bhkk	14	70	17.72
bhkk	14	70	17.7233
bhkk	14	70	17.7267
bhkk	14	70	17.72
bhkk	14	70	17.72
bhkk	14	70	17.7233
bhkk	14	70	17.72
bhkk	14	70	17.73
bhkk	14	70	17.7233
bhkk	14	70	17.72
bhkk	14	70	17.7267
bhkk	14	70	17.7267
bhkk	14	70	17.72
bhkk	14	70	17.7233
bhkk	14	70	17.7233
bhkk	14	70	17.72
bhkk	14	70	17.72
bhkk	14	70	17.72
bhkk	14	70	17.7233
bhkk	14	70	17.7233
bhkk	14	70	17.72
bhkk	14	70	17.7233
bhkk	14	70	17.7267
bhkk	14	70	17.7233
bhkk	14	70	17.7233
bhkk	14	70	17.73
bhkk	14	70	17.72
bhkk	14	70	17.7233
bhkk	14	70	17.7167
bhkk	14	70	17.72
bhkk	14	70	17.7233
bhkk	14	70	17.7167
bhkk	14	70	17.7233
bhkk	14	70	17.7233
bhkk	14	70	17.7233
bhkk	14	70	17.72
bhkk	14	70	17.7233
bhkk	14	70	17.7133
bhkk	14	70	17.7233
bhkk	14	70	17.72
bhkk	14	70	17.7233
bhkk	14	70	17.7233
bhkk	14	70	17.73
bhkk	14	70	17.72
bhkk	14	70	17.7167
bhkk	14	70	17.7233
bhkk	14	70	17.7233
bhkk	14	70	17.7233
bhkk	14	70	17.7167
bhkk	14	70	17.72
bhkk	14	70	17.7267
bhkk	14	70	17.7267
bhkk	14	70	17.7233
bhkk	14	70	17.7133
bhkk	14	70	17.7267
bhkk	14	70	17.7167
bhkk	14	70	17.7233
bhkk	14	70	17.7267
bhkk	14	70	17.7233
bhkk	14	70	17.7233
bhkk	14	70	17.72
bhkk	14	70	17.72
bhkk	14	70	17.7467
bhkk	14	70	17.7233
bhkk	14	70	17.7233
bhkk	14	70	17.7333
bhkk	14	70	17.72
bhkk	14	70	17.7167
