bhkk	14	54	12.8567
bhkk	14	54	12.8633
bhkk	14	54	12.86
bhkk	14	54	12.8667
bhkk	14	54	12.86
bhkk	14	54	12.8633
bhkk	14	54	12.8633
bhkk	14	54	12.86
bhkk	14	54	12.8633
bhkk	14	54	12.8633
bhkk	14	54	12.8633
bhkk	14	54	12.8667
bhkk	14	54	12.8667
bhkk	14	54	12.8633
bhkk	14	54	12.86
bhkk	14	54	12.8633
bhkk	14	54	12.8633
bhkk	14	54	12.8633
bhkk	14	54	12.8667
bhkk	14	54	12.86
bhkk	14	54	12.8633
bhkk	14	54	12.8633
bhkk	14	54	12.8633
bhkk	14	54	12.86
bhkk	14	54	12.8633
bhkk	14	54	12.8567
bhkk	14	54	12.8667
bhkk	14	54	12.8667
bhkk	14	54	12.8567
bhkk	14	54	12.8567
bhkk	14	54	12.8667
bhkk	14	54	12.8667
bhkk	14	54	12.86
bhkk	14	54	12.8633
bhkk	14	54	12.8667
bhkk	14	54	12.8567
bhkk	14	54	12.8633
bhkk	14	54	12.8633
bhkk	14	54	12.8633
bhkk	14	54	12.8633
bhkk	14	54	12.8667
bhkk	14	54	12.8667
bhkk	14	54	12.8667
bhkk	14	54	12.8667
bhkk	14	54	12.8633
bhkk	14	54	12.8633
bhkk	14	54	12.8633
bhkk	14	54	12.8633
bhkk	14	54	12.8633
bhkk	14	54	12.8667
bhkk	14	54	12.8667
bhkk	14	54	12.8633
bhkk	14	54	12.86
bhkk	14	54	12.86
bhkk	14	54	12.8633
bhkk	14	54	12.86
bhkk	14	54	12.8633
bhkk	14	54	12.8633
bhkk	14	54	12.8667
bhkk	14	54	12.8633
bhkk	14	54	12.8633
bhkk	14	54	12.8667
bhkk	14	54	12.8633
bhkk	14	54	12.8667
bhkk	14	54	12.8667
bhkk	14	54	12.8567
bhkk	14	54	12.86
bhkk	14	54	12.86
bhkk	14	54	12.8633
bhkk	14	54	12.8667
bhkk	14	54	12.8667
bhkk	14	54	12.8633
bhkk	14	54	12.8633
bhkk	14	54	12.8567
bhkk	14	54	12.8667
bhkk	14	54	12.8633
bhkk	14	54	12.8633
bhkk	14	54	12.8667
bhkk	14	54	12.8567
bhkk	14	54	12.8667
bhkk	14	54	12.86
bhkk	14	54	12.8567
bhkk	14	54	12.8633
bhkk	14	54	12.8633
bhkk	14	54	12.8667
bhkk	14	54	12.8667
bhkk	14	54	12.8633
bhkk	14	54	12.8667
bhkk	14	54	12.86
bhkk	14	54	12.86
bhkk	14	54	12.8633
bhkk	14	54	12.8633
bhkk	14	54	12.8633
bhkk	14	54	12.8667
bhkk	14	54	12.86
bhkk	14	54	12.8633
bhkk	14	54	12.8633
bhkk	14	54	12.8633
bhkk	14	54	12.8633
bhkk	14	54	12.8633
