bj	14	64	29.6
bj	14	64	35.6
bj	14	64	8.3
bj	14	64	28.3
bj	14	64	22.7
bj	14	64	19.9
bj	14	64	14.2
bj	14	64	23.4
bj	14	64	18
bj	14	64	3.68
bj	14	64	10.2
bj	14	64	23.5
bj	14	64	10.7
bj	14	64	6.62
bj	14	64	9.87
bj	14	64	17.7
bj	14	64	11.6
bj	14	64	9.22
bj	14	64	12.3
bj	14	64	17.2
bj	14	64	8.75
bj	14	64	15.9
bj	14	64	20
bj	14	64	6.32
bj	14	64	24.8
bj	14	64	34.3
bj	14	64	11.9
bj	14	64	12.2
bj	14	64	18
bj	14	64	17.7
bj	14	64	5.78
bj	14	64	21.5
bj	14	64	27.4
bj	14	64	14.6
bj	14	64	7.99
bj	14	64	9.95
bj	14	64	17.7
bj	14	64	10.7
bj	14	64	8.39
bj	14	64	13
bj	14	64	8.52
bj	14	64	6.6
bj	14	64	10.6
bj	14	64	45
bj	14	64	15.4
bj	14	64	10.5
bj	14	64	10.6
bj	14	64	23.7
bj	14	64	5.6
bj	14	64	11.8
bj	14	64	22.7
bj	14	64	12.5
bj	14	64	13.1
bj	14	64	8.59
bj	14	64	9.33
bj	14	64	4.09
bj	14	64	17.7
bj	14	64	18.8
bj	14	64	12.6
bj	14	64	27.6
bj	14	64	21.6
bj	14	64	8.77
bj	14	64	8.65
bj	14	64	4.41
bj	14	64	8.88
bj	14	64	19.2
bj	14	64	11.6
bj	14	64	10.3
bj	14	64	15
bj	14	64	6.15
bj	14	64	56.4
bj	14	64	32.6
bj	14	64	14.1
bj	14	64	13.4
bj	14	64	10.6
bj	14	64	21.2
bj	14	64	7.15
bj	14	64	5.46
bj	14	64	11.7
bj	14	64	15.1
bj	14	64	11.1
bj	14	64	7.29
bj	14	64	10.5
bj	14	64	17.5
bj	14	64	28.8
bj	14	64	10.5
bj	14	64	13.1
bj	14	64	26.8
bj	14	64	13.7
bj	14	64	14.1
bj	14	64	11
bj	14	64	44.4
bj	14	64	7.93
bj	14	64	7.08
bj	14	64	31.6
bj	14	64	9.65
bj	14	64	10
bj	14	64	7.44
bj	14	64	15.5
bj	14	64	7.32
