hpr	16	50	10.8
hpr	16	50	3.92
hpr	16	50	12.4
hpr	16	50	6.79
hpr	16	50	7.39
hpr	16	50	2.85
hpr	16	50	6.65
hpr	16	50	12.6
hpr	16	50	8.65
hpr	16	50	10.5
hpr	16	50	7.19
hpr	16	50	9.81
hpr	16	50	7
hpr	16	50	8.31
hpr	16	50	7.09
hpr	16	50	6.11
hpr	16	50	5.66
hpr	16	50	4.36
hpr	16	50	9.45
hpr	16	50	9.06
hpr	16	50	5.85
hpr	16	50	8.06
hpr	16	50	7.23
hpr	16	50	10.1
hpr	16	50	5.49
hpr	16	50	5.04
hpr	16	50	6.95
hpr	16	50	9.78
hpr	16	50	5.9
hpr	16	50	8.57
hpr	16	50	8.72
hpr	16	50	4.53
hpr	16	50	7.3
hpr	16	50	5.66
hpr	16	50	6.75
hpr	16	50	12.2
hpr	16	50	4.17
hpr	16	50	3.59
hpr	16	50	4.59
hpr	16	50	10.4
hpr	16	50	6.13
hpr	16	50	8.17
hpr	16	50	8.61
hpr	16	50	9.76
hpr	16	50	6.51
hpr	16	50	4.32
hpr	16	50	8.1
hpr	16	50	2.44
hpr	16	50	10.3
hpr	16	50	5.68
