hpr	16	56	17.2
hpr	16	56	13.3
hpr	16	56	16.7
hpr	16	56	19
hpr	16	56	16.5
hpr	16	56	8.3
hpr	16	56	17
hpr	16	56	22.1
hpr	16	56	21.2
hpr	16	56	11.2
hpr	16	56	13.4
hpr	16	56	13.4
hpr	16	56	15.1
hpr	16	56	14.9
hpr	16	56	18.4
hpr	16	56	8.62
hpr	16	56	20.5
hpr	16	56	10.6
hpr	16	56	23.8
hpr	16	56	11.2
hpr	16	56	14.9
hpr	16	56	15.8
hpr	16	56	15.5
hpr	16	56	18.6
hpr	16	56	16.1
hpr	16	56	9.71
hpr	16	56	14.9
hpr	16	56	15
hpr	16	56	14.1
hpr	16	56	11.9
hpr	16	56	13.3
hpr	16	56	13.6
hpr	16	56	14.7
hpr	16	56	17.3
hpr	16	56	11.1
hpr	16	56	13.8
hpr	16	56	8.99
hpr	16	56	9.38
hpr	16	56	23.4
hpr	16	56	17.8
hpr	16	56	21.5
hpr	16	56	15
hpr	16	56	12.9
hpr	16	56	17.3
hpr	16	56	15.3
hpr	16	56	18.6
hpr	16	56	23.7
hpr	16	56	13.5
hpr	16	56	10.7
hpr	16	56	22.8
