bhkk	16	46	57.0633
bhkk	16	46	57.0533
bhkk	16	46	57.0733
bhkk	16	46	57.0467
bhkk	16	46	57.0567
bhkk	16	46	57.07
bhkk	16	46	57.0467
bhkk	16	46	57.05
bhkk	16	46	57.0633
bhkk	16	46	57.0567
bhkk	16	46	57.06
bhkk	16	46	57.05
bhkk	16	46	57.0567
bhkk	16	46	57.0633
bhkk	16	46	57.0667
bhkk	16	46	57.0667
bhkk	16	46	57.0633
bhkk	16	46	57.05
bhkk	16	46	57.0667
bhkk	16	46	57.04
bhkk	16	46	57.0433
bhkk	16	46	28.55
bhkk	16	46	57.0633
bhkk	16	46	57.0567
bhkk	16	46	57.0767
bhkk	16	46	57.06
bhkk	16	46	57.07
bhkk	16	46	57.0633
bhkk	16	46	57.06
bhkk	16	46	57.0533
bhkk	16	46	57.0533
bhkk	16	46	28.5333
bhkk	15	46	24.5367
bhkk	16	46	57.0567
bhkk	16	46	57.07
bhkk	16	46	57.0633
bhkk	16	46	28.54
bhkk	16	46	57.0733
bhkk	16	46	57.0733
bhkk	16	46	57.0667
bhkk	16	46	57.0767
bhkk	16	46	57.0667
bhkk	16	46	57.0767
bhkk	16	46	57.05
bhkk	16	46	57.0667
bhkk	16	46	57.0567
bhkk	16	46	57.0733
bhkk	16	46	57.07
bhkk	16	46	57.0433
bhkk	16	46	57.0567
