hpr	16	68	84.5
hpr	16	68	63
hpr	16	68	57.3
hpr	16	68	60.5
hpr	16	68	45.7
hpr	16	68	72
hpr	16	68	44.7
hpr	16	68	62.3
hpr	16	68	65
hpr	16	68	42.7
hpr	16	68	56.9
hpr	16	68	74.7
hpr	16	68	85.5
hpr	16	68	80.9
hpr	16	68	57.5
hpr	16	68	81.1
hpr	16	68	84.4
hpr	16	68	88.4
hpr	16	68	63.3
hpr	16	68	77.9
hpr	16	68	70.6
hpr	16	68	65.4
hpr	16	68	30.6
hpr	16	68	63.9
hpr	16	68	85.7
hpr	16	68	48.7
hpr	16	68	70.9
hpr	16	68	70.6
hpr	16	68	78.8
hpr	16	68	80.1
hpr	16	68	96.1
hpr	16	68	82.9
hpr	16	68	62.3
hpr	16	68	66
hpr	16	68	76.3
hpr	16	68	60.8
hpr	16	68	69.9
hpr	16	68	69.6
hpr	16	68	53.4
hpr	16	68	84.4
hpr	16	68	85.8
hpr	16	68	72.7
hpr	16	68	53.9
hpr	16	68	49.7
hpr	16	68	82.7
hpr	16	68	70.6
hpr	16	68	80.6
hpr	16	68	45.8
hpr	16	68	58.3
hpr	16	68	50.7
