bj	16	52	1.98
bj	16	52	2.99
bj	16	52	6.67
bj	16	52	3.57
bj	16	52	4.11
bj	16	52	2.7
bj	16	52	2.69
bj	16	52	1.79
bj	16	52	2.86
bj	16	52	3.84
bj	16	52	1.58
bj	16	52	2.75
bj	16	52	4.85
bj	16	52	4.09
bj	16	52	1.11
bj	16	52	3.22
bj	16	52	1.72
bj	16	52	9.1
bj	16	52	1.47
bj	16	52	0.817
bj	16	52	1.12
bj	16	52	3.11
bj	16	52	6.26
bj	16	52	2.09
bj	16	52	1.54
bj	16	52	0.923
bj	16	52	2.01
bj	16	52	3.44
bj	16	52	5.94
bj	16	52	3.07
bj	16	52	1.45
bj	16	52	3.51
bj	16	52	2.77
bj	16	52	0.63
bj	16	52	5.64
bj	16	52	2.99
bj	16	52	1.45
bj	16	52	1.46
bj	16	52	1.12
bj	16	52	2.65
bj	16	52	5.6
bj	16	52	1.62
bj	16	52	11.6
bj	16	52	7.65
bj	16	52	3.18
bj	16	52	2.6
bj	16	52	2.48
bj	16	52	4.58
bj	16	52	17.8
bj	16	52	3.39
