hpr	16	24	0.00667
hpr	14	24	0.01
hpr	15	24	0.00333
hpr	15	24	0.0167
hpr	16	24	0.00667
hpr	15	24	0.00333
hpr	16	24	0.00333
hpr	16	24	0.00333
hpr	16	24	0.00333
hpr	16	24	0.00333
hpr	15	24	0.00333
hpr	15	24	0.0133
hpr	16	24	0.01
hpr	16	24	0.00333
hpr	16	24	0.00333
hpr	15	24	0
hpr	16	24	0.00333
hpr	15	24	0.00333
hpr	15	24	0.00667
hpr	16	24	0.00667
hpr	16	24	0.00333
hpr	16	24	0.00333
hpr	16	24	0.00667
hpr	16	24	0.00333
hpr	16	24	0.00667
hpr	14	24	0.0133
hpr	16	24	0.00667
hpr	15	24	0.00333
hpr	16	24	0.00333
hpr	16	24	0.0133
hpr	15	24	0.00667
hpr	16	24	0.00333
hpr	16	24	0.00333
hpr	16	24	0.00333
hpr	15	24	0.00333
hpr	15	24	0.00667
hpr	16	24	0.00333
hpr	15	24	0
hpr	14	24	0.0133
hpr	16	24	0.00333
hpr	16	24	0.00333
hpr	15	24	0.00667
hpr	16	24	0.00667
hpr	15	24	0
hpr	16	24	0.00333
hpr	16	24	0.00333
hpr	14	24	0.00333
hpr	16	24	0.00333
hpr	15	24	0.00333
hpr	16	24	0.00333
