bj	16	40	0.373
bj	16	40	0.0733
bj	16	40	0.177
bj	16	40	0.18
bj	16	40	0.187
bj	16	40	0.0567
bj	16	40	0.233
bj	16	40	0.38
bj	16	40	0.337
bj	16	40	0.62
bj	16	40	0.34
bj	16	40	0.0967
bj	16	40	1.1
bj	16	40	0.237
bj	16	40	1.28
bj	16	40	0.25
bj	16	40	0.203
bj	16	40	1.36
bj	16	40	0.59
bj	16	40	0.25
bj	16	40	0.3
bj	16	40	0.197
bj	16	40	0.283
bj	16	40	0.0433
bj	16	40	0.277
bj	16	40	0.117
bj	16	40	0.967
bj	16	40	0.167
bj	16	40	0.19
bj	16	40	0.487
bj	16	40	0.28
bj	16	40	0.783
bj	16	40	0.347
bj	16	40	0.307
bj	16	40	1.04
bj	16	40	0.137
bj	16	40	0.197
bj	16	40	0.233
bj	16	40	0.07
bj	16	40	0.38
bj	16	40	0.253
bj	16	40	0.21
bj	16	40	0.133
bj	16	40	0.123
bj	16	40	0.603
bj	16	40	0.193
bj	16	40	0.233
bj	16	40	0.213
bj	16	40	0.05
bj	16	40	0.113
