bj	16	60	5.44
bj	16	60	28.6
bj	16	60	58.9
bj	16	60	6.56
bj	16	60	7.37
bj	16	60	timeout
bj	16	60	6.35
bj	16	60	30
bj	16	60	18.7
bj	16	60	6.69
bj	16	60	2.63
bj	16	60	48.3
bj	16	60	10.9
bj	16	60	10.3
bj	16	60	8.15
bj	16	60	34.5
bj	16	60	39.1
bj	16	60	79.1
bj	16	60	19.5
bj	16	60	8.61
bj	16	60	73.1
bj	16	60	22.8
bj	16	60	9.31
bj	16	60	34.2
bj	16	60	36.9
bj	16	60	16.1
bj	16	60	32.7
bj	16	60	12.6
bj	16	60	15.6
bj	16	60	6.68
bj	16	60	26.7
bj	16	60	9.52
bj	16	60	48.8
bj	16	60	timeout
bj	16	60	17.9
bj	16	60	15.3
bj	16	60	21.3
bj	16	60	14.4
bj	16	60	28
bj	16	60	45.6
bj	16	60	31.1
bj	16	60	timeout
bj	16	60	9.16
bj	16	60	7.45
bj	16	60	27
bj	16	60	12.6
bj	16	60	7.89
bj	16	60	10.5
bj	16	60	26.6
bj	16	60	54.8
