hpr	16	54	18.9
hpr	16	54	9.87
hpr	16	54	19.4
hpr	16	54	22.6
hpr	16	54	14.5
hpr	16	54	16.4
hpr	16	54	13.3
hpr	16	54	23.5
hpr	16	54	9.64
hpr	16	54	16
hpr	16	54	14.8
hpr	16	54	12.1
hpr	16	54	16.8
hpr	16	54	9.19
hpr	16	54	16.2
hpr	16	54	7.64
hpr	16	54	14
hpr	16	54	21.4
hpr	16	54	11.7
hpr	16	54	16.3
hpr	16	54	19.8
hpr	16	54	16
hpr	16	54	17
hpr	16	54	8.41
hpr	16	54	15.2
hpr	16	54	10.5
hpr	16	54	10.3
hpr	16	54	7.43
hpr	16	54	16.1
hpr	16	54	10
hpr	16	54	12.6
hpr	16	54	15.3
hpr	16	54	10
hpr	16	54	9.1
hpr	16	54	12
hpr	16	54	7.92
hpr	16	54	11.6
hpr	16	54	19.5
hpr	16	54	16.4
hpr	16	54	13.6
hpr	16	54	11.3
hpr	16	54	10.7
hpr	16	54	20.8
hpr	16	54	14.5
hpr	16	54	14.1
hpr	16	54	19.1
hpr	16	54	8.83
hpr	16	54	7.12
hpr	16	54	10.8
hpr	16	54	6.38
