hpr	16	60	37.3
hpr	16	60	21.2
hpr	16	60	27.6
hpr	16	60	10.8
hpr	16	60	27.3
hpr	16	60	26.3
hpr	16	60	26
hpr	16	60	27
hpr	16	60	26.7
hpr	16	60	13.8
hpr	16	60	26.6
hpr	16	60	28.2
hpr	16	60	8.63
hpr	16	60	35
hpr	16	60	17
hpr	16	60	27
hpr	16	60	39.6
hpr	16	60	38.4
hpr	16	60	18.7
hpr	16	60	22.9
hpr	16	60	34
hpr	16	60	30.2
hpr	16	60	30.5
hpr	16	60	23.1
hpr	16	60	28.5
hpr	16	60	25.9
hpr	16	60	26.8
hpr	16	60	26.7
hpr	16	60	33.4
hpr	16	60	25.6
hpr	16	60	28.2
hpr	16	60	28.6
hpr	16	60	31.8
hpr	16	60	37.5
hpr	16	60	16.9
hpr	16	60	21.2
hpr	16	60	20
hpr	16	60	29.6
hpr	16	60	23.6
hpr	16	60	32.4
hpr	16	60	25.4
hpr	16	60	38.4
hpr	16	60	26.8
hpr	16	60	20.2
hpr	16	60	35.5
hpr	16	60	32.1
hpr	16	60	19.5
hpr	16	60	18
hpr	16	60	33.8
hpr	16	60	36.7
