bj	16	62	timeout
bj	16	62	11.4
bj	16	62	75.6
bj	16	62	16.4
bj	16	62	28.1
bj	16	62	66.3
bj	16	62	56.3
bj	16	62	35.5
bj	16	62	46.7
bj	16	62	9.31
bj	16	62	21.3
bj	16	62	10.6
bj	16	62	76
bj	16	62	36.1
bj	16	62	44.4
bj	16	62	14.6
bj	16	62	76.7
bj	16	62	22.2
bj	16	62	22.7
bj	16	62	72.4
bj	16	62	12.3
bj	16	62	24.7
bj	16	62	49.5
bj	16	62	42.3
bj	16	62	64
bj	16	62	90.6
bj	16	62	timeout
bj	16	62	52.1
bj	16	62	48.3
bj	16	62	23.3
bj	16	62	26
bj	16	62	50.8
bj	16	62	36.1
bj	16	62	5.47
bj	16	62	timeout
bj	16	62	45.2
bj	16	62	97.8
bj	16	62	11.1
bj	16	62	20
bj	16	62	30.9
bj	16	62	27.3
bj	16	62	56.3
bj	16	62	38.6
bj	16	62	27.9
bj	16	62	timeout
bj	16	62	61.1
bj	16	62	11.7
bj	16	62	55.4
bj	16	62	31.4
bj	16	62	32.3
