hpr	16	116	23.8
hpr	16	116	27.5
hpr	16	116	22.9
hpr	16	116	29.1
hpr	16	116	29.3
hpr	16	116	32.8
hpr	16	116	27.2
hpr	16	116	17.8
hpr	16	116	41.2
hpr	16	116	23.2
hpr	16	116	29.7
hpr	16	116	15.6
hpr	16	116	32.5
hpr	16	116	25.2
hpr	16	116	19.8
hpr	16	116	29.1
hpr	16	116	32.3
hpr	16	116	27.5
hpr	16	116	27.9
hpr	16	116	19.1
hpr	16	116	22.3
hpr	16	116	36.9
hpr	16	116	35.5
hpr	16	116	31.9
hpr	16	116	21.3
hpr	16	116	28.9
hpr	16	116	30.2
hpr	16	116	27.1
hpr	16	116	32.7
hpr	16	116	24.9
hpr	16	116	34
hpr	16	116	26.2
hpr	16	116	29
hpr	16	116	39.9
hpr	16	116	35.7
hpr	16	116	34.3
hpr	16	116	21.3
hpr	16	116	23.8
hpr	16	116	45.3
hpr	16	116	40.6
hpr	16	116	28.5
hpr	16	116	24
hpr	16	116	27
hpr	16	116	26.9
hpr	16	116	22.8
hpr	16	116	27.4
hpr	16	116	21.4
hpr	16	116	40.4
hpr	16	116	35.4
hpr	16	116	31.4
