hpr	16	118	20.9
hpr	16	118	22.3
hpr	16	118	18.2
hpr	16	118	14.9
hpr	16	118	13.2
hpr	16	118	24.5
hpr	16	118	12.1
hpr	16	118	27.9
hpr	16	118	24
hpr	16	118	20.1
hpr	16	118	27.8
hpr	16	118	20
hpr	16	118	20.1
hpr	16	118	14.3
hpr	16	118	22.2
hpr	16	118	20.4
hpr	16	118	16
hpr	16	118	21.4
hpr	16	118	19.3
hpr	16	118	17
hpr	16	118	17.7
hpr	16	118	20.4
hpr	16	118	23.7
hpr	16	118	20.8
hpr	16	118	15
hpr	16	118	16.8
hpr	16	118	17.2
hpr	16	118	19.6
hpr	16	118	21.2
hpr	16	118	18.2
hpr	16	118	28.8
hpr	16	118	20.4
hpr	16	118	16.5
hpr	16	118	20.6
hpr	16	118	20.3
hpr	16	118	20.9
hpr	16	118	16.5
hpr	16	118	18.7
hpr	16	118	20.6
hpr	16	118	16.2
hpr	16	118	18.4
hpr	16	118	16.3
hpr	16	118	18.1
hpr	16	118	21.8
hpr	16	118	18.2
hpr	16	118	18
hpr	16	118	24.7
hpr	16	118	19.1
hpr	16	118	16.2
hpr	16	118	19.9
