bhkk	16	60	88.7167
bhkk	16	60	88.72
bhkk	16	60	88.7233
bhkk	16	60	88.7067
bhkk	16	60	88.7433
bhkk	16	60	88.7233
bhkk	16	60	88.7567
bhkk	16	60	88.7467
bhkk	16	60	88.7267
bhkk	16	60	88.7367
bhkk	16	60	88.7067
bhkk	16	60	88.82
bhkk	16	60	88.7367
bhkk	16	60	88.72
bhkk	16	60	88.72
bhkk	16	60	88.7033
bhkk	16	60	88.73
bhkk	16	60	88.8267
bhkk	16	60	88.7267
bhkk	16	60	88.7333
bhkk	16	60	88.7333
bhkk	16	60	88.7133
bhkk	16	60	88.7367
bhkk	16	60	88.7333
bhkk	16	60	88.72
bhkk	16	60	88.73
bhkk	16	60	88.6967
bhkk	16	60	88.72
bhkk	16	60	88.7633
bhkk	16	60	88.7367
bhkk	16	60	88.7367
bhkk	16	60	88.7467
bhkk	16	60	88.73
bhkk	16	60	88.7233
bhkk	16	60	88.73
bhkk	16	60	88.7233
bhkk	16	60	88.7167
bhkk	16	60	88.7367
bhkk	16	60	88.7467
bhkk	16	60	88.74
bhkk	16	60	88.71
bhkk	16	60	88.7667
bhkk	16	60	88.72
bhkk	16	60	88.7067
bhkk	16	60	88.7267
bhkk	16	60	88.6967
bhkk	16	60	88.7167
bhkk	16	60	88.7267
bhkk	16	60	88.75
bhkk	16	60	88.7433
