bhkk	16	34	17.9333
bhkk	16	34	17.9333
bhkk	16	34	17.94
bhkk	16	34	17.93
bhkk	16	34	17.9367
bhkk	16	34	17.9367
bhkk	16	34	17.93
bhkk	16	34	17.93
bhkk	16	34	17.9333
bhkk	16	34	17.9267
bhkk	16	34	17.9333
bhkk	16	34	17.93
bhkk	16	34	17.9233
bhkk	16	34	17.93
bhkk	15	34	7.85
bhkk	16	34	17.93
bhkk	16	34	17.93
bhkk	16	34	17.93
bhkk	16	34	17.94
bhkk	16	34	17.9367
bhkk	16	34	17.94
bhkk	16	34	17.93
bhkk	16	34	17.93
bhkk	16	34	17.93
bhkk	15	34	7.85
bhkk	16	34	17.9267
bhkk	16	34	17.9367
bhkk	15	34	7.84666
bhkk	16	34	17.9333
bhkk	16	34	17.93
bhkk	16	34	17.93
bhkk	16	34	17.94
bhkk	16	34	17.93
bhkk	16	34	17.93
bhkk	16	34	17.9267
bhkk	16	34	17.93
bhkk	16	34	17.93
bhkk	16	34	17.9333
bhkk	15	34	7.85
bhkk	16	34	17.9333
bhkk	16	34	17.9267
bhkk	16	34	17.93
bhkk	16	34	17.93
bhkk	16	34	17.9367
bhkk	16	34	17.94
bhkk	16	34	17.93
bhkk	16	34	17.9267
bhkk	16	34	17.9367
bhkk	16	34	17.9333
bhkk	16	34	17.9267
