bhkk	16	36	19.7867
bhkk	16	36	20.14
bhkk	16	36	19.75
bhkk	16	36	19.71
bhkk	16	36	19.9533
bhkk	16	36	19.7033
bhkk	16	36	19.8667
bhkk	16	36	19.7467
bhkk	16	36	19.7067
bhkk	16	36	19.75
bhkk	16	36	19.8067
bhkk	16	36	19.7067
bhkk	15	36	8.58666
bhkk	16	36	19.8967
bhkk	16	36	19.7
bhkk	16	36	19.7033
bhkk	16	36	19.7267
bhkk	16	36	19.9133
bhkk	16	36	20.6467
bhkk	16	36	19.78
bhkk	16	36	19.7033
bhkk	16	36	19.7767
bhkk	16	36	20.0667
bhkk	16	36	20.02
bhkk	16	36	20.52
bhkk	16	36	19.8367
bhkk	16	36	19.7033
bhkk	16	36	19.7033
bhkk	16	36	19.7033
bhkk	16	36	19.7
bhkk	16	36	19.7067
bhkk	16	36	19.7067
bhkk	16	36	19.7033
bhkk	16	36	19.81
bhkk	16	36	19.71
bhkk	15	36	8.58666
bhkk	16	36	19.7
bhkk	16	36	19.7
bhkk	16	36	19.7033
bhkk	16	36	19.7
bhkk	16	36	19.87
bhkk	16	36	19.7
bhkk	16	36	19.7033
bhkk	16	36	19.9133
bhkk	16	36	19.7033
bhkk	15	36	8.59
bhkk	16	36	19.7
bhkk	15	36	8.76333
bhkk	16	36	19.7
bhkk	16	36	19.8867
