hpr	16	62	44.2
hpr	16	62	23.9
hpr	16	62	36.9
hpr	16	62	37.4
hpr	16	62	40.3
hpr	16	62	50.5
hpr	16	62	51.2
hpr	16	62	40.9
hpr	16	62	57.6
hpr	16	62	31.1
hpr	16	62	40.3
hpr	16	62	25
hpr	16	62	44.4
hpr	16	62	36.6
hpr	16	62	46.7
hpr	16	62	44.7
hpr	16	62	47.6
hpr	16	62	42.6
hpr	16	62	44.3
hpr	16	62	32.9
hpr	16	62	43.1
hpr	16	62	44
hpr	16	62	34.4
hpr	16	62	40.4
hpr	16	62	43.3
hpr	16	62	42.1
hpr	16	62	36.2
hpr	16	62	35.2
hpr	16	62	49.2
hpr	16	62	34.1
hpr	16	62	27.6
hpr	16	62	53.5
hpr	16	62	50.8
hpr	16	62	32.5
hpr	16	62	41.3
hpr	16	62	40
hpr	16	62	36.6
hpr	16	62	33.1
hpr	16	62	44.2
hpr	16	62	43.8
hpr	16	62	41.9
hpr	16	62	31
hpr	16	62	32.7
hpr	16	62	46.6
hpr	16	62	49.5
hpr	16	62	32.7
hpr	16	62	32.2
hpr	16	62	37.5
hpr	16	62	35.4
hpr	16	62	38.9
