hpr	16	66	70.8
hpr	16	66	44.5
hpr	16	66	56.3
hpr	16	66	57.6
hpr	16	66	68.6
hpr	16	66	51.4
hpr	16	66	80.9
hpr	16	66	33.3
hpr	16	66	40.5
hpr	16	66	43
hpr	16	66	46.5
hpr	16	66	39
hpr	16	66	68.2
hpr	16	66	49.6
hpr	16	66	37.4
hpr	16	66	41.6
hpr	16	66	47.4
hpr	16	66	47.1
hpr	16	66	38.5
hpr	16	66	49.6
hpr	16	66	42
hpr	16	66	43.1
hpr	16	66	30.6
hpr	16	66	39.8
hpr	16	66	65.5
hpr	16	66	36.7
hpr	16	66	46.8
hpr	16	66	33.3
hpr	16	66	41.9
hpr	16	66	59.2
hpr	16	66	40.8
hpr	16	66	54.5
hpr	16	66	57.8
hpr	16	66	37.3
hpr	16	66	44
hpr	16	66	50.5
hpr	16	66	49.1
hpr	16	66	65.8
hpr	16	66	56.6
hpr	16	66	69.7
hpr	16	66	23.3
hpr	16	66	55.8
hpr	16	66	42.3
hpr	16	66	41
hpr	16	66	61.6
hpr	16	66	73.7
hpr	16	66	43.8
hpr	16	66	39
hpr	16	66	42.6
hpr	16	66	50.6
