hpr	16	40	0.667
hpr	16	40	0.74
hpr	16	40	0.737
hpr	16	40	0.913
hpr	16	40	0.367
hpr	16	40	0.793
hpr	16	40	0.87
hpr	16	40	1.33
hpr	16	40	1.11
hpr	16	40	0.787
hpr	16	40	0.71
hpr	16	40	0.487
hpr	16	40	1.18
hpr	16	40	1.09
hpr	16	40	1.42
hpr	16	40	0.663
hpr	16	40	0.647
hpr	16	40	1.81
hpr	16	40	0.74
hpr	16	40	1.15
hpr	16	40	0.517
hpr	16	40	0.92
hpr	16	40	1.43
hpr	16	40	0.52
hpr	16	40	0.783
hpr	16	40	0.9
hpr	16	40	1.02
hpr	16	40	1.79
hpr	16	40	0.653
hpr	16	40	1.31
hpr	16	40	1.27
hpr	16	40	0.88
hpr	16	40	0.537
hpr	16	40	0.497
hpr	16	40	1.4
hpr	16	40	1.02
hpr	16	40	1.52
hpr	16	40	1.71
hpr	16	40	0.953
hpr	16	40	1.07
hpr	16	40	1.12
hpr	16	40	0.44
hpr	16	40	0.657
hpr	16	40	0.753
hpr	16	40	1.28
hpr	16	40	1.47
hpr	16	40	0.547
hpr	16	40	0.523
hpr	16	40	0.72
hpr	16	40	0.287
