hpr	16	58	24.5
hpr	16	58	14.2
hpr	16	58	19.5
hpr	16	58	19.4
hpr	16	58	20.3
hpr	16	58	16.2
hpr	16	58	23.8
hpr	16	58	18.5
hpr	16	58	14.8
hpr	16	58	28.6
hpr	16	58	11.9
hpr	16	58	19.4
hpr	16	58	23.6
hpr	16	58	31.2
hpr	16	58	29
hpr	16	58	13.6
hpr	16	58	31.3
hpr	16	58	21.8
hpr	16	58	14.7
hpr	16	58	29.2
hpr	16	58	11.1
hpr	16	58	21
hpr	16	58	17.5
hpr	16	58	18
hpr	16	58	23.4
hpr	16	58	14.4
hpr	16	58	14.6
hpr	16	58	23.3
hpr	16	58	22.5
hpr	16	58	16
hpr	16	58	22.6
hpr	16	58	14.4
hpr	16	58	22.8
hpr	16	58	25.5
hpr	16	58	22.1
hpr	16	58	22.5
hpr	16	58	10.4
hpr	16	58	25.4
hpr	16	58	16.1
hpr	16	58	20
hpr	16	58	14.9
hpr	16	58	23.5
hpr	16	58	9.87
hpr	16	58	16
hpr	16	58	22.6
hpr	16	58	27.4
hpr	16	58	29.5
hpr	16	58	21.6
hpr	16	58	20
hpr	16	58	20.1
