bhkk	16	48	70.22
bhkk	16	48	70.2033
bhkk	16	48	70.16
bhkk	16	48	70.1867
bhkk	16	48	70.18
bhkk	16	48	70.18
bhkk	16	48	70.19
bhkk	16	48	70.16
bhkk	16	48	70.2067
bhkk	16	48	70.18
bhkk	16	48	70.1833
bhkk	16	48	70.2067
bhkk	16	48	70.1933
bhkk	16	48	70.1833
bhkk	16	48	70.18
bhkk	16	48	70.2167
bhkk	16	48	70.19
bhkk	16	48	70.1767
bhkk	16	48	70.21
bhkk	16	48	70.2
bhkk	16	48	70.1733
bhkk	16	48	70.1867
bhkk	16	48	70.1667
bhkk	16	48	70.18
bhkk	16	48	70.1967
bhkk	16	48	70.1533
bhkk	16	48	70.1733
bhkk	16	48	70.19
bhkk	16	48	70.1767
bhkk	16	48	70.19
bhkk	16	48	70.18
bhkk	16	48	70.18
bhkk	16	48	70.1867
bhkk	16	48	70.16
bhkk	16	48	70.2133
bhkk	16	48	70.1833
bhkk	16	48	70.2067
bhkk	16	48	70.1833
bhkk	16	48	70.1767
bhkk	16	48	70.19
bhkk	16	48	70.17
bhkk	16	48	70.23
bhkk	16	48	70.1767
bhkk	16	48	70.1867
bhkk	16	48	70.1733
bhkk	16	48	70.1933
bhkk	16	48	70.18
bhkk	16	48	70.1767
bhkk	16	48	70.15
bhkk	16	48	70.1867
