bj	16	54	0.96
bj	16	54	4.05
bj	16	54	2.23
bj	16	54	6.02
bj	16	54	2.45
bj	16	54	2.22
bj	16	54	2.05
bj	16	54	5.23
bj	16	54	0.927
bj	16	54	6.99
bj	16	54	3.67
bj	16	54	5.37
bj	16	54	1.04
bj	16	54	2.67
bj	16	54	7.65
bj	16	54	6.97
bj	16	54	10.8
bj	16	54	16
bj	16	54	13.9
bj	16	54	4.24
bj	16	54	4.52
bj	16	54	11.7
bj	16	54	11
bj	16	54	1.33
bj	16	54	4.34
bj	16	54	3.51
bj	16	54	2.48
bj	16	54	6.91
bj	16	54	1.23
bj	16	54	3.79
bj	16	54	1.52
bj	16	54	1.94
bj	16	54	10.4
bj	16	54	1.48
bj	16	54	3.73
bj	16	54	2.46
bj	16	54	3.11
bj	16	54	4.49
bj	16	54	3.82
bj	16	54	3.67
bj	16	54	6.67
bj	16	54	1.03
bj	16	54	113
bj	16	54	3.63
bj	16	54	5.38
bj	16	54	3.49
bj	16	54	9.38
bj	16	54	2.05
bj	16	54	6.58
bj	16	54	2.58
