bj	16	58	3.95
bj	16	58	8.2
bj	16	58	5.98
bj	16	58	22.7
bj	16	58	5.63
bj	16	58	9.4
bj	16	58	4.19
bj	16	58	3.69
bj	16	58	4.31
bj	16	58	67.9
bj	16	58	8.65
bj	16	58	8.76
bj	16	58	15.5
bj	16	58	11
bj	16	58	22.7
bj	16	58	3.68
bj	16	58	2.93
bj	16	58	18.2
bj	16	58	7.6
bj	16	58	9.85
bj	16	58	2.48
bj	16	58	8.19
bj	16	58	14.9
bj	16	58	7.24
bj	16	58	42.3
bj	16	58	3.07
bj	16	58	6.7
bj	16	58	11.6
bj	16	58	20.4
bj	16	58	8.95
bj	16	58	8.06
bj	16	58	3.27
bj	16	58	2.59
bj	16	58	15.4
bj	16	58	10.5
bj	16	58	6.27
bj	16	58	5.19
bj	16	58	15.7
bj	16	58	10.2
bj	16	58	12.3
bj	16	58	4.46
bj	16	58	16.4
bj	16	58	4.21
bj	16	58	5.82
bj	16	58	10.2
bj	16	58	15.1
bj	16	58	6.03
bj	16	58	5.5
bj	16	58	6.52
bj	16	58	6.94
