bj	16	32	0.04
bj	15	32	0.0367
bj	16	32	0.11
bj	16	32	0.0267
bj	16	32	0.0367
bj	16	32	0.02
bj	16	32	0.0267
bj	16	32	0.0733
bj	16	32	0.0233
bj	16	32	0.01
bj	16	32	0.04
bj	16	32	0.0267
bj	16	32	0.02
bj	16	32	0.03
bj	16	32	0.06
bj	16	32	0.0167
bj	16	32	0.0167
bj	16	32	0.07
bj	16	32	0.0767
bj	16	32	0.0833
bj	16	32	0.0333
bj	16	32	0.03
bj	16	32	0.02
bj	16	32	0.02
bj	16	32	0.0333
bj	16	32	0.0167
bj	16	32	0.0233
bj	16	32	0.02
bj	16	32	0.0433
bj	16	32	0.00667
bj	15	32	0.0233
bj	16	32	0.06
bj	16	32	0.0267
bj	15	32	0.0267
bj	16	32	0.0133
bj	16	32	0.0167
bj	16	32	0.0133
bj	16	32	0.0267
bj	16	32	0.0533
bj	16	32	0.0167
bj	16	32	0.01
bj	16	32	0.0533
bj	16	32	0.03
bj	16	32	0.03
bj	16	32	0.0233
bj	16	32	0.0267
bj	16	32	0.05
bj	15	32	0.0433
bj	16	32	0.0133
bj	16	32	0.0333
