bhkk	16	66	94.9133
bhkk	16	66	94.91
bhkk	16	66	94.9267
bhkk	16	66	94.8833
bhkk	16	66	94.8833
bhkk	16	66	94.96
bhkk	16	66	94.9267
bhkk	16	66	94.91
bhkk	16	66	94.8933
bhkk	16	66	94.93
bhkk	16	66	94.8967
bhkk	16	66	94.93
bhkk	16	66	94.8967
bhkk	16	66	94.9267
bhkk	16	66	94.8733
bhkk	16	66	94.9133
bhkk	16	66	94.88
bhkk	16	66	94.8767
bhkk	16	66	94.88
bhkk	16	66	94.9
bhkk	16	66	94.9067
bhkk	16	66	94.8867
bhkk	16	66	94.8933
bhkk	16	66	94.9
bhkk	16	66	94.9033
bhkk	16	66	94.9167
bhkk	16	66	94.9033
bhkk	16	66	94.91
bhkk	16	66	94.8967
bhkk	16	66	94.89
bhkk	16	66	94.9033
bhkk	16	66	94.89
bhkk	16	66	94.8967
bhkk	16	66	94.9033
bhkk	16	66	94.91
bhkk	16	66	94.9067
bhkk	16	66	94.91
bhkk	16	66	94.8833
bhkk	16	66	94.9333
bhkk	16	66	94.9233
bhkk	16	66	94.88
bhkk	16	66	94.9333
bhkk	16	66	94.9067
bhkk	16	66	94.9167
bhkk	16	66	94.9
bhkk	16	66	94.8833
bhkk	16	66	94.9033
bhkk	16	66	94.91
bhkk	16	66	94.89
bhkk	16	66	94.9133
