bj	16	34	0.07
bj	16	34	0.0767
bj	16	34	0.0467
bj	16	34	0.0633
bj	16	34	0.0667
bj	16	34	0.133
bj	16	34	0.0567
bj	16	34	0.0367
bj	16	34	0.0333
bj	16	34	0.02
bj	16	34	0.07
bj	16	34	0.03
bj	16	34	0.0833
bj	16	34	0.08
bj	15	34	0.02
bj	16	34	0.0133
bj	16	34	0.0433
bj	16	34	0.09
bj	16	34	0.04
bj	16	34	0.113
bj	16	34	0.0967
bj	16	34	0.0933
bj	16	34	0.03
bj	16	34	0.0233
bj	15	34	0.05
bj	16	34	0.04
bj	16	34	0.04
bj	15	34	0.0633
bj	16	34	0.0467
bj	16	34	0.05
bj	16	34	0.137
bj	16	34	0.0267
bj	16	34	0.02
bj	16	34	0.0967
bj	16	34	0.05
bj	16	34	0.193
bj	16	34	0.0333
bj	16	34	0.0267
bj	15	34	0.0467
bj	16	34	0.0433
bj	16	34	0.02
bj	16	34	0.143
bj	16	34	0.0967
bj	16	34	0.0833
bj	16	34	0.0767
bj	16	34	0.0433
bj	16	34	0.08
bj	16	34	0.0833
bj	16	34	0.0233
bj	16	34	0.0767
