bj	16	44	1.07
bj	16	44	0.413
bj	16	44	1.43
bj	16	44	0.89
bj	16	44	1.35
bj	16	44	0.543
bj	16	44	0.35
bj	16	44	0.307
bj	16	44	0.863
bj	16	44	1.27
bj	16	44	2.29
bj	16	44	0.507
bj	16	44	0.3
bj	16	44	1.97
bj	16	44	1.31
bj	16	44	0.43
bj	16	44	0.5
bj	16	44	0.403
bj	16	44	0.397
bj	16	44	0.2
bj	16	44	0.67
bj	16	44	0.31
bj	16	44	1.35
bj	16	44	0.203
bj	16	44	0.23
bj	16	44	0.627
bj	16	44	1.91
bj	16	44	0.147
bj	16	44	0.0533
bj	16	44	0.567
bj	16	44	0.26
bj	16	44	0.583
bj	16	44	1.55
bj	16	44	0.813
bj	16	44	0.527
bj	16	44	0.293
bj	16	44	0.263
bj	16	44	0.377
bj	16	44	0.633
bj	16	44	2.49
bj	16	44	0.207
bj	16	44	0.947
bj	16	44	0.25
bj	16	44	0.323
bj	16	44	0.707
bj	16	44	0.357
bj	16	44	0.443
bj	16	44	1.14
bj	16	44	1.03
bj	16	44	3
