bhkk	16	58	90.42
bhkk	16	58	90.39
bhkk	16	58	90.3867
bhkk	16	58	90.3667
bhkk	16	58	90.3967
bhkk	16	58	90.4
bhkk	16	58	90.4067
bhkk	16	58	90.41
bhkk	16	58	90.38
bhkk	16	58	90.3967
bhkk	16	58	90.3933
bhkk	16	58	90.42
bhkk	16	58	90.4067
bhkk	16	58	90.4
bhkk	16	58	90.44
bhkk	16	58	90.3967
bhkk	16	58	90.4067
bhkk	16	58	90.4
bhkk	16	58	90.3833
bhkk	16	58	90.4067
bhkk	16	58	90.3833
bhkk	16	58	90.3933
bhkk	16	58	90.4167
bhkk	16	58	90.42
bhkk	16	58	90.3967
bhkk	16	58	90.3967
bhkk	16	58	90.4
bhkk	16	58	90.43
bhkk	16	58	90.4167
bhkk	16	58	90.3933
bhkk	16	58	90.42
bhkk	16	58	90.3967
bhkk	16	58	90.4133
bhkk	16	58	90.41
bhkk	16	58	90.3867
bhkk	16	58	90.4133
bhkk	16	58	90.4133
bhkk	16	58	90.4267
bhkk	16	58	90.4333
bhkk	16	58	90.42
bhkk	16	58	90.38
bhkk	16	58	90.42
bhkk	16	58	90.3867
bhkk	16	58	90.3867
bhkk	16	58	90.4233
bhkk	16	58	90.4
bhkk	16	58	90.4067
bhkk	16	58	90.3767
bhkk	16	58	90.4167
bhkk	16	58	90.4133
