hpr	16	114	75.7
hpr	16	114	25.7
hpr	16	114	39.4
hpr	16	114	47.5
hpr	16	114	47.6
hpr	16	114	35.9
hpr	16	114	45.6
hpr	16	114	54.3
hpr	16	114	27.5
hpr	16	114	30.8
hpr	16	114	33.5
hpr	16	114	47.3
hpr	16	114	44.1
hpr	16	114	50.9
hpr	16	114	41.4
hpr	16	114	44.8
hpr	16	114	57.6
hpr	16	114	47.1
hpr	16	114	60.4
hpr	16	114	56.9
hpr	16	114	30.7
hpr	16	114	48.4
hpr	16	114	55
hpr	16	114	66.8
hpr	16	114	33.5
hpr	16	114	58.4
hpr	16	114	37.5
hpr	16	114	70
hpr	16	114	42.4
hpr	16	114	37
hpr	16	114	54.9
hpr	16	114	31.2
hpr	16	114	51
hpr	16	114	30.7
hpr	16	114	49.4
hpr	16	114	42.6
hpr	16	114	40.9
hpr	16	114	43.3
hpr	16	114	39.1
hpr	16	114	34.5
hpr	16	114	32.7
hpr	16	114	42.2
hpr	16	114	61.1
hpr	16	114	40.2
hpr	16	114	67.8
hpr	16	114	50.8
hpr	16	114	41.3
hpr	16	114	43.4
hpr	16	114	32.9
hpr	16	114	67.5
