hpr	15	26	0.03
hpr	14	26	0.0333
hpr	16	26	0.0133
hpr	15	26	0.0267
hpr	15	26	0.0133
hpr	16	26	0.00667
hpr	16	26	0.00667
hpr	16	26	0.00667
hpr	16	26	0.00667
hpr	16	26	0.0167
hpr	16	26	0.0167
hpr	16	26	0.0133
hpr	16	26	0.00667
hpr	16	26	0.00333
hpr	16	26	0.00667
hpr	16	26	0.01
hpr	16	26	0.0133
hpr	16	26	0.00333
hpr	16	26	0.00667
hpr	16	26	0.0167
hpr	16	26	0.00333
hpr	15	26	0.01
hpr	16	26	0.02
hpr	16	26	0.00667
hpr	16	26	0.0167
hpr	16	26	0.0133
hpr	15	26	0.01
hpr	15	26	0.01
hpr	15	26	0.0167
hpr	15	26	0.01
hpr	15	26	0.0167
hpr	15	26	0.01
hpr	16	26	0.01
hpr	15	26	0.0133
hpr	16	26	0.00333
hpr	16	26	0.0133
hpr	15	26	0.00667
hpr	16	26	0.00667
hpr	14	26	0.00667
hpr	15	26	0.01
hpr	16	26	0.01
hpr	16	26	0.01
hpr	16	26	0.00667
hpr	15	26	0.01
hpr	16	26	0
hpr	15	26	0.00667
hpr	16	26	0.00667
hpr	15	26	0.00667
hpr	16	26	0.01
hpr	16	26	0.00333
