bhkk	16	62	92.5433
bhkk	16	62	92.5333
bhkk	16	62	92.53
bhkk	16	62	92.5533
bhkk	16	62	92.55
bhkk	16	62	92.5333
bhkk	16	62	92.5533
bhkk	16	62	92.5333
bhkk	16	62	92.5367
bhkk	16	62	92.5533
bhkk	16	62	92.56
bhkk	16	62	92.5167
bhkk	16	62	92.5
bhkk	16	62	92.5467
bhkk	16	62	92.5733
bhkk	16	62	92.55
bhkk	16	62	92.5433
bhkk	16	62	92.5533
bhkk	16	62	92.5633
bhkk	16	62	92.5567
bhkk	16	62	92.5333
bhkk	16	62	92.56
bhkk	16	62	92.5933
bhkk	16	62	92.56
bhkk	16	62	92.5367
bhkk	16	62	92.53
bhkk	16	62	92.5267
bhkk	16	62	92.5367
bhkk	16	62	92.5333
bhkk	16	62	92.5367
bhkk	16	62	92.5167
bhkk	16	62	92.5333
bhkk	16	62	92.55
bhkk	16	62	92.56
bhkk	16	62	92.5267
bhkk	16	62	92.52
bhkk	16	62	92.5533
bhkk	16	62	92.5867
bhkk	16	62	92.5667
bhkk	16	62	92.5367
bhkk	16	62	92.57
bhkk	16	62	92.5533
bhkk	16	62	92.56
bhkk	16	62	92.5467
bhkk	16	62	92.56
bhkk	16	62	92.5433
bhkk	16	62	92.6033
bhkk	16	62	92.5367
bhkk	16	62	92.57
bhkk	16	62	92.5433
