bhkk	16	52	67.6533
bhkk	16	52	67.6433
bhkk	16	52	67.6733
bhkk	16	52	67.6633
bhkk	16	52	67.6533
bhkk	16	52	67.67
bhkk	16	52	67.6667
bhkk	16	52	67.6533
bhkk	16	52	67.6567
bhkk	16	52	67.6667
bhkk	16	52	67.6433
bhkk	16	52	67.6467
bhkk	16	52	67.6567
bhkk	16	52	67.66
bhkk	16	52	67.66
bhkk	16	52	67.71
bhkk	16	52	67.6733
bhkk	16	52	67.7167
bhkk	16	52	67.6433
bhkk	16	52	67.7
bhkk	16	52	67.6667
bhkk	16	52	67.6567
bhkk	16	52	67.67
bhkk	16	52	67.6833
bhkk	16	52	67.6833
bhkk	16	52	67.65
bhkk	16	52	67.6467
bhkk	16	52	67.6633
bhkk	16	52	67.6567
bhkk	16	52	67.6667
bhkk	16	52	67.66
bhkk	16	52	67.66
bhkk	16	52	67.6633
bhkk	16	52	67.64
bhkk	16	52	67.68
bhkk	16	52	67.65
bhkk	16	52	67.6433
bhkk	16	52	67.66
bhkk	16	52	67.6667
bhkk	16	52	67.65
bhkk	16	52	67.6633
bhkk	16	52	67.67
bhkk	16	52	67.6533
bhkk	16	52	67.6333
bhkk	16	52	67.6367
bhkk	16	52	67.6633
bhkk	16	52	67.66
bhkk	16	52	67.6567
bhkk	16	52	67.6467
bhkk	16	52	67.6633
