hpr	16	112	70.7
hpr	16	112	48.3
hpr	16	112	86.3
hpr	16	112	65.9
hpr	16	112	107
hpr	16	112	47.7
hpr	16	112	66.6
hpr	16	112	56.7
hpr	16	112	107
hpr	16	112	67.8
hpr	16	112	70
hpr	16	112	94.6
hpr	16	112	64.9
hpr	16	112	38.2
hpr	16	112	108
hpr	16	112	38.3
hpr	16	112	60.4
hpr	16	112	59.1
hpr	16	112	91.1
hpr	16	112	46.1
hpr	16	112	59.8
hpr	16	112	81.6
hpr	16	112	59.6
hpr	16	112	65.8
hpr	16	112	51.6
hpr	16	112	62.2
hpr	16	112	71.1
hpr	16	112	33.5
hpr	16	112	102
hpr	16	112	47.5
hpr	16	112	76.6
hpr	16	112	62.9
hpr	16	112	41.5
hpr	16	112	76.7
hpr	16	112	54.4
hpr	16	112	91.4
hpr	16	112	73.4
hpr	16	112	58
hpr	16	112	57.9
hpr	16	112	55.9
hpr	16	112	114
hpr	16	112	65.5
hpr	16	112	75
hpr	16	112	53.9
hpr	16	112	44.8
hpr	16	112	93.9
hpr	16	112	88.8
hpr	16	112	76.7
hpr	16	112	92
hpr	16	112	78.9
