bj	14	18	0
bj	16	18	0
bj	14	18	0
bj	14	18	0
bj	16	18	0
bj	14	18	0
bj	16	18	0
bj	14	18	0
bj	15	18	0
bj	15	18	0
bj	16	18	0
bj	13	18	0
bj	14	18	0
bj	15	18	0
bj	15	18	0
bj	15	18	0
bj	15	18	0
bj	15	18	0
bj	15	18	0
bj	15	18	0
bj	15	18	0
bj	16	18	0
bj	13	18	0
bj	15	18	0
bj	14	18	0
bj	14	18	0
bj	15	18	0
bj	15	18	0
bj	14	18	0
bj	16	18	0
bj	13	18	0
bj	13	18	0
bj	14	18	0
bj	16	18	0
bj	14	18	0
bj	16	18	0
bj	15	18	0
bj	14	18	0
bj	14	18	0
bj	15	18	0
bj	15	18	0
bj	15	18	0
bj	13	18	0
bj	14	18	0
bj	14	18	0
bj	16	18	0
bj	14	18	0
bj	15	18	0
bj	16	18	0
bj	16	18	0
