bhkk	14	18	1.21
bhkk	16	18	4.6
bhkk	14	18	1.2
bhkk	14	18	1.19
bhkk	16	18	4.59
bhkk	14	18	1.18667
bhkk	16	18	4.58333
bhkk	14	18	1.18667
bhkk	15	18	2.40333
bhkk	15	18	2.39
bhkk	16	18	4.61667
bhkk	13	18	0.566666
bhkk	14	18	1.19667
bhkk	15	18	2.39
bhkk	15	18	2.39333
bhkk	15	18	2.39
bhkk	15	18	2.4
bhkk	15	18	2.41333
bhkk	15	18	2.39
bhkk	15	18	2.39
bhkk	15	18	2.39
bhkk	16	18	4.59333
bhkk	13	18	0.569999
bhkk	15	18	2.39667
bhkk	14	18	1.18667
bhkk	14	18	1.18667
bhkk	15	18	2.39333
bhkk	15	18	2.39333
bhkk	14	18	1.18667
bhkk	16	18	4.58333
bhkk	13	18	0.566666
bhkk	13	18	0.569999
bhkk	14	18	1.18667
bhkk	16	18	4.59333
bhkk	14	18	1.20333
bhkk	16	18	4.58667
bhkk	15	18	2.40333
bhkk	14	18	1.19667
bhkk	14	18	1.18667
bhkk	15	18	2.39333
bhkk	15	18	2.39333
bhkk	15	18	2.40333
bhkk	13	18	0.566666
bhkk	14	18	1.18667
bhkk	14	18	1.18667
bhkk	16	18	4.59
bhkk	14	18	1.19
bhkk	15	18	2.39
bhkk	16	18	4.58333
bhkk	16	18	4.60667
