hpr	16	42	2.17
hpr	16	42	1.65
hpr	16	42	1.22
hpr	16	42	0.523
hpr	16	42	1.68
hpr	16	42	2.12
hpr	16	42	0.62
hpr	16	42	1.06
hpr	16	42	2.69
hpr	16	42	1.49
hpr	16	42	1.23
hpr	16	42	0.643
hpr	16	42	1.74
hpr	16	42	1.71
hpr	16	42	1.49
hpr	16	42	1.31
hpr	16	42	1.12
hpr	16	42	1.07
hpr	16	42	0.613
hpr	16	42	1.34
hpr	16	42	0.763
hpr	16	42	2.33
hpr	16	42	1.07
hpr	16	42	1.11
hpr	16	42	1.82
hpr	16	42	0.807
hpr	16	42	1.12
hpr	16	42	0.897
hpr	16	42	0.563
hpr	16	42	0.817
hpr	16	42	1.42
hpr	16	42	0.883
hpr	16	42	0.77
hpr	16	42	1.3
hpr	16	42	0.78
hpr	16	42	0.863
hpr	16	42	1.73
hpr	16	42	0.853
hpr	16	42	1.56
hpr	16	42	1.09
hpr	16	42	0.967
hpr	16	42	1.26
hpr	16	42	0.757
hpr	16	42	2.08
hpr	16	42	0.593
hpr	16	42	1.14
hpr	16	42	1.13
hpr	16	42	1.38
hpr	16	42	1.4
hpr	16	42	0.763
