hpr	16	28	0.0333
hpr	15	28	0.0333
hpr	15	28	0.0267
hpr	16	28	0.01
hpr	16	28	0.0133
hpr	16	28	0.0233
hpr	16	28	0.0167
hpr	15	28	0.01
hpr	16	28	0.01
hpr	15	28	0.00667
hpr	15	28	0.0333
hpr	16	28	0.00333
hpr	16	28	0.0133
hpr	16	28	0.00333
hpr	16	28	0.00667
hpr	16	28	0.02
hpr	16	28	0.02
hpr	16	28	0.0167
hpr	16	28	0.0133
hpr	16	28	0.0133
hpr	16	28	0.01
hpr	16	28	0.0267
hpr	16	28	0.0133
hpr	16	28	0.03
hpr	15	28	0.01
hpr	16	28	0.0233
hpr	16	28	0.0433
hpr	16	28	0.0167
hpr	16	28	0.02
hpr	16	28	0.0167
hpr	16	28	0.01
hpr	16	28	0.02
hpr	16	28	0.01
hpr	15	28	0.04
hpr	16	28	0.02
hpr	16	28	0.00667
hpr	16	28	0.0233
hpr	16	28	0.0233
hpr	16	28	0.03
hpr	16	28	0.00333
hpr	15	28	0.0233
hpr	16	28	0.0167
hpr	16	28	0.01
hpr	16	28	0.0267
hpr	16	28	0.0333
hpr	15	28	0.02
hpr	16	28	0.0133
hpr	16	28	0.00667
hpr	16	28	0.0367
hpr	16	28	0.04
