bj	16	30	0.04
bj	16	30	0.0133
bj	16	30	0.0467
bj	16	30	0.0133
bj	16	30	0.02
bj	16	30	0.0233
bj	16	30	0.0167
bj	16	30	0.0233
bj	15	30	0.03
bj	16	30	0.0567
bj	16	30	0.0233
bj	16	30	0.0133
bj	16	30	0.0467
bj	16	30	0.01
bj	16	30	0.0133
bj	16	30	0.02
bj	15	30	0.03
bj	16	30	0.0133
bj	16	30	0.0167
bj	16	30	0.01
bj	16	30	0.01
bj	16	30	0.0267
bj	15	30	0.0233
bj	16	30	0.0133
bj	16	30	0.0133
bj	16	30	0.0133
bj	16	30	0.0167
bj	16	30	0.07
bj	15	30	0.0133
bj	16	30	0.01
bj	16	30	0.01
bj	16	30	0.01
bj	16	30	0.0167
bj	15	30	0.02
bj	16	30	0.0167
bj	16	30	0.0233
bj	16	30	0.01
bj	15	30	0.0167
bj	16	30	0.0233
bj	16	30	0.01
bj	16	30	0.0167
bj	15	30	0.01
bj	16	30	0.01
bj	15	30	0.0433
bj	16	30	0.0233
bj	16	30	0.01
bj	16	30	0.0267
bj	16	30	0.0133
bj	16	30	0.00667
bj	16	30	0.01
