bj	16	38	0.147
bj	16	38	0.0367
bj	16	38	0.1
bj	16	38	0.147
bj	16	38	0.0433
bj	16	38	0.0733
bj	16	38	0.14
bj	16	38	0.05
bj	16	38	0.12
bj	16	38	0.0967
bj	16	38	0.04
bj	16	38	0.2
bj	16	38	0.06
bj	16	38	0.12
bj	16	38	0.08
bj	16	38	0.313
bj	16	38	0.503
bj	16	38	0.0467
bj	16	38	0.0733
bj	16	38	0.12
bj	16	38	0.17
bj	16	38	0.107
bj	16	38	0.0533
bj	16	38	0.157
bj	16	38	0.0667
bj	16	38	0.207
bj	16	38	0.107
bj	16	38	0.143
bj	16	38	0.153
bj	16	38	0.07
bj	16	38	0.0533
bj	16	38	0.103
bj	16	38	0.0833
bj	16	38	0.15
bj	16	38	0.257
bj	15	38	0.1
bj	16	38	0.08
bj	16	38	1.12
bj	16	38	0.0433
bj	16	38	0.333
bj	16	38	0.12
bj	16	38	0.04
bj	16	38	0.213
bj	16	38	0.0433
bj	16	38	0.103
bj	16	38	0.17
bj	16	38	0.193
bj	16	38	0.06
bj	16	38	0.16
bj	16	38	0.0833
