bhkk	16	64	91.2833
bhkk	16	64	91.2733
bhkk	16	64	91.2933
bhkk	16	64	91.2967
bhkk	16	64	91.3033
bhkk	16	64	91.2867
bhkk	16	64	91.27
bhkk	16	64	91.2833
bhkk	16	64	91.29
bhkk	16	64	91.2833
bhkk	16	64	91.3067
bhkk	16	64	91.2833
bhkk	16	64	91.27
bhkk	16	64	91.32
bhkk	16	64	91.3167
bhkk	16	64	91.2767
bhkk	16	64	91.2967
bhkk	16	64	91.28
bhkk	16	64	91.27
bhkk	16	64	91.3433
bhkk	16	64	91.3
bhkk	16	64	91.3167
bhkk	16	64	91.3133
bhkk	16	64	91.3067
bhkk	16	64	91.2833
bhkk	16	64	91.2633
bhkk	16	64	91.27
bhkk	16	64	91.2567
bhkk	16	64	91.2833
bhkk	16	64	91.3
bhkk	16	64	91.3
bhkk	16	64	91.29
bhkk	16	64	91.3167
bhkk	16	64	91.3267
bhkk	16	64	91.2767
bhkk	16	64	91.3067
bhkk	16	64	91.27
bhkk	16	64	91.2933
bhkk	16	64	91.2967
bhkk	16	64	91.2867
bhkk	16	64	91.3167
bhkk	16	64	91.2833
bhkk	16	64	91.29
bhkk	16	64	91.2833
bhkk	16	64	91.3033
bhkk	16	64	91.28
bhkk	16	64	91.2733
bhkk	16	64	91.2733
bhkk	16	64	91.3133
bhkk	16	64	91.2967
