hpr	16	36	0.707
hpr	16	36	0.207
hpr	16	36	0.393
hpr	16	36	0.497
hpr	16	36	0.13
hpr	16	36	0.52
hpr	16	36	0.537
hpr	16	36	0.327
hpr	16	36	0.283
hpr	16	36	0.433
hpr	16	36	0.303
hpr	16	36	0.347
hpr	15	36	0.413
hpr	16	36	0.287
hpr	16	36	0.243
hpr	16	36	0.42
hpr	16	36	0.26
hpr	16	36	0.613
hpr	16	36	0.337
hpr	16	36	0.233
hpr	16	36	0.34
hpr	16	36	0.66
hpr	16	36	0.36
hpr	16	36	0.183
hpr	16	36	0.443
hpr	16	36	0.357
hpr	16	36	0.33
hpr	16	36	0.12
hpr	16	36	0.15
hpr	16	36	0.303
hpr	16	36	0.52
hpr	16	36	0.297
hpr	16	36	0.473
hpr	16	36	0.32
hpr	16	36	0.85
hpr	15	36	0.393
hpr	16	36	0.237
hpr	16	36	0.16
hpr	16	36	0.383
hpr	16	36	0.277
hpr	16	36	0.453
hpr	16	36	0.197
hpr	16	36	0.277
hpr	16	36	0.35
hpr	16	36	0.307
hpr	15	36	0.287
hpr	16	36	0.193
hpr	15	36	0.29
hpr	16	36	0.117
hpr	16	36	0.38
