bhkk	16	72	102.943
bhkk	16	72	103.217
bhkk	16	72	103.037
bhkk	16	72	103.593
bhkk	16	72	103.577
bhkk	16	72	102.967
bhkk	16	72	104.06
bhkk	16	72	102.96
bhkk	16	72	102.967
bhkk	16	72	103.007
bhkk	16	72	102.963
bhkk	16	72	102.97
bhkk	16	72	102.977
bhkk	16	72	102.94
bhkk	16	72	102.95
bhkk	16	72	102.93
bhkk	16	72	102.97
bhkk	16	72	103.073
bhkk	16	72	102.957
bhkk	16	72	102.933
bhkk	16	72	102.97
bhkk	16	72	102.967
bhkk	16	72	102.95
bhkk	16	72	102.95
bhkk	16	72	102.947
bhkk	16	72	102.96
bhkk	16	72	102.943
bhkk	16	72	102.927
bhkk	16	72	102.973
bhkk	16	72	102.957
bhkk	16	72	102.927
bhkk	16	72	102.95
bhkk	16	72	102.937
bhkk	16	72	102.937
bhkk	16	72	102.947
bhkk	16	72	102.99
bhkk	16	72	102.967
bhkk	16	72	102.963
bhkk	16	72	102.937
bhkk	16	72	103.04
bhkk	16	72	102.98
bhkk	16	72	102.933
bhkk	16	72	102.93
bhkk	16	72	102.947
bhkk	16	72	102.977
bhkk	16	72	102.933
bhkk	16	72	102.96
bhkk	16	72	102.927
bhkk	16	72	102.933
bhkk	16	72	102.93
