hpr	16	52	14.5
hpr	16	52	6.04
hpr	16	52	13.4
hpr	16	52	12.9
hpr	16	52	19.1
hpr	16	52	8.92
hpr	16	52	15.1
hpr	16	52	10.8
hpr	16	52	10.9
hpr	16	52	7.19
hpr	16	52	11.2
hpr	16	52	12.2
hpr	16	52	8.61
hpr	16	52	10.3
hpr	16	52	13.1
hpr	16	52	10
hpr	16	52	8.76
hpr	16	52	16.3
hpr	16	52	9.57
hpr	16	52	8.17
hpr	16	52	11.3
hpr	16	52	13.3
hpr	16	52	14.1
hpr	16	52	6.84
hpr	16	52	5.74
hpr	16	52	10.7
hpr	16	52	5.74
hpr	16	52	13.1
hpr	16	52	13.1
hpr	16	52	12.7
hpr	16	52	10.2
hpr	16	52	9.8
hpr	16	52	18
hpr	16	52	14.9
hpr	16	52	11
hpr	16	52	9.38
hpr	16	52	14.4
hpr	16	52	13.3
hpr	16	52	8.17
hpr	16	52	11.7
hpr	16	52	16.4
hpr	16	52	10.1
hpr	16	52	17.8
hpr	16	52	12.1
hpr	16	52	6.93
hpr	16	52	12.2
hpr	16	52	8.68
hpr	16	52	11.5
hpr	16	52	21.5
hpr	16	52	11.7
