hpr	16	64	46.2
hpr	16	64	61.4
hpr	16	64	50
hpr	16	64	66.6
hpr	16	64	40.9
hpr	16	64	41.9
hpr	16	64	90.4
hpr	16	64	41.6
hpr	16	64	59.9
hpr	16	64	42.4
hpr	16	64	30.7
hpr	16	64	38
hpr	16	64	57.8
hpr	16	64	36.5
hpr	16	64	64.6
hpr	16	64	44.2
hpr	16	64	53.3
hpr	16	64	63.9
hpr	16	64	75.1
hpr	16	64	60.6
hpr	16	64	54.2
hpr	16	64	43.6
hpr	16	64	43.6
hpr	16	64	45.3
hpr	16	64	30
hpr	16	64	50.5
hpr	16	64	30.1
hpr	16	64	58.3
hpr	16	64	64.2
hpr	16	64	61.9
hpr	16	64	64.5
hpr	16	64	64.5
hpr	16	64	75.2
hpr	16	64	48.8
hpr	16	64	43.7
hpr	16	64	59.3
hpr	16	64	44.8
hpr	16	64	56.5
hpr	16	64	32.1
hpr	16	64	45.5
hpr	16	64	56.6
hpr	16	64	35.9
hpr	16	64	63.5
hpr	16	64	43.7
hpr	16	64	51.5
hpr	16	64	63.9
hpr	16	64	45.1
hpr	16	64	105
hpr	16	64	37.4
hpr	16	64	45.9
