bj	16	66	timeout
bj	16	66	59
bj	16	66	25.7
bj	16	66	74.8
bj	16	66	98.1
bj	16	66	99.5
bj	16	66	timeout
bj	16	66	51.2
bj	16	66	104
bj	16	66	80.3
bj	16	66	38.7
bj	16	66	19.4
bj	16	66	97.5
bj	16	66	38.3
bj	16	66	36.6
bj	16	66	90.7
bj	16	66	42.9
bj	16	66	28.4
bj	16	66	78.5
bj	16	66	57.6
bj	16	66	76.9
bj	16	66	80.3
bj	16	66	23.8
bj	16	66	timeout
bj	16	66	timeout
bj	16	66	20.3
bj	16	66	28.6
bj	16	66	43.6
bj	16	66	113
bj	16	66	66.3
bj	16	66	59.4
bj	16	66	46.5
bj	16	66	timeout
bj	16	66	57.7
bj	16	66	54.3
bj	16	66	41.1
bj	16	66	105
bj	16	66	75.8
bj	16	66	34
bj	16	66	92
bj	16	66	35.7
bj	16	66	46.2
bj	16	66	89.9
bj	16	66	31.4
bj	16	66	26.6
bj	16	66	timeout
bj	16	66	18.8
bj	16	66	78.6
bj	16	66	14.9
bj	16	66	timeout
