hpr	16	30	0.0767
hpr	16	30	0.0167
hpr	16	30	0.0533
hpr	16	30	0.0733
hpr	16	30	0.0467
hpr	16	30	0.0233
hpr	16	30	0.06
hpr	16	30	0.0367
hpr	15	30	0.0833
hpr	16	30	0.0833
hpr	16	30	0.0333
hpr	16	30	0.0133
hpr	16	30	0.0833
hpr	16	30	0.09
hpr	16	30	0.0533
hpr	16	30	0.133
hpr	15	30	0.143
hpr	16	30	0.05
hpr	16	30	0.03
hpr	16	30	0.04
hpr	16	30	0.02
hpr	16	30	0.107
hpr	15	30	0.08
hpr	16	30	0.0167
hpr	16	30	0.0667
hpr	16	30	0.0267
hpr	16	30	0.06
hpr	16	30	0.0733
hpr	15	30	0.0367
hpr	16	30	0.0167
hpr	16	30	0.0267
hpr	16	30	0.0367
hpr	16	30	0.0433
hpr	15	30	0.0567
hpr	16	30	0.05
hpr	16	30	0.06
hpr	16	30	0.00667
hpr	15	30	0.0333
hpr	16	30	0.0933
hpr	16	30	0.0467
hpr	16	30	0.03
hpr	15	30	0.0233
hpr	16	30	0.0133
hpr	15	30	0.04
hpr	16	30	0.0233
hpr	16	30	0.0233
hpr	16	30	0.03
hpr	16	30	0.0133
hpr	16	30	0.0367
hpr	16	30	0.0167
