hpr	16	32	0.0733
hpr	15	32	0.12
hpr	16	32	0.123
hpr	16	32	0.127
hpr	16	32	0.19
hpr	16	32	0.127
hpr	16	32	0.04
hpr	16	32	0.16
hpr	16	32	0.0667
hpr	16	32	0.0267
hpr	16	32	0.107
hpr	16	32	0.107
hpr	16	32	0.0533
hpr	16	32	0.0767
hpr	16	32	0.1
hpr	16	32	0.0267
hpr	16	32	0.0133
hpr	16	32	0.23
hpr	16	32	0.07
hpr	16	32	0.0867
hpr	16	32	0.0467
hpr	16	32	0.0333
hpr	16	32	0.0467
hpr	16	32	0.0767
hpr	16	32	0.107
hpr	16	32	0.04
hpr	16	32	0.08
hpr	16	32	0.1
hpr	16	32	0.08
hpr	16	32	0.05
hpr	15	32	0.0733
hpr	16	32	0.293
hpr	16	32	0.163
hpr	15	32	0.0333
hpr	16	32	0.0367
hpr	16	32	0.123
hpr	16	32	0.05
hpr	16	32	0.0633
hpr	16	32	0.08
hpr	16	32	0.0633
hpr	16	32	0.0733
hpr	16	32	0.08
hpr	16	32	0.0867
hpr	16	32	0.07
hpr	16	32	0.113
hpr	16	32	0.06
hpr	16	32	0.0367
hpr	15	32	0.153
hpr	16	32	0.09
hpr	16	32	0.127
