hpr	16	34	0.223
hpr	16	34	0.193
hpr	16	34	0.267
hpr	16	34	0.17
hpr	16	34	0.173
hpr	16	34	0.203
hpr	16	34	0.5
hpr	16	34	0.06
hpr	16	34	0.15
hpr	16	34	0.0733
hpr	16	34	0.147
hpr	16	34	0.12
hpr	16	34	0.127
hpr	16	34	0.223
hpr	15	34	0.0567
hpr	16	34	0.13
hpr	16	34	0.133
hpr	16	34	0.14
hpr	16	34	0.107
hpr	16	34	0.22
hpr	16	34	0.237
hpr	16	34	0.187
hpr	16	34	0.1
hpr	16	34	0.14
hpr	15	34	0.377
hpr	16	34	0.14
hpr	16	34	0.283
hpr	15	34	0.153
hpr	16	34	0.163
hpr	16	34	0.06
hpr	16	34	0.377
hpr	16	34	0.1
hpr	16	34	0.2
hpr	16	34	0.243
hpr	16	34	0.0667
hpr	16	34	0.273
hpr	16	34	0.2
hpr	16	34	0.16
hpr	15	34	0.107
hpr	16	34	0.07
hpr	16	34	0.0433
hpr	16	34	0.0633
hpr	16	34	0.263
hpr	16	34	0.197
hpr	16	34	0.0933
hpr	16	34	0.107
hpr	16	34	0.117
hpr	16	34	0.34
hpr	16	34	0.0667
hpr	16	34	0.197
