bhkk	16	30	14.3867
bhkk	16	30	14.39
bhkk	16	30	14.39
bhkk	16	30	14.3867
bhkk	16	30	14.3833
bhkk	16	30	14.3867
bhkk	16	30	14.39
bhkk	16	30	14.3867
bhkk	15	30	6.37333
bhkk	16	30	14.39
bhkk	16	30	14.38
bhkk	16	30	14.3833
bhkk	16	30	14.3733
bhkk	16	30	14.3933
bhkk	16	30	14.3833
bhkk	16	30	14.3967
bhkk	15	30	6.37333
bhkk	16	30	14.3867
bhkk	16	30	14.3833
bhkk	16	30	14.3867
bhkk	16	30	14.3833
bhkk	16	30	14.3867
bhkk	15	30	6.37333
bhkk	16	30	14.3767
bhkk	16	30	14.38
bhkk	16	30	14.3833
bhkk	16	30	14.39
bhkk	16	30	14.38
bhkk	15	30	6.37333
bhkk	16	30	14.38
bhkk	16	30	14.3767
bhkk	16	30	14.38
bhkk	16	30	14.3867
bhkk	15	30	6.37333
bhkk	16	30	14.39
bhkk	16	30	14.3867
bhkk	16	30	14.3867
bhkk	15	30	6.37
bhkk	16	30	14.3933
bhkk	16	30	14.3933
bhkk	16	30	14.38
bhkk	15	30	6.37333
bhkk	16	30	14.3833
bhkk	15	30	6.37
bhkk	16	30	14.3867
bhkk	16	30	14.3833
bhkk	16	30	14.3867
bhkk	16	30	14.3867
bhkk	16	30	14.3833
bhkk	16	30	14.3867
