bhkk	16	42	26.8
bhkk	16	42	26.81
bhkk	16	42	26.7567
bhkk	16	42	26.7533
bhkk	16	42	26.9133
bhkk	16	42	26.7767
bhkk	16	42	26.9533
bhkk	16	42	26.76
bhkk	16	42	26.76
bhkk	16	42	26.91
bhkk	16	42	27.1867
bhkk	16	42	27.7167
bhkk	16	42	26.76
bhkk	16	42	26.7533
bhkk	16	42	26.76
bhkk	16	42	26.7533
bhkk	16	42	26.7667
bhkk	16	42	26.7567
bhkk	16	42	26.7633
bhkk	16	42	26.7567
bhkk	16	42	26.76
bhkk	16	42	26.7633
bhkk	16	42	26.76
bhkk	16	42	27.3333
bhkk	16	42	26.7633
bhkk	16	42	26.95
bhkk	16	42	26.75
bhkk	16	42	26.7633
bhkk	16	42	26.7433
bhkk	16	42	27.99
bhkk	16	42	27.06
bhkk	16	42	27.1033
bhkk	16	42	26.78
bhkk	16	42	26.75
bhkk	16	42	26.7567
bhkk	16	42	26.8833
bhkk	16	42	26.7767
bhkk	16	42	26.76
bhkk	16	42	27.36
bhkk	16	42	26.77
bhkk	16	42	26.7633
bhkk	16	42	26.76
bhkk	16	42	26.9233
bhkk	16	42	26.7967
bhkk	16	42	26.79
bhkk	16	42	26.78
bhkk	16	42	27.0533
bhkk	16	42	26.8433
bhkk	16	42	26.8433
bhkk	16	42	26.7667
