bhkk	16	28	12.6033
bhkk	15	28	5.63333
bhkk	15	28	5.63
bhkk	16	28	12.6033
bhkk	16	28	12.6067
bhkk	16	28	12.6067
bhkk	16	28	12.6033
bhkk	15	28	5.63333
bhkk	16	28	12.61
bhkk	15	28	5.63
bhkk	15	28	5.63
bhkk	16	28	12.6067
bhkk	16	28	12.6067
bhkk	16	28	12.6033
bhkk	16	28	12.6
bhkk	16	28	12.6033
bhkk	16	28	12.6033
bhkk	16	28	12.6067
bhkk	16	28	12.6
bhkk	16	28	12.6067
bhkk	16	28	12.6033
bhkk	16	28	12.6
bhkk	16	28	12.6067
bhkk	16	28	12.6067
bhkk	15	28	5.63333
bhkk	16	28	12.6067
bhkk	16	28	12.6033
bhkk	16	28	12.6067
bhkk	16	28	12.6067
bhkk	16	28	12.6067
bhkk	16	28	12.6133
bhkk	16	28	12.6067
bhkk	16	28	12.6067
bhkk	15	28	5.63
bhkk	16	28	12.6167
bhkk	16	28	12.61
bhkk	16	28	12.61
bhkk	16	28	12.6033
bhkk	16	28	12.6
bhkk	16	28	12.61
bhkk	15	28	5.63333
bhkk	16	28	12.6067
bhkk	16	28	12.61
bhkk	16	28	12.6033
bhkk	16	28	12.6067
bhkk	15	28	5.63333
bhkk	16	28	12.6
bhkk	16	28	12.6167
bhkk	16	28	12.6033
bhkk	16	28	12.61
