hpr	16	48	7.23
hpr	16	48	3.22
hpr	16	48	4.29
hpr	16	48	5.68
hpr	16	48	6.55
hpr	16	48	1.81
hpr	16	48	4.12
hpr	16	48	3.8
hpr	16	48	7.42
hpr	16	48	5.09
hpr	16	48	6.51
hpr	16	48	3.88
hpr	16	48	4.61
hpr	16	48	5.83
hpr	16	48	3.41
hpr	16	48	3.15
hpr	16	48	6.89
hpr	16	48	1.67
hpr	16	48	3.08
hpr	16	48	6.39
hpr	16	48	2.41
hpr	16	48	4.88
hpr	16	48	4.02
hpr	16	48	5.64
hpr	16	48	4.52
hpr	16	48	6.87
hpr	16	48	3.17
hpr	16	48	6.93
hpr	16	48	3.77
hpr	16	48	4.54
hpr	16	48	4.82
hpr	16	48	5.86
hpr	16	48	4.91
hpr	16	48	2.87
hpr	16	48	4.94
hpr	16	48	1.58
hpr	16	48	2.94
hpr	16	48	3.21
hpr	16	48	5.79
hpr	16	48	2.44
hpr	16	48	3.93
hpr	16	48	4.34
hpr	16	48	4.04
hpr	16	48	2.91
hpr	16	48	2.05
hpr	16	48	5.54
hpr	16	48	2.27
hpr	16	48	2.28
hpr	16	48	4.53
hpr	16	48	4.34
