hpr	16	44	3.56
hpr	16	44	1.75
hpr	16	44	1.97
hpr	16	44	4.4
hpr	16	44	2.03
hpr	16	44	2.86
hpr	16	44	1.99
hpr	16	44	2.05
hpr	16	44	0.953
hpr	16	44	2.32
hpr	16	44	2.24
hpr	16	44	1.88
hpr	16	44	1.33
hpr	16	44	1.27
hpr	16	44	1.83
hpr	16	44	5.28
hpr	16	44	1.83
hpr	16	44	1.49
hpr	16	44	1.19
hpr	16	44	1.31
hpr	16	44	3.84
hpr	16	44	0.83
hpr	16	44	1.39
hpr	16	44	1.01
hpr	16	44	1.18
hpr	16	44	1.45
hpr	16	44	2.85
hpr	16	44	1.25
hpr	16	44	0.66
hpr	16	44	1.72
hpr	16	44	1.7
hpr	16	44	3.98
hpr	16	44	2.35
hpr	16	44	3.74
hpr	16	44	0.847
hpr	16	44	1.15
hpr	16	44	1.77
hpr	16	44	1.19
hpr	16	44	2.6
hpr	16	44	3.19
hpr	16	44	1.67
hpr	16	44	2.06
hpr	16	44	1.3
hpr	16	44	1.44
hpr	16	44	2.12
hpr	16	44	2.9
hpr	16	44	2.08
hpr	16	44	1.99
hpr	16	44	3.9
hpr	16	44	2.88
