bhkk	16	56	74.7467
bhkk	16	56	74.7
bhkk	16	56	74.72
bhkk	16	56	74.73
bhkk	16	56	74.7133
bhkk	16	56	74.7067
bhkk	16	56	74.73
bhkk	16	56	74.7167
bhkk	16	56	74.7133
bhkk	16	56	74.7133
bhkk	16	56	74.7033
bhkk	16	56	74.71
bhkk	16	56	74.7
bhkk	16	56	74.6933
bhkk	16	56	74.7367
bhkk	16	56	74.73
bhkk	16	56	74.7233
bhkk	16	56	74.71
bhkk	16	56	74.7133
bhkk	16	56	74.73
bhkk	16	56	74.7067
bhkk	16	56	74.7367
bhkk	16	56	74.72
bhkk	16	56	74.72
bhkk	16	56	74.71
bhkk	16	56	74.7067
bhkk	16	56	74.73
bhkk	16	56	74.7067
bhkk	16	56	74.7233
bhkk	16	56	74.72
bhkk	16	56	74.7233
bhkk	16	56	74.73
bhkk	16	56	74.71
bhkk	16	56	74.7133
bhkk	16	56	74.73
bhkk	16	56	74.71
bhkk	16	56	74.7167
bhkk	16	56	74.72
bhkk	16	56	74.7233
bhkk	16	56	74.7433
bhkk	16	56	74.7133
bhkk	16	56	74.7233
bhkk	16	56	74.7167
bhkk	16	56	74.7233
bhkk	16	56	74.72
bhkk	16	56	74.7167
bhkk	16	56	74.7233
bhkk	16	56	74.7033
bhkk	16	56	74.73
bhkk	16	56	74.73
