bhkk	16	50	69.04
bhkk	16	50	68.8467
bhkk	16	50	68.9
bhkk	16	50	68.7533
bhkk	16	50	68.6067
bhkk	16	50	68.62
bhkk	16	50	68.7067
bhkk	16	50	68.6767
bhkk	16	50	68.4933
bhkk	16	50	68.4467
bhkk	16	50	68.45
bhkk	16	50	68.47
bhkk	16	50	68.6667
bhkk	16	50	68.5133
bhkk	16	50	68.6
bhkk	16	50	68.58
bhkk	16	50	68.8467
bhkk	16	50	69.1167
bhkk	16	50	68.46
bhkk	16	50	68.69
bhkk	16	50	68.6833
bhkk	16	50	68.4533
bhkk	16	50	69.1367
bhkk	16	50	68.4733
bhkk	16	50	68.43
bhkk	16	50	68.4833
bhkk	16	50	68.4467
bhkk	16	50	68.4233
bhkk	16	50	68.42
bhkk	16	50	68.45
bhkk	16	50	68.4633
bhkk	16	50	68.4333
bhkk	16	50	68.41
bhkk	16	50	68.54
bhkk	16	50	68.4533
bhkk	16	50	68.76
bhkk	16	50	68.4733
bhkk	16	50	68.56
bhkk	16	50	68.41
bhkk	16	50	68.4533
bhkk	16	50	68.4433
bhkk	16	50	68.5633
bhkk	16	50	68.4933
bhkk	16	50	68.4467
bhkk	16	50	69.09
bhkk	16	50	68.4567
bhkk	16	50	68.5433
bhkk	16	50	68.41
bhkk	16	50	68.44
bhkk	16	50	68.4367
