bhkk	16	44	26.77
bhkk	16	44	53.5233
bhkk	16	44	26.78
bhkk	16	44	53.53
bhkk	16	44	53.5233
bhkk	16	44	26.7733
bhkk	16	44	26.7667
bhkk	16	44	26.7667
bhkk	16	44	26.7633
bhkk	16	44	53.5233
bhkk	16	44	26.77
bhkk	16	44	26.7767
bhkk	16	44	26.7733
bhkk	16	44	26.7767
bhkk	16	44	26.7767
bhkk	16	44	53.5133
bhkk	16	44	26.7733
bhkk	16	44	26.77
bhkk	16	44	26.7567
bhkk	16	44	26.7633
bhkk	16	44	53.52
bhkk	16	44	26.7667
bhkk	16	44	26.7733
bhkk	16	44	26.7667
bhkk	16	44	26.7667
bhkk	16	44	26.7633
bhkk	16	44	26.7733
bhkk	16	44	26.7667
bhkk	16	44	26.77
bhkk	16	44	26.77
bhkk	16	44	26.77
bhkk	16	44	53.5233
bhkk	16	44	53.53
bhkk	16	44	26.7667
bhkk	16	44	26.76
bhkk	16	44	26.7667
bhkk	16	44	26.77
bhkk	16	44	26.7633
bhkk	16	44	26.77
bhkk	16	44	53.5633
bhkk	16	44	26.77
bhkk	16	44	26.7667
bhkk	16	44	53.5167
bhkk	16	44	26.7633
bhkk	16	44	26.7733
bhkk	16	44	26.77
bhkk	16	44	26.77
bhkk	16	44	26.77
bhkk	16	44	53.5133
bhkk	16	44	53.5367
