bhkk	15	26	5.33667
bhkk	14	26	2.36667
bhkk	16	26	11.6967
bhkk	15	26	5.3
bhkk	15	26	5.3
bhkk	16	26	11.7
bhkk	16	26	11.6967
bhkk	16	26	11.7
bhkk	16	26	11.6967
bhkk	16	26	11.69
bhkk	16	26	11.7
bhkk	16	26	11.7033
bhkk	16	26	11.6967
bhkk	16	26	11.6967
bhkk	16	26	11.7
bhkk	16	26	11.7
bhkk	16	26	11.7
bhkk	16	26	11.69
bhkk	16	26	11.6967
bhkk	16	26	11.7033
bhkk	16	26	11.6967
bhkk	15	26	5.3
bhkk	16	26	11.7067
bhkk	16	26	11.7
bhkk	16	26	11.7
bhkk	16	26	11.7
bhkk	15	26	5.30333
bhkk	15	26	5.3
bhkk	15	26	5.29667
bhkk	15	26	5.3
bhkk	15	26	5.3
bhkk	15	26	5.29333
bhkk	16	26	11.7
bhkk	15	26	5.29667
bhkk	16	26	11.6967
bhkk	16	26	11.7967
bhkk	15	26	5.3
bhkk	16	26	11.7
bhkk	14	26	2.36333
bhkk	15	26	5.3
bhkk	16	26	11.6933
bhkk	16	26	11.7
bhkk	16	26	11.6933
bhkk	15	26	5.29667
bhkk	16	26	11.6933
bhkk	15	26	5.29333
bhkk	16	26	11.7
bhkk	15	26	5.29667
bhkk	16	26	11.6967
bhkk	16	26	11.7
