bhkk	16	20	5.45
bhkk	16	20	5.45
bhkk	16	20	5.45333
bhkk	15	20	2.65
bhkk	14	20	1.25333
bhkk	15	20	2.65333
bhkk	16	20	5.45
bhkk	15	20	2.65333
bhkk	16	20	5.45
bhkk	15	20	2.65333
bhkk	16	20	5.45333
bhkk	15	20	2.65
bhkk	16	20	5.46
bhkk	16	20	5.45
bhkk	16	20	5.45
bhkk	16	20	5.44667
bhkk	16	20	5.44667
bhkk	15	20	2.65333
bhkk	16	20	5.44667
bhkk	16	20	5.45
bhkk	15	20	2.65333
bhkk	14	20	1.25
bhkk	15	20	2.65333
bhkk	16	20	5.45
bhkk	15	20	2.65
bhkk	16	20	5.45
bhkk	15	20	2.65333
bhkk	15	20	2.65
bhkk	16	20	5.45667
bhkk	16	20	5.44333
bhkk	15	20	2.65333
bhkk	15	20	2.65333
bhkk	14	20	1.25333
bhkk	14	20	1.26
bhkk	15	20	2.65333
bhkk	16	20	5.45
bhkk	15	20	2.65333
bhkk	15	20	2.65333
bhkk	14	20	1.25
bhkk	16	20	5.45
bhkk	15	20	2.65333
bhkk	16	20	5.44333
bhkk	15	20	2.65
bhkk	16	20	5.45
bhkk	15	20	2.65333
bhkk	15	20	2.65333
bhkk	14	20	1.25333
bhkk	15	20	2.65333
bhkk	16	20	5.45333
bhkk	16	20	5.45
