hpr	14	18	0.00333
hpr	16	18	0
hpr	14	18	0
hpr	14	18	0.00333
hpr	16	18	0
hpr	14	18	0.00333
hpr	16	18	0
hpr	14	18	0
hpr	15	18	0.00333
hpr	15	18	0
hpr	16	18	0
hpr	13	18	0
hpr	14	18	0.00333
hpr	15	18	0
hpr	15	18	0
hpr	15	18	0
hpr	15	18	0.00333
hpr	15	18	0
hpr	15	18	0
hpr	15	18	0
hpr	15	18	0
hpr	16	18	0
hpr	13	18	0.00333
hpr	15	18	0
hpr	14	18	0
hpr	14	18	0
hpr	15	18	0
hpr	15	18	0.00333
hpr	14	18	0
hpr	16	18	0
hpr	13	18	0
hpr	13	18	0
hpr	14	18	0
hpr	16	18	0
hpr	14	18	0.00333
hpr	16	18	0
hpr	15	18	0.00333
hpr	14	18	0
hpr	14	18	0
hpr	15	18	0
hpr	15	18	0
hpr	15	18	0
hpr	13	18	0
hpr	14	18	0
hpr	14	18	0
hpr	16	18	0
hpr	14	18	0
hpr	15	18	0
hpr	16	18	0
hpr	16	18	0
