bj	16	56	6.63
bj	16	56	3.44
bj	16	56	15.6
bj	16	56	17.6
bj	16	56	7.01
bj	16	56	10.9
bj	16	56	4.82
bj	16	56	18.8
bj	16	56	5.63
bj	16	56	3.88
bj	16	56	6.89
bj	16	56	2.11
bj	16	56	3.07
bj	16	56	5.64
bj	16	56	3.87
bj	16	56	3.22
bj	16	56	10.3
bj	16	56	0.623
bj	16	56	4.35
bj	16	56	1.88
bj	16	56	9.43
bj	16	56	2.97
bj	16	56	3.11
bj	16	56	3.27
bj	16	56	6.03
bj	16	56	3.92
bj	16	56	8.36
bj	16	56	5.78
bj	16	56	6.39
bj	16	56	5.01
bj	16	56	6.87
bj	16	56	85.1
bj	16	56	6.15
bj	16	56	4.72
bj	16	56	2.07
bj	16	56	8.4
bj	16	56	0.983
bj	16	56	6.67
bj	16	56	12
bj	16	56	12.4
bj	16	56	10.1
bj	16	56	7.24
bj	16	56	8.64
bj	16	56	16.6
bj	16	56	1.71
bj	16	56	4.41
bj	16	56	8.83
bj	16	56	4.93
bj	16	56	5.59
bj	16	56	3.91
