hpr	16	20	0
hpr	16	20	0.00333
hpr	16	20	0
hpr	15	20	0
hpr	14	20	0.00333
hpr	15	20	0.00333
hpr	16	20	0
hpr	15	20	0.00333
hpr	16	20	0
hpr	15	20	0
hpr	16	20	0
hpr	15	20	0
hpr	16	20	0
hpr	16	20	0
hpr	16	20	0
hpr	16	20	0
hpr	16	20	0.00333
hpr	15	20	0
hpr	16	20	0.00333
hpr	16	20	0
hpr	15	20	0.00333
hpr	14	20	0
hpr	15	20	0.00333
hpr	16	20	0
hpr	15	20	0
hpr	16	20	0
hpr	15	20	0
hpr	15	20	0.00333
hpr	16	20	0
hpr	16	20	0
hpr	15	20	0
hpr	15	20	0
hpr	14	20	0
hpr	14	20	0
hpr	15	20	0.00333
hpr	16	20	0
hpr	15	20	0.00333
hpr	15	20	0
hpr	14	20	0.00333
hpr	16	20	0
hpr	15	20	0
hpr	16	20	0.00333
hpr	15	20	0
hpr	16	20	0
hpr	15	20	0
hpr	15	20	0
hpr	14	20	0.00333
hpr	15	20	0.00333
hpr	16	20	0
hpr	16	20	0
