bj	16	46	0.46
bj	16	46	0.573
bj	16	46	1.96
bj	16	46	1.1
bj	16	46	2.58
bj	16	46	0.47
bj	16	46	1.92
bj	16	46	0.363
bj	16	46	0.703
bj	16	46	0.323
bj	16	46	0.743
bj	16	46	0.24
bj	16	46	0.55
bj	16	46	7.66
bj	16	46	0.62
bj	16	46	1.74
bj	16	46	1.68
bj	16	46	0.243
bj	16	46	0.5
bj	16	46	0.457
bj	16	46	0.173
bj	16	46	0.427
bj	16	46	0.907
bj	16	46	1.62
bj	16	46	1.8
bj	16	46	0.36
bj	16	46	0.877
bj	16	46	0.523
bj	16	46	5.9
bj	16	46	1.23
bj	16	46	0.837
bj	16	46	0.247
bj	15	46	1.33
bj	16	46	0.463
bj	16	46	1.02
bj	16	46	1.02
bj	16	46	0.137
bj	16	46	0.66
bj	16	46	0.497
bj	16	46	1.74
bj	16	46	0.273
bj	16	46	1.78
bj	16	46	1.15
bj	16	46	0.33
bj	16	46	0.84
bj	16	46	0.927
bj	16	46	0.193
bj	16	46	1
bj	16	46	0.563
bj	16	46	0.22
