bhkk	16	54	87.8
bhkk	16	54	87.7767
bhkk	16	54	87.79
bhkk	16	54	87.77
bhkk	16	54	87.8
bhkk	16	54	87.78
bhkk	16	54	87.8067
bhkk	16	54	87.8133
bhkk	16	54	87.7933
bhkk	16	54	87.78
bhkk	16	54	87.7467
bhkk	16	54	87.7767
bhkk	16	54	87.79
bhkk	16	54	87.75
bhkk	16	54	87.76
bhkk	16	54	87.7633
bhkk	16	54	87.8033
bhkk	16	54	87.8133
bhkk	16	54	87.7767
bhkk	16	54	87.77
bhkk	16	54	87.8
bhkk	16	54	87.7533
bhkk	16	54	87.8
bhkk	16	54	87.77
bhkk	16	54	87.82
bhkk	16	54	87.7933
bhkk	16	54	87.8033
bhkk	16	54	87.82
bhkk	16	54	87.7767
bhkk	16	54	87.7767
bhkk	16	54	87.76
bhkk	16	54	87.8133
bhkk	16	54	87.78
bhkk	16	54	87.7833
bhkk	16	54	87.7733
bhkk	16	54	87.7533
bhkk	16	54	87.7733
bhkk	16	54	87.8167
bhkk	16	54	87.7867
bhkk	16	54	87.7933
bhkk	16	54	87.7767
bhkk	16	54	87.78
bhkk	16	54	87.7967
bhkk	16	54	87.7933
bhkk	16	54	87.7967
bhkk	16	54	87.8167
bhkk	16	54	87.78
bhkk	16	54	87.7633
bhkk	16	54	87.7733
bhkk	16	54	87.78
