hpr	16	46	2.08
hpr	16	46	4.91
hpr	16	46	5.78
hpr	16	46	2.74
hpr	16	46	5.21
hpr	16	46	2.72
hpr	16	46	5.09
hpr	16	46	4.45
hpr	16	46	3.1
hpr	16	46	3.65
hpr	16	46	1.91
hpr	16	46	3.94
hpr	16	46	2.78
hpr	16	46	4.07
hpr	16	46	4.51
hpr	16	46	5.11
hpr	16	46	4.86
hpr	16	46	2.17
hpr	16	46	3.9
hpr	16	46	2.34
hpr	16	46	2.28
hpr	16	46	1.15
hpr	16	46	3.56
hpr	16	46	3.94
hpr	16	46	3.67
hpr	16	46	4.93
hpr	16	46	4.09
hpr	16	46	4.88
hpr	16	46	3.92
hpr	16	46	2.83
hpr	16	46	4.98
hpr	16	46	1.64
hpr	15	46	2.94
hpr	16	46	4.81
hpr	16	46	5.39
hpr	16	46	4.03
hpr	16	46	1.75
hpr	16	46	5.88
hpr	16	46	1.51
hpr	16	46	4.81
hpr	16	46	1.44
hpr	16	46	7.28
hpr	16	46	4.41
hpr	16	46	1.34
hpr	16	46	2.08
hpr	16	46	4.74
hpr	16	46	2.42
hpr	16	46	5.53
hpr	16	46	2.38
hpr	16	46	2.05
