hpr	16	120	16.1
hpr	16	120	16.1
hpr	16	120	16.1
hpr	16	120	16.1
hpr	16	120	16.1
hpr	16	120	16.1
hpr	16	120	16.1
hpr	16	120	16.1
hpr	16	120	16.1
hpr	16	120	16.1
hpr	16	120	16.1
hpr	16	120	16.1
hpr	16	120	16.1
hpr	16	120	16.1
hpr	16	120	16.1
hpr	16	120	16.1
hpr	16	120	16.1
hpr	16	120	16.1
hpr	16	120	16.1
hpr	16	120	16.1
hpr	16	120	16.1
hpr	16	120	16.1
hpr	16	120	16.1
hpr	16	120	16.1
hpr	16	120	16.1
hpr	16	120	16.1
hpr	16	120	16.1
hpr	16	120	16.1
hpr	16	120	16.1
hpr	16	120	16.1
hpr	16	120	16.1
hpr	16	120	16.1
hpr	16	120	16.1
hpr	16	120	16
hpr	16	120	16.1
hpr	16	120	16.1
hpr	16	120	16.1
hpr	16	120	16.1
hpr	16	120	16.1
hpr	16	120	16.1
hpr	16	120	16.1
hpr	16	120	16.1
hpr	16	120	16.1
hpr	16	120	16.1
hpr	16	120	16.1
hpr	16	120	16.1
hpr	16	120	16.1
hpr	16	120	16.1
hpr	16	120	16.1
hpr	16	120	16.1
