bhkk	15	16	1.3
bhkk	15	16	1.25333
bhkk	16	16	2.00333
bhkk	13	16	0.356666
bhkk	15	16	1.25
bhkk	16	16	2.01
bhkk	16	16	2.00667
bhkk	16	16	2.00667
bhkk	13	16	0.356666
bhkk	14	16	0.693333
bhkk	14	16	0.696666
bhkk	14	16	0.693333
bhkk	13	16	0.356666
bhkk	14	16	0.693333
bhkk	13	16	0.356666
bhkk	13	16	0.356666
bhkk	15	16	1.26
bhkk	15	16	1.25667
bhkk	13	16	0.356666
bhkk	16	16	2.01
bhkk	15	16	1.26
bhkk	15	16	1.25333
bhkk	14	16	0.696666
bhkk	15	16	1.25667
bhkk	15	16	1.25667
bhkk	15	16	1.26
bhkk	14	16	0.693333
bhkk	16	16	2.00667
bhkk	14	16	0.696666
bhkk	14	16	0.693333
bhkk	15	16	1.25667
bhkk	16	16	2.00667
bhkk	15	16	1.25667
bhkk	15	16	1.25667
bhkk	12	16	0.173333
bhkk	15	16	1.25667
bhkk	14	16	0.693333
bhkk	14	16	0.693333
bhkk	16	16	2.01
bhkk	14	16	0.693333
bhkk	14	16	0.693333
bhkk	14	16	0.693333
bhkk	15	16	1.25667
bhkk	14	16	0.693333
bhkk	15	16	1.26
bhkk	13	16	0.356666
bhkk	13	16	0.356666
bhkk	15	16	1.25667
bhkk	15	16	1.25667
bhkk	13	16	0.353333
