hpr	16	38	0.24
hpr	16	38	0.28
hpr	16	38	0.57
hpr	16	38	1.04
hpr	16	38	0.153
hpr	16	38	0.72
hpr	16	38	0.707
hpr	16	38	0.313
hpr	16	38	0.63
hpr	16	38	0.947
hpr	16	38	0.263
hpr	16	38	0.643
hpr	16	38	0.457
hpr	16	38	0.28
hpr	16	38	0.313
hpr	16	38	0.47
hpr	16	38	0.307
hpr	16	38	0.133
hpr	16	38	0.503
hpr	16	38	0.227
hpr	16	38	1.06
hpr	16	38	0.347
hpr	16	38	0.123
hpr	16	38	0.377
hpr	16	38	0.47
hpr	16	38	0.497
hpr	16	38	0.447
hpr	16	38	0.637
hpr	16	38	0.5
hpr	16	38	0.387
hpr	16	38	0.5
hpr	16	38	0.367
hpr	16	38	0.27
hpr	16	38	0.29
hpr	16	38	0.41
hpr	15	38	0.737
hpr	16	38	0.327
hpr	16	38	1.24
hpr	16	38	0.31
hpr	16	38	0.287
hpr	16	38	0.597
hpr	16	38	0.557
hpr	16	38	0.537
hpr	16	38	0.713
hpr	16	38	0.333
hpr	16	38	0.32
hpr	16	38	0.55
hpr	16	38	0.5
hpr	16	38	0.74
hpr	16	38	0.267
