bj	16	50	2.25
bj	16	50	1.21
bj	16	50	1.71
bj	16	50	1.43
bj	16	50	3.62
bj	16	50	0.997
bj	16	50	3.12
bj	16	50	24
bj	16	50	1.31
bj	16	50	0.93
bj	16	50	3.2
bj	16	50	13.7
bj	16	50	1.12
bj	16	50	1.43
bj	16	50	2.01
bj	16	50	3.3
bj	16	50	2.71
bj	16	50	1.51
bj	16	50	3.55
bj	16	50	6.8
bj	16	50	1.3
bj	16	50	0.793
bj	16	50	0.92
bj	16	50	1.22
bj	16	50	4.89
bj	16	50	0.743
bj	16	50	1.41
bj	16	50	0.713
bj	16	50	1.1
bj	16	50	2
bj	16	50	0.9
bj	16	50	1.64
bj	16	50	5.7
bj	16	50	0.947
bj	16	50	2.27
bj	16	50	2.84
bj	16	50	0.443
bj	16	50	0.34
bj	16	50	4.21
bj	16	50	3.98
bj	16	50	3.26
bj	16	50	1.66
bj	16	50	1.96
bj	16	50	2.48
bj	16	50	0.683
bj	16	50	1.96
bj	16	50	0.707
bj	16	50	0.84
bj	16	50	3.75
bj	16	50	1.46
