bj	16	42	0.27
bj	16	42	0.73
bj	16	42	0.273
bj	16	42	0.17
bj	16	42	0.913
bj	16	42	0.537
bj	16	42	0.22
bj	16	42	0.197
bj	16	42	0.8
bj	16	42	1.01
bj	16	42	0.277
bj	16	42	0.26
bj	16	42	0.257
bj	16	42	0.49
bj	16	42	0.23
bj	16	42	0.137
bj	16	42	0.36
bj	16	42	0.453
bj	16	42	0.197
bj	16	42	0.223
bj	16	42	0.213
bj	16	42	0.59
bj	16	42	0.57
bj	16	42	0.847
bj	16	42	2.02
bj	16	42	0.277
bj	16	42	0.697
bj	16	42	0.253
bj	16	42	0.247
bj	16	42	0.347
bj	16	42	0.157
bj	16	42	0.337
bj	16	42	0.91
bj	16	42	0.297
bj	16	42	0.273
bj	16	42	0.293
bj	16	42	0.647
bj	16	42	0.257
bj	16	42	0.947
bj	16	42	0.41
bj	16	42	0.183
bj	16	42	0.173
bj	16	42	0.107
bj	16	42	0.197
bj	16	42	0.217
bj	16	42	0.507
bj	16	42	0.85
bj	16	42	0.88
bj	16	42	0.667
bj	16	42	0.29
