bhkk	16	24	9.81
bhkk	14	24	2.03667
bhkk	15	24	4.5
bhkk	15	24	4.5
bhkk	16	24	9.79
bhkk	15	24	4.50333
bhkk	16	24	9.79
bhkk	16	24	9.78666
bhkk	16	24	9.78666
bhkk	16	24	9.78666
bhkk	15	24	4.50333
bhkk	15	24	4.50333
bhkk	16	24	9.79
bhkk	16	24	9.78
bhkk	16	24	9.78
bhkk	15	24	4.5
bhkk	16	24	9.78333
bhkk	15	24	4.5
bhkk	15	24	4.50333
bhkk	16	24	9.79
bhkk	16	24	9.78666
bhkk	16	24	9.78666
bhkk	16	24	9.79
bhkk	16	24	9.78666
bhkk	16	24	9.79
bhkk	14	24	2.03
bhkk	16	24	9.79
bhkk	15	24	4.50333
bhkk	16	24	9.78333
bhkk	16	24	9.79
bhkk	15	24	4.50667
bhkk	16	24	9.78666
bhkk	16	24	9.78333
bhkk	16	24	9.78333
bhkk	15	24	4.50333
bhkk	15	24	4.50333
bhkk	16	24	9.78666
bhkk	15	24	4.50333
bhkk	14	24	2.03333
bhkk	16	24	9.79333
bhkk	16	24	9.78666
bhkk	15	24	4.50333
bhkk	16	24	9.78666
bhkk	15	24	4.5
bhkk	16	24	9.79
bhkk	16	24	9.78
bhkk	14	24	2.03333
bhkk	16	24	9.78666
bhkk	15	24	4.5
bhkk	16	24	9.78333
