bhkk	16	22	7.24667
bhkk	15	22	3.4
bhkk	15	22	3.4
bhkk	16	22	7.24667
bhkk	16	22	7.24333
bhkk	14	22	1.56
bhkk	16	22	7.24333
bhkk	16	22	7.24667
bhkk	16	22	7.24667
bhkk	16	22	7.24667
bhkk	16	22	7.25333
bhkk	15	22	3.4
bhkk	16	22	7.32667
bhkk	16	22	7.27333
bhkk	15	22	3.40333
bhkk	16	22	7.25333
bhkk	15	22	3.4
bhkk	15	22	3.4
bhkk	16	22	7.24667
bhkk	16	22	7.28333
bhkk	16	22	7.24667
bhkk	15	22	3.39667
bhkk	16	22	7.28667
bhkk	16	22	7.28333
bhkk	13	22	0.699999
bhkk	15	22	3.40333
bhkk	16	22	7.31667
bhkk	16	22	7.28667
bhkk	16	22	7.24667
bhkk	16	22	7.24667
bhkk	16	22	7.29333
bhkk	14	22	1.56
bhkk	15	22	3.4
bhkk	16	22	7.24333
bhkk	16	22	7.24
bhkk	16	22	7.29333
bhkk	16	22	7.3
bhkk	15	22	3.4
bhkk	16	22	7.25
bhkk	14	22	1.55667
bhkk	16	22	7.24667
bhkk	16	22	7.24333
bhkk	15	22	3.4
bhkk	14	22	1.56
bhkk	16	22	7.31
bhkk	15	22	3.4
bhkk	14	22	1.56
bhkk	14	22	1.56
bhkk	14	22	1.56
bhkk	15	22	3.4
