bhkk	16	70	105.733
bhkk	16	70	105.693
bhkk	16	70	105.707
bhkk	16	70	105.683
bhkk	16	70	105.743
bhkk	16	70	105.61
bhkk	16	70	105.67
bhkk	16	70	105.687
bhkk	16	70	105.673
bhkk	16	70	105.697
bhkk	16	70	105.693
bhkk	16	70	105.677
bhkk	16	70	105.69
bhkk	16	70	105.697
bhkk	16	70	105.687
bhkk	16	70	105.697
bhkk	16	70	105.7
bhkk	16	70	105.733
bhkk	16	70	105.663
bhkk	16	70	105.69
bhkk	16	70	105.677
bhkk	16	70	105.7
bhkk	16	70	105.667
bhkk	16	70	105.683
bhkk	16	70	105.683
bhkk	16	70	105.683
bhkk	16	70	105.687
bhkk	16	70	105.7
bhkk	16	70	105.693
bhkk	16	70	105.68
bhkk	16	70	105.647
bhkk	16	70	105.683
bhkk	16	70	105.673
bhkk	16	70	105.673
bhkk	16	70	105.707
bhkk	16	70	105.707
bhkk	16	70	105.703
bhkk	16	70	105.703
bhkk	16	70	105.707
bhkk	16	70	105.69
bhkk	16	70	105.667
bhkk	16	70	105.71
bhkk	16	70	105.667
bhkk	16	70	105.7
bhkk	16	70	105.673
bhkk	16	70	105.693
bhkk	16	70	105.7
bhkk	16	70	105.673
bhkk	16	70	105.733
bhkk	16	70	105.687
