bhkk	16	40	23.2333
bhkk	16	40	23.24
bhkk	16	40	23.2367
bhkk	16	40	23.2367
bhkk	16	40	23.2367
bhkk	16	40	23.2433
bhkk	16	40	23.2333
bhkk	16	40	23.2467
bhkk	16	40	23.24
bhkk	16	40	23.2467
bhkk	16	40	23.2367
bhkk	16	40	23.24
bhkk	16	40	23.2433
bhkk	16	40	23.2367
bhkk	16	40	23.2533
bhkk	16	40	23.2367
bhkk	16	40	23.2367
bhkk	16	40	23.24
bhkk	16	40	23.2467
bhkk	16	40	23.2467
bhkk	16	40	23.24
bhkk	16	40	23.2433
bhkk	16	40	23.2333
bhkk	16	40	23.2367
bhkk	16	40	23.2367
bhkk	16	40	23.2467
bhkk	16	40	23.2367
bhkk	16	40	23.2433
bhkk	16	40	23.2333
bhkk	16	40	23.2433
bhkk	16	40	23.2433
bhkk	16	40	23.2433
bhkk	16	40	23.24
bhkk	16	40	23.24
bhkk	16	40	23.2367
bhkk	16	40	23.2467
bhkk	16	40	23.2467
bhkk	16	40	23.2467
bhkk	16	40	23.2433
bhkk	16	40	23.2433
bhkk	16	40	23.25
bhkk	16	40	23.2333
bhkk	16	40	23.2467
bhkk	16	40	23.26
bhkk	16	40	23.2467
bhkk	16	40	23.24
bhkk	16	40	23.2233
bhkk	16	40	23.2367
bhkk	16	40	23.25
bhkk	16	40	23.24
