bhkk	16	68	95.86
bhkk	16	68	95.8867
bhkk	16	68	95.8733
bhkk	16	68	95.9067
bhkk	16	68	95.8633
bhkk	16	68	95.86
bhkk	16	68	95.87
bhkk	16	68	95.9033
bhkk	16	68	95.8767
bhkk	16	68	95.8467
bhkk	16	68	95.84
bhkk	16	68	95.8567
bhkk	16	68	95.8867
bhkk	16	68	95.9033
bhkk	16	68	95.8533
bhkk	16	68	95.87
bhkk	16	68	95.9
bhkk	16	68	95.8567
bhkk	16	68	95.88
bhkk	16	68	95.8733
bhkk	16	68	95.8733
bhkk	16	68	95.8533
bhkk	16	68	95.8933
bhkk	16	68	95.94
bhkk	16	68	95.8667
bhkk	16	68	95.8867
bhkk	16	68	95.89
bhkk	16	68	95.8633
bhkk	16	68	95.8967
bhkk	16	68	95.9433
bhkk	16	68	95.89
bhkk	16	68	95.8933
bhkk	16	68	95.8733
bhkk	16	68	95.8967
bhkk	16	68	95.8667
bhkk	16	68	95.8733
bhkk	16	68	95.8933
bhkk	16	68	95.87
bhkk	16	68	95.8733
bhkk	16	68	95.8667
bhkk	16	68	95.87
bhkk	16	68	95.87
bhkk	16	68	95.8767
bhkk	16	68	95.8767
bhkk	16	68	95.8767
bhkk	16	68	95.88
bhkk	16	68	95.87
bhkk	16	68	95.86
bhkk	16	68	95.87
bhkk	16	68	95.9367
