bj	15	26	0.0233
bj	14	26	0.02
bj	16	26	0.00667
bj	15	26	0.01
bj	15	26	0.0233
bj	16	26	0.00667
bj	16	26	0.00333
bj	16	26	0.00667
bj	16	26	0.00333
bj	16	26	0.00667
bj	16	26	0.00667
bj	16	26	0.01
bj	16	26	0.00667
bj	16	26	0.00667
bj	16	26	0.00667
bj	16	26	0.01
bj	16	26	0.00667
bj	16	26	0.00333
bj	16	26	0.00667
bj	16	26	0.00667
bj	16	26	0.00333
bj	15	26	0.00333
bj	16	26	0.0167
bj	16	26	0.00667
bj	16	26	0.00333
bj	16	26	0.00667
bj	15	26	0.01
bj	15	26	0.01
bj	15	26	0.00667
bj	15	26	0.00667
bj	15	26	0.01
bj	15	26	0.00667
bj	16	26	0.00667
bj	15	26	0.00667
bj	16	26	0.00667
bj	16	26	0.00667
bj	15	26	0.00667
bj	16	26	0.00333
bj	14	26	0.00667
bj	15	26	0.00333
bj	16	26	0.00667
bj	16	26	0.0133
bj	16	26	0.00667
bj	15	26	0.00667
bj	16	26	0.00333
bj	15	26	0.00333
bj	16	26	0.00667
bj	15	26	0.01
bj	16	26	0.01
bj	16	26	0.00667
