bhkk	16	38	21.4767
bhkk	16	38	21.47
bhkk	16	38	21.47
bhkk	16	38	21.4767
bhkk	16	38	21.48
bhkk	16	38	21.47
bhkk	16	38	21.4733
bhkk	16	38	21.4667
bhkk	16	38	21.4767
bhkk	16	38	21.4833
bhkk	16	38	21.4733
bhkk	16	38	21.48
bhkk	16	38	21.47
bhkk	16	38	21.4767
bhkk	16	38	21.4667
bhkk	16	38	21.4733
bhkk	16	38	21.47
bhkk	16	38	21.4667
bhkk	16	38	21.4733
bhkk	16	38	21.4667
bhkk	16	38	21.4767
bhkk	16	38	21.47
bhkk	16	38	21.4767
bhkk	16	38	21.46
bhkk	16	38	21.48
bhkk	16	38	21.4767
bhkk	16	38	21.4767
bhkk	16	38	21.47
bhkk	16	38	21.4767
bhkk	16	38	21.4733
bhkk	16	38	21.48
bhkk	16	38	21.4733
bhkk	16	38	21.4733
bhkk	16	38	21.4767
bhkk	16	38	21.47
bhkk	15	38	9.33
bhkk	16	38	21.4733
bhkk	16	38	21.47
bhkk	16	38	21.48
bhkk	16	38	21.47
bhkk	16	38	21.4733
bhkk	16	38	21.4633
bhkk	16	38	21.4733
bhkk	16	38	21.4667
bhkk	16	38	21.47
bhkk	16	38	21.4633
bhkk	16	38	21.4733
bhkk	16	38	21.47
bhkk	16	38	21.47
bhkk	16	38	21.4733
