bj	16	36	0.14
bj	16	36	0.03
bj	16	36	0.197
bj	16	36	0.2
bj	16	36	0.0367
bj	16	36	0.09
bj	16	36	0.0767
bj	16	36	0.16
bj	16	36	0.04
bj	16	36	0.0333
bj	16	36	0.0533
bj	16	36	0.0267
bj	15	36	0.0767
bj	16	36	0.0933
bj	16	36	0.08
bj	16	36	0.0367
bj	16	36	0.07
bj	16	36	0.0867
bj	16	36	0.07
bj	16	36	0.1
bj	16	36	0.0633
bj	16	36	0.25
bj	16	36	0.127
bj	16	36	0.1
bj	16	36	0.223
bj	16	36	0.08
bj	16	36	0.127
bj	16	36	0.0867
bj	16	36	0.0767
bj	16	36	0.103
bj	16	36	0.1
bj	16	36	0.0833
bj	16	36	0.09
bj	16	36	0.05
bj	16	36	0.42
bj	15	36	0.103
bj	16	36	0.0567
bj	16	36	0.0467
bj	16	36	0.0433
bj	16	36	0.05
bj	16	36	0.3
bj	16	36	0.117
bj	16	36	0.137
bj	16	36	0.0933
bj	16	36	0.0733
bj	15	36	0.13
bj	16	36	0.0733
bj	15	36	0.0633
bj	16	36	0.107
bj	16	36	0.07
