bhkk	16	32	16.21
bhkk	15	32	7.17666
bhkk	16	32	16.16
bhkk	16	32	16.1633
bhkk	16	32	16.1567
bhkk	16	32	16.16
bhkk	16	32	16.2367
bhkk	16	32	16.1533
bhkk	16	32	16.16
bhkk	16	32	16.1533
bhkk	16	32	16.16
bhkk	16	32	16.1533
bhkk	16	32	16.1467
bhkk	16	32	16.1467
bhkk	16	32	16.15
bhkk	16	32	16.15
bhkk	16	32	16.1533
bhkk	16	32	16.16
bhkk	16	32	16.3067
bhkk	16	32	16.16
bhkk	16	32	16.16
bhkk	16	32	16.15
bhkk	16	32	16.16
bhkk	16	32	16.15
bhkk	16	32	16.16
bhkk	16	32	16.15
bhkk	16	32	16.16
bhkk	16	32	16.16
bhkk	16	32	16.16
bhkk	16	32	16.16
bhkk	15	32	7.11
bhkk	16	32	16.4233
bhkk	16	32	16.1567
bhkk	15	32	7.26
bhkk	16	32	16.16
bhkk	16	32	16.16
bhkk	16	32	16.1533
bhkk	16	32	16.4067
bhkk	16	32	16.35
bhkk	16	32	16.1533
bhkk	16	32	16.1633
bhkk	16	32	16.15
bhkk	16	32	16.1767
bhkk	16	32	16.2
bhkk	16	32	16.1567
bhkk	16	32	16.2367
bhkk	16	32	16.16
bhkk	15	32	7.11667
bhkk	16	32	16.1633
bhkk	16	32	16.1633
