bj	16	48	2.86
bj	16	48	0.747
bj	16	48	0.323
bj	16	48	0.723
bj	16	48	1.38
bj	16	48	1.62
bj	16	48	2.58
bj	16	48	1.44
bj	16	48	2.42
bj	16	48	0.29
bj	16	48	1.16
bj	16	48	0.837
bj	16	48	0.637
bj	16	48	0.917
bj	16	48	1.43
bj	16	48	0.357
bj	16	48	1.12
bj	16	48	0.237
bj	16	48	0.723
bj	16	48	0.667
bj	16	48	0.507
bj	16	48	0.443
bj	16	48	3.01
bj	16	48	0.91
bj	16	48	1.32
bj	16	48	1.35
bj	16	48	0.94
bj	16	48	1.21
bj	16	48	0.327
bj	16	48	0.413
bj	16	48	0.927
bj	16	48	0.817
bj	16	48	0.553
bj	16	48	0.397
bj	16	48	2.2
bj	16	48	0.313
bj	16	48	0.42
bj	16	48	0.72
bj	16	48	5.59
bj	16	48	1.15
bj	16	48	0.83
bj	16	48	0.767
bj	16	48	0.727
bj	16	48	0.457
bj	16	48	1.05
bj	16	48	0.387
bj	16	48	0.717
bj	16	48	0.867
bj	16	48	0.867
bj	16	48	1.76
