bhkk	14	21	1.52667
bhkk	14	21	1.52333
bhkk	14	21	1.52333
bhkk	14	21	1.52333
bhkk	14	21	1.52333
bhkk	14	21	1.52333
bhkk	14	21	1.52333
bhkk	14	21	1.52667
bhkk	14	21	1.52333
bhkk	14	21	1.52667
bhkk	14	21	1.52667
bhkk	14	21	1.52667
bhkk	14	21	1.52667
bhkk	14	21	1.52333
bhkk	14	21	1.52333
bhkk	14	21	1.52333
bhkk	14	21	1.52667
bhkk	14	21	1.52333
bhkk	14	21	1.52333
bhkk	14	21	1.52333
bhkk	14	21	1.52333
bhkk	14	21	1.52667
bhkk	14	21	1.52667
bhkk	14	21	1.52333
bhkk	14	21	1.52333
bhkk	14	21	1.52667
bhkk	14	21	1.52333
bhkk	14	21	1.52667
bhkk	14	21	1.52333
bhkk	14	21	1.52333
bhkk	14	21	1.52667
bhkk	14	21	1.52333
bhkk	14	21	1.52333
bhkk	14	21	1.52667
bhkk	14	21	1.52333
bhkk	14	21	1.52333
bhkk	14	21	1.52333
bhkk	14	21	1.52333
bhkk	14	21	1.52333
bhkk	14	21	1.52667
bhkk	14	21	1.52333
bhkk	14	21	1.52667
bhkk	14	21	1.52333
bhkk	14	21	1.52333
bhkk	14	21	1.52333
bhkk	14	21	1.52333
bhkk	14	21	1.52667
bhkk	14	21	1.52
bhkk	14	21	1.52
bhkk	14	21	1.52333
bhkk	14	21	1.52333
bhkk	14	21	1.52667
bhkk	14	21	1.52333
bhkk	14	21	1.52333
bhkk	14	21	1.52667
bhkk	14	21	1.52333
bhkk	14	21	1.52667
bhkk	14	21	1.52333
bhkk	14	21	1.52333
bhkk	14	21	1.52333
bhkk	14	21	1.52333
bhkk	14	21	1.52333
bhkk	14	21	1.52333
bhkk	14	21	1.52333
bhkk	14	21	1.52333
bhkk	14	21	1.52333
bhkk	14	21	1.52333
bhkk	14	21	1.52333
bhkk	14	21	1.52667
bhkk	14	21	1.52333
bhkk	14	21	1.52333
bhkk	14	21	1.52667
bhkk	14	21	1.52667
bhkk	14	21	1.52333
bhkk	14	21	1.52667
bhkk	14	21	1.52333
bhkk	14	21	1.52333
bhkk	14	21	1.52667
bhkk	14	21	1.52
bhkk	14	21	1.52667
bhkk	14	21	1.52333
bhkk	14	21	1.52333
bhkk	14	21	1.52333
bhkk	14	21	1.52333
bhkk	14	21	1.52667
bhkk	14	21	1.52667
bhkk	14	21	1.52
bhkk	14	21	1.52667
bhkk	14	21	1.52333
bhkk	14	21	1.52
bhkk	14	21	1.52333
bhkk	14	21	1.52667
bhkk	14	21	1.52667
bhkk	14	21	1.52333
bhkk	14	21	1.52333
bhkk	14	21	1.52667
bhkk	14	21	1.52667
bhkk	14	21	1.52667
bhkk	14	21	1.52667
bhkk	14	21	1.52333
