bhkk	12	18	0.223333
bhkk	12	18	0.223333
bhkk	12	18	0.223333
bhkk	12	18	0.223333
bhkk	12	18	0.223333
bhkk	12	18	0.223333
bhkk	12	18	0.223333
bhkk	12	18	0.223333
bhkk	12	18	0.223333
bhkk	12	18	0.223333
bhkk	12	18	0.223333
bhkk	12	18	0.223333
bhkk	12	18	0.223333
bhkk	12	18	0.223333
bhkk	12	18	0.223333
bhkk	12	18	0.223333
bhkk	12	18	0.223333
bhkk	12	18	0.223333
bhkk	12	18	0.223333
bhkk	12	18	0.223333
bhkk	12	18	0.223333
bhkk	12	18	0.223333
bhkk	12	18	0.223333
bhkk	12	18	0.223333
bhkk	12	18	0.223333
bhkk	12	18	0.223333
bhkk	12	18	0.223333
bhkk	12	18	0.223333
bhkk	12	18	0.223333
bhkk	12	18	0.223333
bhkk	12	18	0.223333
bhkk	12	18	0.223333
bhkk	12	18	0.223333
bhkk	12	18	0.223333
bhkk	12	18	0.223333
bhkk	12	18	0.223333
bhkk	12	18	0.223333
bhkk	12	18	0.223333
bhkk	12	18	0.223333
bhkk	12	18	0.223333
bhkk	12	18	0.223333
bhkk	12	18	0.223333
bhkk	12	18	0.223333
bhkk	12	18	0.223333
bhkk	12	18	0.223333
bhkk	12	18	0.223333
bhkk	12	18	0.223333
bhkk	12	18	0.226666
bhkk	12	18	0.223333
bhkk	12	18	0.223333
bhkk	12	18	0.223333
bhkk	12	18	0.223333
bhkk	12	18	0.223333
bhkk	12	18	0.223333
bhkk	12	18	0.223333
bhkk	12	18	0.223333
bhkk	12	18	0.223333
bhkk	12	18	0.223333
bhkk	12	18	0.223333
bhkk	12	18	0.223333
bhkk	12	18	0.223333
bhkk	12	18	0.223333
bhkk	12	18	0.223333
bhkk	12	18	0.223333
bhkk	12	18	0.223333
bhkk	12	18	0.226666
bhkk	12	18	0.223333
bhkk	12	18	0.223333
bhkk	12	18	0.223333
bhkk	12	18	0.223333
bhkk	12	18	0.223333
bhkk	12	18	0.223333
bhkk	12	18	0.223333
bhkk	12	18	0.223333
bhkk	12	18	0.223333
bhkk	12	18	0.223333
bhkk	12	18	0.223333
bhkk	12	18	0.223333
bhkk	12	18	0.223333
bhkk	12	18	0.223333
bhkk	12	18	0.226666
bhkk	12	18	0.223333
bhkk	12	18	0.223333
bhkk	12	18	0.223333
bhkk	12	18	0.223333
bhkk	12	18	0.223333
bhkk	12	18	0.223333
bhkk	12	18	0.223333
bhkk	12	18	0.223333
bhkk	12	18	0.223333
bhkk	12	18	0.223333
bhkk	12	18	0.219999
bhkk	12	18	0.223333
bhkk	12	18	0.223333
bhkk	12	18	0.223333
bhkk	12	18	0.223333
bhkk	12	18	0.223333
bhkk	12	18	0.223333
bhkk	12	18	0.223333
bhkk	12	18	0.223333
