bj	12	18	0.00333
bj	12	18	0
bj	12	18	0
bj	12	18	0.00333
bj	12	18	0
bj	12	18	0
bj	12	18	0
bj	12	18	0
bj	12	18	0
bj	12	18	0
bj	12	18	0.00333
bj	12	18	0.00333
bj	12	18	0
bj	12	18	0
bj	12	18	0
bj	12	18	0
bj	12	18	0
bj	12	18	0
bj	12	18	0
bj	12	18	0.00333
bj	12	18	0.00333
bj	12	18	0.00333
bj	12	18	0
bj	12	18	0
bj	12	18	0
bj	12	18	0
bj	12	18	0.00333
bj	12	18	0
bj	12	18	0
bj	12	18	0
bj	12	18	0
bj	12	18	0
bj	12	18	0
bj	12	18	0
bj	12	18	0
bj	12	18	0
bj	12	18	0
bj	12	18	0.00333
bj	12	18	0.00333
bj	12	18	0
bj	12	18	0
bj	12	18	0
bj	12	18	0
bj	12	18	0.00333
bj	12	18	0
bj	12	18	0
bj	12	18	0
bj	12	18	0
bj	12	18	0
bj	12	18	0.00333
bj	12	18	0.00333
bj	12	18	0
bj	12	18	0.00333
bj	12	18	0.00333
bj	12	18	0
bj	12	18	0
bj	12	18	0
bj	12	18	0
bj	12	18	0
bj	12	18	0
bj	12	18	0
bj	12	18	0
bj	12	18	0
bj	12	18	0
bj	12	18	0
bj	12	18	0.00333
bj	12	18	0
bj	12	18	0.00333
bj	12	18	0.00333
bj	12	18	0
bj	12	18	0
bj	12	18	0
bj	12	18	0
bj	12	18	0
bj	12	18	0
bj	12	18	0
bj	12	18	0
bj	12	18	0
bj	12	18	0.00333
bj	12	18	0
bj	12	18	0
bj	12	18	0
bj	12	18	0
bj	12	18	0
bj	12	18	0
bj	12	18	0.00333
bj	12	18	0
bj	12	18	0
bj	12	18	0
bj	12	18	0.00333
bj	12	18	0
bj	12	18	0
bj	12	18	0
bj	12	18	0
bj	12	18	0
bj	12	18	0
bj	12	18	0
bj	12	18	0
bj	12	18	0
bj	12	18	0
