bj	34	51	1.01
bj	34	51	7.13
bj	34	51	7.66
bj	34	51	6.04
bj	34	51	0.647
bj	34	51	0.08
bj	34	51	2.22
bj	34	51	6.64
bj	34	51	5.62
bj	34	51	33.3
bj	34	51	2.79
bj	34	51	35
bj	34	51	128
bj	34	51	timeout
bj	34	51	0.617
bj	34	51	0.29
bj	34	51	0.0867
bj	34	51	16.4
bj	34	51	44.6
bj	34	51	171
bj	34	51	1.13
bj	34	51	0.253
bj	34	51	0.49
bj	34	51	0.283
bj	34	51	0.77
bj	34	51	4.23
bj	34	51	2.72
bj	34	51	7.67
bj	34	51	2.18
bj	34	51	5.78
bj	34	51	58.7
bj	34	51	4.7
bj	34	51	0.57
bj	34	51	4.22
bj	34	51	0.717
bj	34	51	3.9
bj	34	51	1.52
bj	34	51	3.53
bj	34	51	0.443
bj	34	51	10.2
bj	34	51	1.99
bj	34	51	0.263
bj	34	51	0.67
bj	34	51	6.17
bj	34	51	6.27
bj	34	51	0.967
bj	34	51	0.447
bj	34	51	3.44
bj	34	51	4
bj	34	51	10.9
bj	34	51	4.87
bj	34	51	12.3
bj	34	51	4
bj	34	51	44.2
bj	34	51	4.15
bj	34	51	6.17
bj	34	51	1.14
bj	34	51	42.3
bj	34	51	3.39
bj	34	51	2.18
bj	34	51	7.37
bj	34	51	0.31
bj	34	51	20.3
bj	34	51	21.6
bj	34	51	2.11
bj	34	51	2.1
bj	34	51	48.1
bj	34	51	2.62
bj	34	51	8.03
bj	34	51	10.2
bj	34	51	9.95
bj	34	51	2.38
bj	34	51	4.47
bj	34	51	0.263
bj	34	51	3.86
bj	34	51	73
bj	34	51	13.6
bj	34	51	4.81
bj	34	51	10.1
bj	34	51	0.4
bj	34	51	127
bj	34	51	1.34
bj	34	51	2.67
bj	34	51	2.95
bj	34	51	4.21
bj	34	51	46.6
bj	34	51	2.14
bj	34	51	7.32
bj	34	51	5.87
bj	34	51	30.7
bj	34	51	15.6
bj	34	51	4.08
bj	34	51	5.52
bj	34	51	2.62
bj	34	51	1.9
bj	34	51	3.65
bj	34	51	7.42
bj	34	51	32.8
bj	34	51	0.107
bj	34	51	0.697
