bj	20	30	0.0167
bj	20	30	0.03
bj	20	30	0.0167
bj	20	30	0.0133
bj	20	30	0.00333
bj	20	30	0.0333
bj	20	30	0.01
bj	20	30	0.01
bj	20	30	0.01
bj	20	30	0.0367
bj	20	30	0.01
bj	20	30	0.01
bj	20	30	0.00667
bj	20	30	0.0333
bj	20	30	0.00333
bj	20	30	0.02
bj	20	30	0.0333
bj	20	30	0.01
bj	20	30	0.01
bj	20	30	0.0133
bj	20	30	0.02
bj	20	30	0.0433
bj	20	30	0.0367
bj	20	30	0.00667
bj	20	30	0.01
bj	20	30	0.01
bj	20	30	0.01
bj	20	30	0.0367
bj	20	30	0.0433
bj	20	30	0.107
bj	20	30	0.02
bj	20	30	0.01
bj	20	30	0.0233
bj	20	30	0.0467
bj	20	30	0.0367
bj	20	30	0.01
bj	20	30	0.0133
bj	20	30	0.0267
bj	20	30	0.03
bj	20	30	0.02
bj	20	30	0.01
bj	20	30	0.0267
bj	20	30	0.00667
bj	20	30	0.02
bj	20	30	0.0167
bj	20	30	0.0367
bj	20	30	0.0433
bj	20	30	0.0167
bj	20	30	0.01
bj	20	30	0.03
bj	20	30	0.0267
bj	20	30	0.0267
bj	20	30	0.04
bj	20	30	0.02
bj	20	30	0.00667
bj	20	30	0.01
bj	20	30	0.0333
bj	20	30	0.04
bj	20	30	0.0733
bj	20	30	0.0167
bj	20	30	0.0367
bj	20	30	0.04
bj	20	30	0.0267
bj	20	30	0.00667
bj	20	30	0.05
bj	20	30	0.0233
bj	20	30	0.0267
bj	20	30	0.0933
bj	20	30	0.0733
bj	20	30	0.0533
bj	20	30	0.0133
bj	20	30	0.00667
bj	20	30	0.03
bj	20	30	0.01
bj	20	30	0.02
bj	20	30	0.0867
bj	20	30	0.0133
bj	20	30	0.0233
bj	20	30	0.05
bj	20	30	0.0567
bj	20	30	0.0467
bj	20	30	0.0167
bj	20	30	0.0133
bj	20	30	0.00333
bj	20	30	0.0367
bj	20	30	0.0233
bj	20	30	0.00667
bj	20	30	0.01
bj	20	30	0.00333
bj	20	30	0.01
bj	20	30	0.0367
bj	20	30	0.04
bj	20	30	0.01
bj	20	30	0.0233
bj	20	30	0.00667
bj	20	30	0.00333
bj	20	30	0.01
bj	20	30	0.0233
bj	20	30	0.00667
bj	20	30	0.0167
