bj	10	15	0.00333
bj	10	15	0
bj	10	15	0
bj	10	15	0
bj	10	15	0
bj	10	15	0
bj	10	15	0
bj	10	15	0
bj	10	15	0
bj	10	15	0
bj	10	15	0
bj	10	15	0
bj	10	15	0
bj	10	15	0
bj	10	15	0
bj	10	15	0
bj	10	15	0
bj	10	15	0
bj	10	15	0
bj	10	15	0
bj	10	15	0
bj	10	15	0
bj	10	15	0
bj	10	15	0
bj	10	15	0
bj	10	15	0
bj	10	15	0
bj	10	15	0
bj	10	15	0
bj	10	15	0
bj	10	15	0
bj	10	15	0
bj	10	15	0
bj	10	15	0
bj	10	15	0
bj	10	15	0
bj	10	15	0
bj	10	15	0
bj	10	15	0
bj	10	15	0
bj	10	15	0
bj	10	15	0
bj	10	15	0
bj	10	15	0
bj	10	15	0
bj	10	15	0
bj	10	15	0
bj	10	15	0
bj	10	15	0
bj	10	15	0
bj	10	15	0
bj	10	15	0
bj	10	15	0
bj	10	15	0
bj	10	15	0
bj	10	15	0
bj	10	15	0
bj	10	15	0
bj	10	15	0
bj	10	15	0
bj	10	15	0
bj	10	15	0
bj	10	15	0
bj	10	15	0
bj	10	15	0
bj	10	15	0
bj	10	15	0
bj	10	15	0
bj	10	15	0
bj	10	15	0
bj	10	15	0
bj	10	15	0
bj	10	15	0
bj	10	15	0
bj	10	15	0
bj	10	15	0
bj	10	15	0
bj	10	15	0
bj	10	15	0
bj	10	15	0
bj	10	15	0
bj	10	15	0
bj	10	15	0
bj	10	15	0
bj	10	15	0
bj	10	15	0
bj	10	15	0
bj	10	15	0
bj	10	15	0
bj	10	15	0
bj	10	15	0
bj	10	15	0
bj	10	15	0
bj	10	15	0
bj	10	15	0
bj	10	15	0
bj	10	15	0
bj	10	15	0
bj	10	15	0
bj	10	15	0
