bj	28	42	0.2
bj	28	42	0.39
bj	28	42	0.513
bj	28	42	1.14
bj	28	42	0.09
bj	28	42	1.44
bj	28	42	3.47
bj	28	42	0.383
bj	28	42	0.05
bj	28	42	1.2
bj	28	42	0.273
bj	28	42	0.467
bj	28	42	0.0767
bj	28	42	6.41
bj	28	42	2.98
bj	28	42	0.313
bj	28	42	0.22
bj	28	42	0.4
bj	28	42	0.223
bj	28	42	0.447
bj	28	42	0.113
bj	28	42	0.103
bj	28	42	0.177
bj	28	42	0.493
bj	28	42	0.623
bj	28	42	0.463
bj	28	42	1.13
bj	28	42	1.68
bj	28	42	0.36
bj	28	42	1.21
bj	28	42	0.257
bj	28	42	1.79
bj	28	42	0.0767
bj	28	42	0.95
bj	28	42	0.14
bj	28	42	0.0633
bj	28	42	0.213
bj	28	42	0.213
bj	28	42	0.54
bj	28	42	0.937
bj	28	42	0.877
bj	28	42	0.137
bj	28	42	1.01
bj	28	42	2.49
bj	28	42	0.28
bj	28	42	0.15
bj	28	42	5.37
bj	28	42	0.127
bj	28	42	1.24
bj	28	42	0.18
bj	28	42	0.0867
bj	28	42	0.08
bj	28	42	0.993
bj	28	42	0.317
bj	28	42	0.417
bj	28	42	0.377
bj	28	42	0.557
bj	28	42	0.25
bj	28	42	1.67
bj	28	42	0.417
bj	28	42	0.0533
bj	28	42	0.287
bj	28	42	0.313
bj	28	42	1.1
bj	28	42	0.3
bj	28	42	0.127
bj	28	42	1.43
bj	28	42	1.45
bj	28	42	0.0733
bj	28	42	0.647
bj	28	42	0.0467
bj	28	42	0.547
bj	28	42	0.05
bj	28	42	0.0333
bj	28	42	0.0767
bj	28	42	0.443
bj	28	42	0.91
bj	28	42	1.21
bj	28	42	0.19
bj	28	42	0.9
bj	28	42	0.323
bj	28	42	0.807
bj	28	42	1
bj	28	42	0.15
bj	28	42	0.94
bj	28	42	0.2
bj	28	42	0.177
bj	28	42	3.47
bj	28	42	0.453
bj	28	42	3.2
bj	28	42	0.323
bj	28	42	0.297
bj	28	42	0.457
bj	28	42	0.367
bj	28	42	0.0633
bj	28	42	0.383
bj	28	42	7.09
bj	28	42	0.163
bj	28	42	0.8
bj	28	42	0.81
