bhkk	10	15	0.033333
bhkk	10	15	0.033333
bhkk	10	15	0.029999
bhkk	10	15	0.029999
bhkk	10	15	0.033333
bhkk	10	15	0.029999
bhkk	10	15	0.029999
bhkk	10	15	0.029999
bhkk	10	15	0.033333
bhkk	10	15	0.029999
bhkk	10	15	0.033333
bhkk	10	15	0.029999
bhkk	10	15	0.029999
bhkk	10	15	0.033333
bhkk	10	15	0.033333
bhkk	10	15	0.029999
bhkk	10	15	0.029999
bhkk	10	15	0.029999
bhkk	10	15	0.029999
bhkk	10	15	0.029999
bhkk	10	15	0.029999
bhkk	10	15	0.029999
bhkk	10	15	0.033333
bhkk	10	15	0.033333
bhkk	10	15	0.029999
bhkk	10	15	0.029999
bhkk	10	15	0.029999
bhkk	10	15	0.029999
bhkk	10	15	0.029999
bhkk	10	15	0.029999
bhkk	10	15	0.029999
bhkk	10	15	0.033333
bhkk	10	15	0.029999
bhkk	10	15	0.029999
bhkk	10	15	0.029999
bhkk	10	15	0.029999
bhkk	10	15	0.029999
bhkk	10	15	0.029999
bhkk	10	15	0.033333
bhkk	10	15	0.029999
bhkk	10	15	0.033333
bhkk	10	15	0.029999
bhkk	10	15	0.029999
bhkk	10	15	0.029999
bhkk	10	15	0.029999
bhkk	10	15	0.029999
bhkk	10	15	0.029999
bhkk	10	15	0.029999
bhkk	10	15	0.029999
bhkk	10	15	0.029999
bhkk	10	15	0.029999
bhkk	10	15	0.029999
bhkk	10	15	0.033333
bhkk	10	15	0.029999
bhkk	10	15	0.029999
bhkk	10	15	0.029999
bhkk	10	15	0.033333
bhkk	10	15	0.029999
bhkk	10	15	0.029999
bhkk	10	15	0.029999
bhkk	10	15	0.029999
bhkk	10	15	0.029999
bhkk	10	15	0.029999
bhkk	10	15	0.029999
bhkk	10	15	0.029999
bhkk	10	15	0.029999
bhkk	10	15	0.029999
bhkk	10	15	0.029999
bhkk	10	15	0.029999
bhkk	10	15	0.029999
bhkk	10	15	0.029999
bhkk	10	15	0.029999
bhkk	10	15	0.029999
bhkk	10	15	0.029999
bhkk	10	15	0.029999
bhkk	10	15	0.029999
bhkk	10	15	0.029999
bhkk	10	15	0.029999
bhkk	10	15	0.029999
bhkk	10	15	0.033333
bhkk	10	15	0.029999
bhkk	10	15	0.029999
bhkk	10	15	0.029999
bhkk	10	15	0.029999
bhkk	10	15	0.033333
bhkk	10	15	0.029999
bhkk	10	15	0.029999
bhkk	10	15	0.029999
bhkk	10	15	0.029999
bhkk	10	15	0.029999
bhkk	10	15	0.029999
bhkk	10	15	0.033333
bhkk	10	15	0.029999
bhkk	10	15	0.029999
bhkk	10	15	0.033333
bhkk	10	15	0.033333
bhkk	10	15	0.029999
bhkk	10	15	0.029999
bhkk	10	15	0.029999
bhkk	10	15	0.029999
