bhkk	18	27	55.6667
bhkk	18	27	55.6733
bhkk	18	27	55.6633
bhkk	18	27	55.6533
bhkk	18	27	55.6667
bhkk	18	27	55.64
bhkk	18	27	55.6733
bhkk	18	27	55.6467
bhkk	18	27	55.6633
bhkk	18	27	55.6433
bhkk	18	27	55.6633
bhkk	18	27	55.6467
bhkk	18	27	55.6233
bhkk	18	27	55.6633
bhkk	18	27	55.6467
bhkk	18	27	55.6667
bhkk	18	27	55.65
bhkk	18	27	55.65
bhkk	18	27	55.6633
bhkk	18	27	55.66
bhkk	18	27	55.6367
bhkk	18	27	55.6567
bhkk	18	27	55.68
bhkk	18	27	55.62
bhkk	18	27	55.6567
bhkk	18	27	55.6367
bhkk	18	27	55.6467
bhkk	18	27	55.6667
bhkk	18	27	55.68
bhkk	18	27	55.6533
bhkk	18	27	55.62
bhkk	18	27	55.63
bhkk	18	27	55.67
bhkk	18	27	55.6733
bhkk	18	27	55.6767
bhkk	18	27	55.6633
bhkk	18	27	55.67
bhkk	18	27	55.6733
bhkk	18	27	55.65
bhkk	18	27	55.6633
bhkk	18	27	55.6633
bhkk	18	27	55.6533
bhkk	18	27	55.6433
bhkk	18	27	55.66
bhkk	18	27	55.6433
bhkk	18	27	55.6533
bhkk	18	27	55.6367
bhkk	18	27	55.6567
bhkk	18	27	55.6433
bhkk	18	27	55.6667
bhkk	18	27	55.66
bhkk	18	27	55.6667
bhkk	18	27	55.6567
bhkk	18	27	55.6567
bhkk	18	27	55.7
bhkk	18	27	55.65
bhkk	18	27	55.65
bhkk	18	27	55.6367
bhkk	18	27	55.6267
bhkk	18	27	55.6667
bhkk	18	27	55.6733
bhkk	18	27	55.6767
bhkk	18	27	55.6433
bhkk	18	27	55.6467
bhkk	18	27	55.6467
bhkk	18	27	55.6233
bhkk	18	27	55.65
bhkk	18	27	55.63
bhkk	18	27	55.6467
bhkk	18	27	55.6767
bhkk	18	27	55.65
bhkk	18	27	55.6433
bhkk	18	27	55.67
bhkk	18	27	55.62
bhkk	18	27	55.64
bhkk	18	27	55.66
bhkk	18	27	55.63
bhkk	18	27	55.65
bhkk	18	27	55.6433
bhkk	18	27	55.6567
bhkk	18	27	55.6567
bhkk	18	27	55.6733
bhkk	18	27	55.64
bhkk	18	27	55.6433
bhkk	18	27	55.64
bhkk	18	27	55.64
bhkk	18	27	55.6333
bhkk	18	27	55.67
bhkk	18	27	55.65
bhkk	18	27	55.66
bhkk	18	27	55.6667
bhkk	18	27	55.6667
bhkk	18	27	55.6567
bhkk	18	27	55.6333
bhkk	18	27	55.66
bhkk	18	27	55.66
bhkk	18	27	55.6367
bhkk	18	27	55.6567
bhkk	18	27	55.6533
bhkk	18	27	55.6633
