bj	26	39	0.333
bj	26	39	0.3
bj	26	39	0.407
bj	26	39	0.107
bj	26	39	0.04
bj	26	39	0.18
bj	26	39	0.09
bj	26	39	1.44
bj	26	39	0.5
bj	26	39	0.14
bj	26	39	3.66
bj	26	39	0.19
bj	26	39	0.257
bj	26	39	0.123
bj	26	39	1.43
bj	26	39	0.18
bj	26	39	0.657
bj	26	39	0.35
bj	26	39	0.0967
bj	26	39	0.163
bj	26	39	0.31
bj	26	39	0.117
bj	26	39	0.4
bj	26	39	0.71
bj	26	39	0.313
bj	26	39	0.107
bj	26	39	0.87
bj	26	39	0.29
bj	26	39	0.263
bj	26	39	0.55
bj	26	39	0.813
bj	26	39	0.987
bj	26	39	0.307
bj	26	39	0.66
bj	26	39	0.16
bj	26	39	0.32
bj	26	39	0.0467
bj	26	39	0.0633
bj	26	39	0.22
bj	26	39	0.17
bj	26	39	0.0467
bj	26	39	0.117
bj	26	39	1.73
bj	26	39	0.13
bj	26	39	0.0767
bj	26	39	0.79
bj	26	39	1.61
bj	26	39	0.0767
bj	26	39	0.517
bj	26	39	0.0467
bj	26	39	0.71
bj	26	39	0.35
bj	26	39	3.83
bj	26	39	0.0533
bj	26	39	0.0467
bj	26	39	2.02
bj	26	39	0.0567
bj	26	39	0.217
bj	26	39	0.14
bj	26	39	0.27
bj	26	39	0.117
bj	26	39	0.11
bj	26	39	0.293
bj	26	39	0.443
bj	26	39	0.0267
bj	26	39	0.0233
bj	26	39	0.583
bj	26	39	0.107
bj	26	39	0.03
bj	26	39	0.23
bj	26	39	0.24
bj	26	39	0.0833
bj	26	39	0.0333
bj	26	39	0.0767
bj	26	39	0.127
bj	26	39	0.05
bj	26	39	0.263
bj	26	39	0.14
bj	26	39	0.103
bj	26	39	0.07
bj	26	39	1.33
bj	26	39	0.233
bj	26	39	0.0233
bj	26	39	2.76
bj	26	39	0.313
bj	26	39	0.0633
bj	26	39	0.263
bj	26	39	0.05
bj	26	39	0.653
bj	26	39	0.15
bj	26	39	0.09
bj	26	39	0.113
bj	26	39	0.16
bj	26	39	0.09
bj	26	39	0.32
bj	26	39	0.707
bj	26	39	0.03
bj	26	39	0.93
bj	26	39	0.08
bj	26	39	0.36
