bj	30	45	0.89
bj	30	45	0.26
bj	30	45	2.23
bj	30	45	0.187
bj	30	45	0.573
bj	30	45	0.34
bj	30	45	0.793
bj	30	45	0.253
bj	30	45	3.94
bj	30	45	0.467
bj	30	45	0.0667
bj	30	45	1.16
bj	30	45	1.43
bj	30	45	0.0767
bj	30	45	0.26
bj	30	45	3.22
bj	30	45	4.56
bj	30	45	0.27
bj	30	45	0.0433
bj	30	45	0.06
bj	30	45	0.7
bj	30	45	1
bj	30	45	3.15
bj	30	45	0.22
bj	30	45	0.303
bj	30	45	0.887
bj	30	45	1.18
bj	30	45	0.243
bj	30	45	0.19
bj	30	45	1.11
bj	30	45	2.05
bj	30	45	0.103
bj	30	45	0.55
bj	30	45	4.93
bj	30	45	0.667
bj	30	45	2.21
bj	30	45	0.157
bj	30	45	0.433
bj	30	45	2.95
bj	30	45	1.16
bj	30	45	1.39
bj	30	45	0.327
bj	30	45	0.113
bj	30	45	0.433
bj	30	45	3.78
bj	30	45	2.06
bj	30	45	0.517
bj	30	45	2.79
bj	30	45	0.147
bj	30	45	1.72
bj	30	45	0.23
bj	30	45	0.93
bj	30	45	0.0367
bj	30	45	0.377
bj	30	45	0.51
bj	30	45	0.307
bj	30	45	0.283
bj	30	45	9.46
bj	30	45	0.917
bj	30	45	0.24
bj	30	45	6.4
bj	30	45	0.117
bj	30	45	1.8
bj	30	45	0.0567
bj	30	45	1.13
bj	30	45	0.09
bj	30	45	0.187
bj	30	45	0.78
bj	30	45	1.39
bj	30	45	0.6
bj	30	45	1.43
bj	30	45	0.337
bj	30	45	0.16
bj	30	45	0.213
bj	30	45	0.703
bj	30	45	1.23
bj	30	45	1.51
bj	30	45	11.8
bj	30	45	8.23
bj	30	45	1.01
bj	30	45	0.24
bj	30	45	1.02
bj	30	45	0.28
bj	30	45	1.02
bj	30	45	1.18
bj	30	45	0.317
bj	30	45	0.847
bj	30	45	0.27
bj	30	45	0.147
bj	30	45	0.293
bj	30	45	2.31
bj	30	45	0.183
bj	30	45	0.0733
bj	30	45	0.247
bj	30	45	7.43
bj	30	45	1.23
bj	30	45	1.17
bj	30	45	0.36
bj	30	45	4.54
bj	30	45	1.07
