bj	24	36	0.0633
bj	24	36	0.213
bj	24	36	0.27
bj	24	36	0.203
bj	24	36	0.0467
bj	24	36	0.08
bj	24	36	0.04
bj	24	36	0.22
bj	24	36	0.02
bj	24	36	0.107
bj	24	36	0.147
bj	24	36	0.263
bj	24	36	0.457
bj	24	36	0.0167
bj	24	36	0.0367
bj	24	36	0.0433
bj	24	36	0.0567
bj	24	36	0.04
bj	24	36	0.0533
bj	24	36	0.03
bj	24	36	0.187
bj	24	36	0.0233
bj	24	36	0.2
bj	24	36	0.0867
bj	24	36	0.06
bj	24	36	0.0633
bj	24	36	0.01
bj	24	36	0.103
bj	24	36	0.1
bj	24	36	0.0233
bj	24	36	0.0167
bj	24	36	0.223
bj	24	36	0.0133
bj	24	36	0.0433
bj	24	36	0.123
bj	24	36	0.16
bj	24	36	0.0933
bj	24	36	0.287
bj	24	36	0.0167
bj	24	36	0.223
bj	24	36	0.857
bj	24	36	0.0167
bj	24	36	0.0333
bj	24	36	0.403
bj	24	36	0.197
bj	24	36	0.0333
bj	24	36	0.12
bj	24	36	0.0167
bj	24	36	0.0833
bj	24	36	0.113
bj	24	36	0.0233
bj	24	36	0.48
bj	24	36	0.213
bj	24	36	0.04
bj	24	36	0.0333
bj	24	36	0.0933
bj	24	36	0.0967
bj	24	36	0.0767
bj	24	36	0.217
bj	24	36	0.02
bj	24	36	0.11
bj	24	36	0.0567
bj	24	36	0.137
bj	24	36	0.243
bj	24	36	0.0767
bj	24	36	0.0767
bj	24	36	0.0533
bj	24	36	0.0733
bj	24	36	0.0467
bj	24	36	0.373
bj	24	36	0.183
bj	24	36	0.0767
bj	24	36	0.0367
bj	24	36	0.03
bj	24	36	0.0167
bj	24	36	0.05
bj	24	36	0.0333
bj	24	36	0.177
bj	24	36	0.0167
bj	24	36	0.0533
bj	24	36	0.0533
bj	24	36	0.0233
bj	24	36	0.02
bj	24	36	0.187
bj	24	36	0.0933
bj	24	36	0.04
bj	24	36	0.0333
bj	24	36	0.02
bj	24	36	0.0633
bj	24	36	0.0333
bj	24	36	0.0467
bj	24	36	0.173
bj	24	36	0.0733
bj	24	36	0.0333
bj	24	36	0.0433
bj	24	36	0.04
bj	24	36	0.117
bj	24	36	0.0133
bj	24	36	0.243
bj	24	36	0.33
