bj	18	27	0.00333
bj	18	27	0.00667
bj	18	27	0.0233
bj	18	27	0.00667
bj	18	27	0.00667
bj	18	27	0.00333
bj	18	27	0.00333
bj	18	27	0.00667
bj	18	27	0.0233
bj	18	27	0.00333
bj	18	27	0.00333
bj	18	27	0.0133
bj	18	27	0.00667
bj	18	27	0.00667
bj	18	27	0.01
bj	18	27	0.0233
bj	18	27	0.00333
bj	18	27	0.01
bj	18	27	0.01
bj	18	27	0.0133
bj	18	27	0.00333
bj	18	27	0.00667
bj	18	27	0.0267
bj	18	27	0.00333
bj	18	27	0.01
bj	18	27	0.01
bj	18	27	0.0133
bj	18	27	0.00333
bj	18	27	0.00667
bj	18	27	0.0267
bj	18	27	0.0167
bj	18	27	0.0133
bj	18	27	0
bj	18	27	0.0167
bj	18	27	0.01
bj	18	27	0.01
bj	18	27	0.00667
bj	18	27	0.02
bj	18	27	0.00667
bj	18	27	0.0133
bj	18	27	0.00333
bj	18	27	0.00667
bj	18	27	0.0167
bj	18	27	0.0133
bj	18	27	0.0133
bj	18	27	0.02
bj	18	27	0.0133
bj	18	27	0.01
bj	18	27	0.01
bj	18	27	0.00333
bj	18	27	0.0167
bj	18	27	0.0433
bj	18	27	0.00667
bj	18	27	0.00667
bj	18	27	0.00667
bj	18	27	0.01
bj	18	27	0.00333
bj	18	27	0.0133
bj	18	27	0.0233
bj	18	27	0.00667
bj	18	27	0.0133
bj	18	27	0.0133
bj	18	27	0.00333
bj	18	27	0.00333
bj	18	27	0.00333
bj	18	27	0.00667
bj	18	27	0.0133
bj	18	27	0.00667
bj	18	27	0.0133
bj	18	27	0.03
bj	18	27	0.00667
bj	18	27	0.01
bj	18	27	0.01
bj	18	27	0.00667
bj	18	27	0.01
bj	18	27	0.00667
bj	18	27	0.0133
bj	18	27	0.0167
bj	18	27	0.01
bj	18	27	0.00333
bj	18	27	0.0133
bj	18	27	0.00667
bj	18	27	0.00333
bj	18	27	0.01
bj	18	27	0.00333
bj	18	27	0.02
bj	18	27	0.00333
bj	18	27	0.0233
bj	18	27	0.00667
bj	18	27	0.02
bj	18	27	0.00333
bj	18	27	0.00667
bj	18	27	0.0133
bj	18	27	0.0167
bj	18	27	0.00667
bj	18	27	0.0133
bj	18	27	0.0167
bj	18	27	0.0133
bj	18	27	0.00667
bj	18	27	0.01
