bj	36	54	8.71
bj	36	54	0.683
bj	36	54	7.15
bj	36	54	3.31
bj	36	54	140
bj	36	54	17.9
bj	36	54	28.9
bj	36	54	20.5
bj	36	54	49
bj	36	54	1.98
bj	36	54	8.58
bj	36	54	3.66
bj	36	54	0.887
bj	36	54	timeout
bj	36	54	8.59
bj	36	54	11.5
bj	36	54	33.8
bj	36	54	7.8
bj	36	54	11
bj	36	54	1.07
bj	36	54	0.923
bj	36	54	11.7
bj	36	54	7.16
bj	36	54	1.75
bj	36	54	0.433
bj	36	54	5.26
bj	36	54	2.15
bj	36	54	7.72
bj	36	54	10.4
bj	36	54	36.1
bj	36	54	timeout
bj	36	54	2.08
bj	36	54	7.28
bj	36	54	4.28
bj	36	54	22.1
bj	36	54	4.81
bj	36	54	0.51
bj	36	54	16.4
bj	36	54	63.6
bj	36	54	9.94
bj	36	54	23.9
bj	36	54	1.34
bj	36	54	6.55
bj	36	54	162
bj	36	54	4.34
bj	36	54	0.957
bj	36	54	0.867
bj	36	54	1.13
bj	36	54	81.8
bj	36	54	3.79
bj	36	54	23.1
bj	36	54	1.19
bj	36	54	0.81
bj	36	54	timeout
bj	36	54	16.6
bj	36	54	37
bj	36	54	15.1
bj	36	54	0.457
bj	36	54	54.6
bj	36	54	20.7
bj	36	54	4.84
bj	36	54	6.4
bj	36	54	0.257
bj	36	54	2.53
bj	36	54	23
bj	36	54	1.71
bj	36	54	4.22
bj	36	54	8.4
bj	36	54	29.8
bj	36	54	1.31
bj	36	54	0.833
bj	36	54	2.53
bj	36	54	29.8
bj	36	54	11.5
bj	36	54	3.39
bj	36	54	93.2
bj	36	54	26
bj	36	54	1.09
bj	36	54	8.37
bj	36	54	32.5
bj	36	54	1.71
bj	36	54	4.14
bj	36	54	15.7
bj	36	54	1.22
bj	36	54	13.5
bj	36	54	2.76
bj	36	54	1.18
bj	36	54	39.8
bj	36	54	9.95
bj	36	54	10
bj	36	54	26.8
bj	36	54	2.02
bj	36	54	1.71
bj	36	54	70.1
bj	36	54	25.1
bj	36	54	3.77
bj	36	54	10.2
bj	36	54	24.3
bj	36	54	49
bj	36	54	10.2
