bj	32	48	2.4
bj	32	48	1.85
bj	32	48	1.44
bj	32	48	0.423
bj	32	48	4.26
bj	32	48	0.477
bj	32	48	9.53
bj	32	48	3.62
bj	32	48	0.757
bj	32	48	2.18
bj	32	48	0.203
bj	32	48	4.85
bj	32	48	0.78
bj	32	48	1.38
bj	32	48	3.65
bj	32	48	20.7
bj	32	48	4
bj	32	48	0.39
bj	32	48	63.2
bj	32	48	0.967
bj	32	48	1.03
bj	32	48	0.97
bj	32	48	8.27
bj	32	48	0.827
bj	32	48	0.603
bj	32	48	3.23
bj	32	48	5.09
bj	32	48	1.4
bj	32	48	0.0833
bj	32	48	5.5
bj	32	48	4.69
bj	32	48	15
bj	32	48	19
bj	32	48	8.42
bj	32	48	0.627
bj	32	48	0.56
bj	32	48	0.647
bj	32	48	0.497
bj	32	48	2.91
bj	32	48	28.8
bj	32	48	1.55
bj	32	48	35.8
bj	32	48	4.16
bj	32	48	2.16
bj	32	48	0.59
bj	32	48	1.68
bj	32	48	0.59
bj	32	48	13.6
bj	32	48	2.07
bj	32	48	0.247
bj	32	48	2.65
bj	32	48	0.627
bj	32	48	13.5
bj	32	48	5.63
bj	32	48	7.71
bj	32	48	0.557
bj	32	48	21.2
bj	32	48	0.0633
bj	32	48	2.27
bj	32	48	6.57
bj	32	48	2.06
bj	32	48	6.94
bj	32	48	14.8
bj	32	48	0.923
bj	32	48	1.71
bj	32	48	7.94
bj	32	48	0.577
bj	32	48	3.38
bj	32	48	5.39
bj	32	48	0.26
bj	32	48	0.197
bj	32	48	12.6
bj	32	48	0.573
bj	32	48	1.2
bj	32	48	2.38
bj	32	48	4.55
bj	32	48	0.123
bj	32	48	13.2
bj	32	48	3.27
bj	32	48	5.55
bj	32	48	0.763
bj	32	48	2.61
bj	32	48	2.62
bj	32	48	3.75
bj	32	48	37.3
bj	32	48	4.95
bj	32	48	7.58
bj	32	48	0.213
bj	32	48	0.253
bj	32	48	0.1
bj	32	48	0.68
bj	32	48	16
bj	32	48	1.28
bj	32	48	3.76
bj	32	48	42.6
bj	32	48	1.13
bj	32	48	4.13
bj	32	48	1.38
bj	32	48	2.15
bj	32	48	1.34
