BJ	10	15	0.00333
BJ	10	15	0
BJ	10	15	0
BJ	10	15	0
BJ	10	15	0
BJ	10	15	0
BJ	10	15	0
BJ	10	15	0
BJ	10	15	0
BJ	10	15	0
BJ	10	15	0
BJ	10	15	0
BJ	10	15	0
BJ	10	15	0
BJ	10	15	0
BJ	10	15	0
BJ	10	15	0
BJ	10	15	0
BJ	10	15	0
BJ	10	15	0
BJ	10	15	0
BJ	10	15	0
BJ	10	15	0
BJ	10	15	0
BJ	10	15	0
BJ	10	15	0
BJ	10	15	0
BJ	10	15	0
BJ	10	15	0
BJ	10	15	0
BJ	10	15	0
BJ	10	15	0
BJ	10	15	0
BJ	10	15	0
BJ	10	15	0
BJ	10	15	0
BJ	10	15	0
BJ	10	15	0
BJ	10	15	0
BJ	10	15	0
BJ	10	15	0
BJ	10	15	0
BJ	10	15	0
BJ	10	15	0
BJ	10	15	0
BJ	10	15	0
BJ	10	15	0
BJ	10	15	0
BJ	10	15	0
BJ	10	15	0
BJ	10	15	0
BJ	10	15	0
BJ	10	15	0
BJ	10	15	0
BJ	10	15	0
BJ	10	15	0
BJ	10	15	0
BJ	10	15	0
BJ	10	15	0
BJ	10	15	0
BJ	10	15	0
BJ	10	15	0
BJ	10	15	0
BJ	10	15	0
BJ	10	15	0
BJ	10	15	0
BJ	10	15	0
BJ	10	15	0
BJ	10	15	0
BJ	10	15	0
BJ	10	15	0
BJ	10	15	0
BJ	10	15	0
BJ	10	15	0
BJ	10	15	0
BJ	10	15	0
BJ	10	15	0
BJ	10	15	0
BJ	10	15	0
BJ	10	15	0
BJ	10	15	0
BJ	10	15	0
BJ	10	15	0
BJ	10	15	0
BJ	10	15	0
BJ	10	15	0
BJ	10	15	0
BJ	10	15	0
BJ	10	15	0
BJ	10	15	0
BJ	10	15	0
BJ	10	15	0
BJ	10	15	0
BJ	10	15	0
BJ	10	15	0
BJ	10	15	0
BJ	10	15	0
BJ	10	15	0
BJ	10	15	0
BJ	10	15	0
BJ	12	18	0.00333
BJ	12	18	0
BJ	12	18	0
BJ	12	18	0.00333
BJ	12	18	0
BJ	12	18	0
BJ	12	18	0
BJ	12	18	0
BJ	12	18	0
BJ	12	18	0
BJ	12	18	0.00333
BJ	12	18	0.00333
BJ	12	18	0
BJ	12	18	0
BJ	12	18	0
BJ	12	18	0
BJ	12	18	0
BJ	12	18	0
BJ	12	18	0
BJ	12	18	0.00333
BJ	12	18	0.00333
BJ	12	18	0.00333
BJ	12	18	0
BJ	12	18	0
BJ	12	18	0
BJ	12	18	0
BJ	12	18	0.00333
BJ	12	18	0
BJ	12	18	0
BJ	12	18	0
BJ	12	18	0
BJ	12	18	0
BJ	12	18	0
BJ	12	18	0
BJ	12	18	0
BJ	12	18	0
BJ	12	18	0
BJ	12	18	0.00333
BJ	12	18	0.00333
BJ	12	18	0
BJ	12	18	0
BJ	12	18	0
BJ	12	18	0
BJ	12	18	0.00333
BJ	12	18	0
BJ	12	18	0
BJ	12	18	0
BJ	12	18	0
BJ	12	18	0
BJ	12	18	0.00333
BJ	12	18	0.00333
BJ	12	18	0
BJ	12	18	0.00333
BJ	12	18	0.00333
BJ	12	18	0
BJ	12	18	0
BJ	12	18	0
BJ	12	18	0
BJ	12	18	0
BJ	12	18	0
BJ	12	18	0
BJ	12	18	0
BJ	12	18	0
BJ	12	18	0
BJ	12	18	0
BJ	12	18	0.00333
BJ	12	18	0
BJ	12	18	0.00333
BJ	12	18	0.00333
BJ	12	18	0
BJ	12	18	0
BJ	12	18	0
BJ	12	18	0
BJ	12	18	0
BJ	12	18	0
BJ	12	18	0
BJ	12	18	0
BJ	12	18	0
BJ	12	18	0.00333
BJ	12	18	0
BJ	12	18	0
BJ	12	18	0
BJ	12	18	0
BJ	12	18	0
BJ	12	18	0
BJ	12	18	0.00333
BJ	12	18	0
BJ	12	18	0
BJ	12	18	0
BJ	12	18	0.00333
BJ	12	18	0
BJ	12	18	0
BJ	12	18	0
BJ	12	18	0
BJ	12	18	0
BJ	12	18	0
BJ	12	18	0
BJ	12	18	0
BJ	12	18	0
BJ	12	18	0
BJ	14	21	0.00333
BJ	14	21	0.00333
BJ	14	21	0.00333
BJ	14	21	0.00667
BJ	14	21	0
BJ	14	21	0.00333
BJ	14	21	0.00333
BJ	14	21	0.00333
BJ	14	21	0.00333
BJ	14	21	0.00333
BJ	14	21	0.00333
BJ	14	21	0.00667
BJ	14	21	0.00333
BJ	14	21	0.00333
BJ	14	21	0.00333
BJ	14	21	0.00333
BJ	14	21	0.00333
BJ	14	21	0.00333
BJ	14	21	0.00333
BJ	14	21	0.00333
BJ	14	21	0.00333
BJ	14	21	0.00667
BJ	14	21	0.00333
BJ	14	21	0
BJ	14	21	0.00333
BJ	14	21	0.00333
BJ	14	21	0
BJ	14	21	0.00667
BJ	14	21	0.00333
BJ	14	21	0.00333
BJ	14	21	0
BJ	14	21	0.00333
BJ	14	21	0.00333
BJ	14	21	0.00333
BJ	14	21	0.00333
BJ	14	21	0
BJ	14	21	0.00333
BJ	14	21	0.00333
BJ	14	21	0.00333
BJ	14	21	0.00333
BJ	14	21	0.00333
BJ	14	21	0.00333
BJ	14	21	0.00667
BJ	14	21	0.00333
BJ	14	21	0.00333
BJ	14	21	0.00333
BJ	14	21	0
BJ	14	21	0.00333
BJ	14	21	0.00333
BJ	14	21	0.00333
BJ	14	21	0
BJ	14	21	0
BJ	14	21	0.00667
BJ	14	21	0.00333
BJ	14	21	0.00333
BJ	14	21	0
BJ	14	21	0.00333
BJ	14	21	0.00333
BJ	14	21	0.00667
BJ	14	21	0
BJ	14	21	0.00333
BJ	14	21	0.00333
BJ	14	21	0.00333
BJ	14	21	0.00333
BJ	14	21	0.00333
BJ	14	21	0.00333
BJ	14	21	0.00333
BJ	14	21	0.00333
BJ	14	21	0.00333
BJ	14	21	0.00333
BJ	14	21	0.00333
BJ	14	21	0
BJ	14	21	0.00333
BJ	14	21	0.00333
BJ	14	21	0.00333
BJ	14	21	0.00333
BJ	14	21	0
BJ	14	21	0.00333
BJ	14	21	0.00667
BJ	14	21	0.00333
BJ	14	21	0
BJ	14	21	0.00333
BJ	14	21	0
BJ	14	21	0.00667
BJ	14	21	0.00333
BJ	14	21	0.00333
BJ	14	21	0.00333
BJ	14	21	0
BJ	14	21	0.00333
BJ	14	21	0
BJ	14	21	0.00333
BJ	14	21	0.00333
BJ	14	21	0
BJ	14	21	0.00333
BJ	14	21	0.00333
BJ	14	21	0.00333
BJ	14	21	0.00333
BJ	14	21	0.00333
BJ	14	21	0.00333
BJ	14	21	0.00333
BJ	16	24	0.00667
BJ	16	24	0.00333
BJ	16	24	0.01
BJ	16	24	0.00333
BJ	16	24	0.00333
BJ	16	24	0.00667
BJ	16	24	0.01
BJ	16	24	0.00333
BJ	16	24	0.02
BJ	16	24	0.00333
BJ	16	24	0.00333
BJ	16	24	0.01
BJ	16	24	0.0133
BJ	16	24	0.00667
BJ	16	24	0.00333
BJ	16	24	0.00333
BJ	16	24	0.00333
BJ	16	24	0.00333
BJ	16	24	0
BJ	16	24	0.00667
BJ	16	24	0.00333
BJ	16	24	0.00333
BJ	16	24	0.00333
BJ	16	24	0.00333
BJ	16	24	0.0133
BJ	16	24	0.00333
BJ	16	24	0.00333
BJ	16	24	0.0133
BJ	16	24	0.00333
BJ	16	24	0.01
BJ	16	24	0.00333
BJ	16	24	0.00667
BJ	16	24	0.01
BJ	16	24	0.00333
BJ	16	24	0.0133
BJ	16	24	0.00333
BJ	16	24	0.0133
BJ	16	24	0.01
BJ	16	24	0.00333
BJ	16	24	0.00333
BJ	16	24	0.00333
BJ	16	24	0.00333
BJ	16	24	0.00333
BJ	16	24	0.00333
BJ	16	24	0.01
BJ	16	24	0.0133
BJ	16	24	0.00667
BJ	16	24	0.01
BJ	16	24	0.00333
BJ	16	24	0.0133
BJ	16	24	0.00667
BJ	16	24	0.00333
BJ	16	24	0.00333
BJ	16	24	0.00667
BJ	16	24	0.00333
BJ	16	24	0.00667
BJ	16	24	0.00667
BJ	16	24	0.00333
BJ	16	24	0.00667
BJ	16	24	0.00667
BJ	16	24	0.00333
BJ	16	24	0.00333
BJ	16	24	0.00333
BJ	16	24	0.00333
BJ	16	24	0.00667
BJ	16	24	0.00333
BJ	16	24	0.00333
BJ	16	24	0.00667
BJ	16	24	0.00667
BJ	16	24	0.00333
BJ	16	24	0.00333
BJ	16	24	0.01
BJ	16	24	0.01
BJ	16	24	0.00333
BJ	16	24	0.00333
BJ	16	24	0.01
BJ	16	24	0.00667
BJ	16	24	0.00333
BJ	16	24	0.00667
BJ	16	24	0.00333
BJ	16	24	0.00667
BJ	16	24	0.00667
BJ	16	24	0.00333
BJ	16	24	0.00333
BJ	16	24	0
BJ	16	24	0.00333
BJ	16	24	0.01
BJ	16	24	0.00333
BJ	16	24	0.00333
BJ	16	24	0.00333
BJ	16	24	0.00333
BJ	16	24	0.0167
BJ	16	24	0.01
BJ	16	24	0.01
BJ	16	24	0.01
BJ	16	24	0.00667
BJ	16	24	0.00333
BJ	16	24	0.0167
BJ	16	24	0.00333
BJ	16	24	0.00333
BJ	18	27	0.00333
BJ	18	27	0.00667
BJ	18	27	0.0233
BJ	18	27	0.00667
BJ	18	27	0.00667
BJ	18	27	0.00333
BJ	18	27	0.00333
BJ	18	27	0.00667
BJ	18	27	0.0233
BJ	18	27	0.00333
BJ	18	27	0.00333
BJ	18	27	0.0133
BJ	18	27	0.00667
BJ	18	27	0.00667
BJ	18	27	0.01
BJ	18	27	0.0233
BJ	18	27	0.00333
BJ	18	27	0.01
BJ	18	27	0.01
BJ	18	27	0.0133
BJ	18	27	0.00333
BJ	18	27	0.00667
BJ	18	27	0.0267
BJ	18	27	0.00333
BJ	18	27	0.01
BJ	18	27	0.01
BJ	18	27	0.0133
BJ	18	27	0.00333
BJ	18	27	0.00667
BJ	18	27	0.0267
BJ	18	27	0.0167
BJ	18	27	0.0133
BJ	18	27	0
BJ	18	27	0.0167
BJ	18	27	0.01
BJ	18	27	0.01
BJ	18	27	0.00667
BJ	18	27	0.02
BJ	18	27	0.00667
BJ	18	27	0.0133
BJ	18	27	0.00333
BJ	18	27	0.00667
BJ	18	27	0.0167
BJ	18	27	0.0133
BJ	18	27	0.0133
BJ	18	27	0.02
BJ	18	27	0.0133
BJ	18	27	0.01
BJ	18	27	0.01
BJ	18	27	0.00333
BJ	18	27	0.0167
BJ	18	27	0.0433
BJ	18	27	0.00667
BJ	18	27	0.00667
BJ	18	27	0.00667
BJ	18	27	0.01
BJ	18	27	0.00333
BJ	18	27	0.0133
BJ	18	27	0.0233
BJ	18	27	0.00667
BJ	18	27	0.0133
BJ	18	27	0.0133
BJ	18	27	0.00333
BJ	18	27	0.00333
BJ	18	27	0.00333
BJ	18	27	0.00667
BJ	18	27	0.0133
BJ	18	27	0.00667
BJ	18	27	0.0133
BJ	18	27	0.03
BJ	18	27	0.00667
BJ	18	27	0.01
BJ	18	27	0.01
BJ	18	27	0.00667
BJ	18	27	0.01
BJ	18	27	0.00667
BJ	18	27	0.0133
BJ	18	27	0.0167
BJ	18	27	0.01
BJ	18	27	0.00333
BJ	18	27	0.0133
BJ	18	27	0.00667
BJ	18	27	0.00333
BJ	18	27	0.01
BJ	18	27	0.00333
BJ	18	27	0.02
BJ	18	27	0.00333
BJ	18	27	0.0233
BJ	18	27	0.00667
BJ	18	27	0.02
BJ	18	27	0.00333
BJ	18	27	0.00667
BJ	18	27	0.0133
BJ	18	27	0.0167
BJ	18	27	0.00667
BJ	18	27	0.0133
BJ	18	27	0.0167
BJ	18	27	0.0133
BJ	18	27	0.00667
BJ	18	27	0.01
BJ	20	30	0.0167
BJ	20	30	0.03
BJ	20	30	0.0167
BJ	20	30	0.0133
BJ	20	30	0.00333
BJ	20	30	0.0333
BJ	20	30	0.01
BJ	20	30	0.01
BJ	20	30	0.01
BJ	20	30	0.0367
BJ	20	30	0.01
BJ	20	30	0.01
BJ	20	30	0.00667
BJ	20	30	0.0333
BJ	20	30	0.00333
BJ	20	30	0.02
BJ	20	30	0.0333
BJ	20	30	0.01
BJ	20	30	0.01
BJ	20	30	0.0133
BJ	20	30	0.02
BJ	20	30	0.0433
BJ	20	30	0.0367
BJ	20	30	0.00667
BJ	20	30	0.01
BJ	20	30	0.01
BJ	20	30	0.01
BJ	20	30	0.0367
BJ	20	30	0.0433
BJ	20	30	0.107
BJ	20	30	0.02
BJ	20	30	0.01
BJ	20	30	0.0233
BJ	20	30	0.0467
BJ	20	30	0.0367
BJ	20	30	0.01
BJ	20	30	0.0133
BJ	20	30	0.0267
BJ	20	30	0.03
BJ	20	30	0.02
BJ	20	30	0.01
BJ	20	30	0.0267
BJ	20	30	0.00667
BJ	20	30	0.02
BJ	20	30	0.0167
BJ	20	30	0.0367
BJ	20	30	0.0433
BJ	20	30	0.0167
BJ	20	30	0.01
BJ	20	30	0.03
BJ	20	30	0.0267
BJ	20	30	0.0267
BJ	20	30	0.04
BJ	20	30	0.02
BJ	20	30	0.00667
BJ	20	30	0.01
BJ	20	30	0.0333
BJ	20	30	0.04
BJ	20	30	0.0733
BJ	20	30	0.0167
BJ	20	30	0.0367
BJ	20	30	0.04
BJ	20	30	0.0267
BJ	20	30	0.00667
BJ	20	30	0.05
BJ	20	30	0.0233
BJ	20	30	0.0267
BJ	20	30	0.0933
BJ	20	30	0.0733
BJ	20	30	0.0533
BJ	20	30	0.0133
BJ	20	30	0.00667
BJ	20	30	0.03
BJ	20	30	0.01
BJ	20	30	0.02
BJ	20	30	0.0867
BJ	20	30	0.0133
BJ	20	30	0.0233
BJ	20	30	0.05
BJ	20	30	0.0567
BJ	20	30	0.0467
BJ	20	30	0.0167
BJ	20	30	0.0133
BJ	20	30	0.00333
BJ	20	30	0.0367
BJ	20	30	0.0233
BJ	20	30	0.00667
BJ	20	30	0.01
BJ	20	30	0.00333
BJ	20	30	0.01
BJ	20	30	0.0367
BJ	20	30	0.04
BJ	20	30	0.01
BJ	20	30	0.0233
BJ	20	30	0.00667
BJ	20	30	0.00333
BJ	20	30	0.01
BJ	20	30	0.0233
BJ	20	30	0.00667
BJ	20	30	0.0167
BJ	22	33	0.0367
BJ	22	33	0.0267
BJ	22	33	0.04
BJ	22	33	0.0467
BJ	22	33	0.153
BJ	22	33	0.137
BJ	22	33	0.0133
BJ	22	33	0.0933
BJ	22	33	0.0467
BJ	22	33	0.01
BJ	22	33	0.0233
BJ	22	33	0.167
BJ	22	33	0.107
BJ	22	33	0.02
BJ	22	33	0.13
BJ	22	33	0.00333
BJ	22	33	0.0467
BJ	22	33	0.0833
BJ	22	33	0.00333
BJ	22	33	0.0867
BJ	22	33	0.03
BJ	22	33	0.0267
BJ	22	33	0.0367
BJ	22	33	0.243
BJ	22	33	0.0133
BJ	22	33	0.0767
BJ	22	33	0.0433
BJ	22	33	0.0267
BJ	22	33	0.0567
BJ	22	33	0.13
BJ	22	33	0.107
BJ	22	33	0.11
BJ	22	33	0.15
BJ	22	33	0.0233
BJ	22	33	0.0167
BJ	22	33	0.0833
BJ	22	33	0.0767
BJ	22	33	0.14
BJ	22	33	0.0333
BJ	22	33	0.0633
BJ	22	33	0.0133
BJ	22	33	0.02
BJ	22	33	0.0267
BJ	22	33	0.0133
BJ	22	33	0.05
BJ	22	33	0.02
BJ	22	33	0.00667
BJ	22	33	0.0233
BJ	22	33	0.0233
BJ	22	33	0.05
BJ	22	33	0.0267
BJ	22	33	0.177
BJ	22	33	0.03
BJ	22	33	0.0533
BJ	22	33	0.0367
BJ	22	33	0.0133
BJ	22	33	0.0167
BJ	22	33	0.0733
BJ	22	33	0.0133
BJ	22	33	0.0333
BJ	22	33	0.0233
BJ	22	33	0.0267
BJ	22	33	0.0433
BJ	22	33	0.123
BJ	22	33	0.03
BJ	22	33	0.02
BJ	22	33	0.0133
BJ	22	33	0.05
BJ	22	33	0.137
BJ	22	33	0.04
BJ	22	33	0.03
BJ	22	33	0.0833
BJ	22	33	0.0133
BJ	22	33	0.103
BJ	22	33	0.14
BJ	22	33	0.0633
BJ	22	33	0.08
BJ	22	33	0.11
BJ	22	33	0.0267
BJ	22	33	0.0333
BJ	22	33	0.01
BJ	22	33	0.0267
BJ	22	33	0.0167
BJ	22	33	0.03
BJ	22	33	0.0567
BJ	22	33	0.173
BJ	22	33	0.03
BJ	22	33	0.253
BJ	22	33	0.0133
BJ	22	33	0.03
BJ	22	33	0.0267
BJ	22	33	0.0233
BJ	22	33	0.0533
BJ	22	33	0.01
BJ	22	33	0.05
BJ	22	33	0.0633
BJ	22	33	0.09
BJ	22	33	0.0833
BJ	22	33	0.0367
BJ	22	33	0.0667
BJ	24	36	0.0633
BJ	24	36	0.213
BJ	24	36	0.27
BJ	24	36	0.203
BJ	24	36	0.0467
BJ	24	36	0.08
BJ	24	36	0.04
BJ	24	36	0.22
BJ	24	36	0.02
BJ	24	36	0.107
BJ	24	36	0.147
BJ	24	36	0.263
BJ	24	36	0.457
BJ	24	36	0.0167
BJ	24	36	0.0367
BJ	24	36	0.0433
BJ	24	36	0.0567
BJ	24	36	0.04
BJ	24	36	0.0533
BJ	24	36	0.03
BJ	24	36	0.187
BJ	24	36	0.0233
BJ	24	36	0.2
BJ	24	36	0.0867
BJ	24	36	0.06
BJ	24	36	0.0633
BJ	24	36	0.01
BJ	24	36	0.103
BJ	24	36	0.1
BJ	24	36	0.0233
BJ	24	36	0.0167
BJ	24	36	0.223
BJ	24	36	0.0133
BJ	24	36	0.0433
BJ	24	36	0.123
BJ	24	36	0.16
BJ	24	36	0.0933
BJ	24	36	0.287
BJ	24	36	0.0167
BJ	24	36	0.223
BJ	24	36	0.857
BJ	24	36	0.0167
BJ	24	36	0.0333
BJ	24	36	0.403
BJ	24	36	0.197
BJ	24	36	0.0333
BJ	24	36	0.12
BJ	24	36	0.0167
BJ	24	36	0.0833
BJ	24	36	0.113
BJ	24	36	0.0233
BJ	24	36	0.48
BJ	24	36	0.213
BJ	24	36	0.04
BJ	24	36	0.0333
BJ	24	36	0.0933
BJ	24	36	0.0967
BJ	24	36	0.0767
BJ	24	36	0.217
BJ	24	36	0.02
BJ	24	36	0.11
BJ	24	36	0.0567
BJ	24	36	0.137
BJ	24	36	0.243
BJ	24	36	0.0767
BJ	24	36	0.0767
BJ	24	36	0.0533
BJ	24	36	0.0733
BJ	24	36	0.0467
BJ	24	36	0.373
BJ	24	36	0.183
BJ	24	36	0.0767
BJ	24	36	0.0367
BJ	24	36	0.03
BJ	24	36	0.0167
BJ	24	36	0.05
BJ	24	36	0.0333
BJ	24	36	0.177
BJ	24	36	0.0167
BJ	24	36	0.0533
BJ	24	36	0.0533
BJ	24	36	0.0233
BJ	24	36	0.02
BJ	24	36	0.187
BJ	24	36	0.0933
BJ	24	36	0.04
BJ	24	36	0.0333
BJ	24	36	0.02
BJ	24	36	0.0633
BJ	24	36	0.0333
BJ	24	36	0.0467
BJ	24	36	0.173
BJ	24	36	0.0733
BJ	24	36	0.0333
BJ	24	36	0.0433
BJ	24	36	0.04
BJ	24	36	0.117
BJ	24	36	0.0133
BJ	24	36	0.243
BJ	24	36	0.33
BJ	26	39	0.333
BJ	26	39	0.3
BJ	26	39	0.407
BJ	26	39	0.107
BJ	26	39	0.04
BJ	26	39	0.18
BJ	26	39	0.09
BJ	26	39	1.44
BJ	26	39	0.5
BJ	26	39	0.14
BJ	26	39	3.66
BJ	26	39	0.19
BJ	26	39	0.257
BJ	26	39	0.123
BJ	26	39	1.43
BJ	26	39	0.18
BJ	26	39	0.657
BJ	26	39	0.35
BJ	26	39	0.0967
BJ	26	39	0.163
BJ	26	39	0.31
BJ	26	39	0.117
BJ	26	39	0.4
BJ	26	39	0.71
BJ	26	39	0.313
BJ	26	39	0.107
BJ	26	39	0.87
BJ	26	39	0.29
BJ	26	39	0.263
BJ	26	39	0.55
BJ	26	39	0.813
BJ	26	39	0.987
BJ	26	39	0.307
BJ	26	39	0.66
BJ	26	39	0.16
BJ	26	39	0.32
BJ	26	39	0.0467
BJ	26	39	0.0633
BJ	26	39	0.22
BJ	26	39	0.17
BJ	26	39	0.0467
BJ	26	39	0.117
BJ	26	39	1.73
BJ	26	39	0.13
BJ	26	39	0.0767
BJ	26	39	0.79
BJ	26	39	1.61
BJ	26	39	0.0767
BJ	26	39	0.517
BJ	26	39	0.0467
BJ	26	39	0.71
BJ	26	39	0.35
BJ	26	39	3.83
BJ	26	39	0.0533
BJ	26	39	0.0467
BJ	26	39	2.02
BJ	26	39	0.0567
BJ	26	39	0.217
BJ	26	39	0.14
BJ	26	39	0.27
BJ	26	39	0.117
BJ	26	39	0.11
BJ	26	39	0.293
BJ	26	39	0.443
BJ	26	39	0.0267
BJ	26	39	0.0233
BJ	26	39	0.583
BJ	26	39	0.107
BJ	26	39	0.03
BJ	26	39	0.23
BJ	26	39	0.24
BJ	26	39	0.0833
BJ	26	39	0.0333
BJ	26	39	0.0767
BJ	26	39	0.127
BJ	26	39	0.05
BJ	26	39	0.263
BJ	26	39	0.14
BJ	26	39	0.103
BJ	26	39	0.07
BJ	26	39	1.33
BJ	26	39	0.233
BJ	26	39	0.0233
BJ	26	39	2.76
BJ	26	39	0.313
BJ	26	39	0.0633
BJ	26	39	0.263
BJ	26	39	0.05
BJ	26	39	0.653
BJ	26	39	0.15
BJ	26	39	0.09
BJ	26	39	0.113
BJ	26	39	0.16
BJ	26	39	0.09
BJ	26	39	0.32
BJ	26	39	0.707
BJ	26	39	0.03
BJ	26	39	0.93
BJ	26	39	0.08
BJ	26	39	0.36
BJ	28	42	0.2
BJ	28	42	0.39
BJ	28	42	0.513
BJ	28	42	1.14
BJ	28	42	0.09
BJ	28	42	1.44
BJ	28	42	3.47
BJ	28	42	0.383
BJ	28	42	0.05
BJ	28	42	1.2
BJ	28	42	0.273
BJ	28	42	0.467
BJ	28	42	0.0767
BJ	28	42	6.41
BJ	28	42	2.98
BJ	28	42	0.313
BJ	28	42	0.22
BJ	28	42	0.4
BJ	28	42	0.223
BJ	28	42	0.447
BJ	28	42	0.113
BJ	28	42	0.103
BJ	28	42	0.177
BJ	28	42	0.493
BJ	28	42	0.623
BJ	28	42	0.463
BJ	28	42	1.13
BJ	28	42	1.68
BJ	28	42	0.36
BJ	28	42	1.21
BJ	28	42	0.257
BJ	28	42	1.79
BJ	28	42	0.0767
BJ	28	42	0.95
BJ	28	42	0.14
BJ	28	42	0.0633
BJ	28	42	0.213
BJ	28	42	0.213
BJ	28	42	0.54
BJ	28	42	0.937
BJ	28	42	0.877
BJ	28	42	0.137
BJ	28	42	1.01
BJ	28	42	2.49
BJ	28	42	0.28
BJ	28	42	0.15
BJ	28	42	5.37
BJ	28	42	0.127
BJ	28	42	1.24
BJ	28	42	0.18
BJ	28	42	0.0867
BJ	28	42	0.08
BJ	28	42	0.993
BJ	28	42	0.317
BJ	28	42	0.417
BJ	28	42	0.377
BJ	28	42	0.557
BJ	28	42	0.25
BJ	28	42	1.67
BJ	28	42	0.417
BJ	28	42	0.0533
BJ	28	42	0.287
BJ	28	42	0.313
BJ	28	42	1.1
BJ	28	42	0.3
BJ	28	42	0.127
BJ	28	42	1.43
BJ	28	42	1.45
BJ	28	42	0.0733
BJ	28	42	0.647
BJ	28	42	0.0467
BJ	28	42	0.547
BJ	28	42	0.05
BJ	28	42	0.0333
BJ	28	42	0.0767
BJ	28	42	0.443
BJ	28	42	0.91
BJ	28	42	1.21
BJ	28	42	0.19
BJ	28	42	0.9
BJ	28	42	0.323
BJ	28	42	0.807
BJ	28	42	1
BJ	28	42	0.15
BJ	28	42	0.94
BJ	28	42	0.2
BJ	28	42	0.177
BJ	28	42	3.47
BJ	28	42	0.453
BJ	28	42	3.2
BJ	28	42	0.323
BJ	28	42	0.297
BJ	28	42	0.457
BJ	28	42	0.367
BJ	28	42	0.0633
BJ	28	42	0.383
BJ	28	42	7.09
BJ	28	42	0.163
BJ	28	42	0.8
BJ	28	42	0.81
BJ	30	45	0.89
BJ	30	45	0.26
BJ	30	45	2.23
BJ	30	45	0.187
BJ	30	45	0.573
BJ	30	45	0.34
BJ	30	45	0.793
BJ	30	45	0.253
BJ	30	45	3.94
BJ	30	45	0.467
BJ	30	45	0.0667
BJ	30	45	1.16
BJ	30	45	1.43
BJ	30	45	0.0767
BJ	30	45	0.26
BJ	30	45	3.22
BJ	30	45	4.56
BJ	30	45	0.27
BJ	30	45	0.0433
BJ	30	45	0.06
BJ	30	45	0.7
BJ	30	45	1
BJ	30	45	3.15
BJ	30	45	0.22
BJ	30	45	0.303
BJ	30	45	0.887
BJ	30	45	1.18
BJ	30	45	0.243
BJ	30	45	0.19
BJ	30	45	1.11
BJ	30	45	2.05
BJ	30	45	0.103
BJ	30	45	0.55
BJ	30	45	4.93
BJ	30	45	0.667
BJ	30	45	2.21
BJ	30	45	0.157
BJ	30	45	0.433
BJ	30	45	2.95
BJ	30	45	1.16
BJ	30	45	1.39
BJ	30	45	0.327
BJ	30	45	0.113
BJ	30	45	0.433
BJ	30	45	3.78
BJ	30	45	2.06
BJ	30	45	0.517
BJ	30	45	2.79
BJ	30	45	0.147
BJ	30	45	1.72
BJ	30	45	0.23
BJ	30	45	0.93
BJ	30	45	0.0367
BJ	30	45	0.377
BJ	30	45	0.51
BJ	30	45	0.307
BJ	30	45	0.283
BJ	30	45	9.46
BJ	30	45	0.917
BJ	30	45	0.24
BJ	30	45	6.4
BJ	30	45	0.117
BJ	30	45	1.8
BJ	30	45	0.0567
BJ	30	45	1.13
BJ	30	45	0.09
BJ	30	45	0.187
BJ	30	45	0.78
BJ	30	45	1.39
BJ	30	45	0.6
BJ	30	45	1.43
BJ	30	45	0.337
BJ	30	45	0.16
BJ	30	45	0.213
BJ	30	45	0.703
BJ	30	45	1.23
BJ	30	45	1.51
BJ	30	45	11.8
BJ	30	45	8.23
BJ	30	45	1.01
BJ	30	45	0.24
BJ	30	45	1.02
BJ	30	45	0.28
BJ	30	45	1.02
BJ	30	45	1.18
BJ	30	45	0.317
BJ	30	45	0.847
BJ	30	45	0.27
BJ	30	45	0.147
BJ	30	45	0.293
BJ	30	45	2.31
BJ	30	45	0.183
BJ	30	45	0.0733
BJ	30	45	0.247
BJ	30	45	7.43
BJ	30	45	1.23
BJ	30	45	1.17
BJ	30	45	0.36
BJ	30	45	4.54
BJ	30	45	1.07
BJ	32	48	2.4
BJ	32	48	1.85
BJ	32	48	1.44
BJ	32	48	0.423
BJ	32	48	4.26
BJ	32	48	0.477
BJ	32	48	9.53
BJ	32	48	3.62
BJ	32	48	0.757
BJ	32	48	2.18
BJ	32	48	0.203
BJ	32	48	4.85
BJ	32	48	0.78
BJ	32	48	1.38
BJ	32	48	3.65
BJ	32	48	20.7
BJ	32	48	4
BJ	32	48	0.39
BJ	32	48	63.2
BJ	32	48	0.967
BJ	32	48	1.03
BJ	32	48	0.97
BJ	32	48	8.27
BJ	32	48	0.827
BJ	32	48	0.603
BJ	32	48	3.23
BJ	32	48	5.09
BJ	32	48	1.4
BJ	32	48	0.0833
BJ	32	48	5.5
BJ	32	48	4.69
BJ	32	48	15
BJ	32	48	19
BJ	32	48	8.42
BJ	32	48	0.627
BJ	32	48	0.56
BJ	32	48	0.647
BJ	32	48	0.497
BJ	32	48	2.91
BJ	32	48	28.8
BJ	32	48	1.55
BJ	32	48	35.8
BJ	32	48	4.16
BJ	32	48	2.16
BJ	32	48	0.59
BJ	32	48	1.68
BJ	32	48	0.59
BJ	32	48	13.6
BJ	32	48	2.07
BJ	32	48	0.247
BJ	32	48	2.65
BJ	32	48	0.627
BJ	32	48	13.5
BJ	32	48	5.63
BJ	32	48	7.71
BJ	32	48	0.557
BJ	32	48	21.2
BJ	32	48	0.0633
BJ	32	48	2.27
BJ	32	48	6.57
BJ	32	48	2.06
BJ	32	48	6.94
BJ	32	48	14.8
BJ	32	48	0.923
BJ	32	48	1.71
BJ	32	48	7.94
BJ	32	48	0.577
BJ	32	48	3.38
BJ	32	48	5.39
BJ	32	48	0.26
BJ	32	48	0.197
BJ	32	48	12.6
BJ	32	48	0.573
BJ	32	48	1.2
BJ	32	48	2.38
BJ	32	48	4.55
BJ	32	48	0.123
BJ	32	48	13.2
BJ	32	48	3.27
BJ	32	48	5.55
BJ	32	48	0.763
BJ	32	48	2.61
BJ	32	48	2.62
BJ	32	48	3.75
BJ	32	48	37.3
BJ	32	48	4.95
BJ	32	48	7.58
BJ	32	48	0.213
BJ	32	48	0.253
BJ	32	48	0.1
BJ	32	48	0.68
BJ	32	48	16
BJ	32	48	1.28
BJ	32	48	3.76
BJ	32	48	42.6
BJ	32	48	1.13
BJ	32	48	4.13
BJ	32	48	1.38
BJ	32	48	2.15
BJ	32	48	1.34
BJ	34	51	1.01
BJ	34	51	7.13
BJ	34	51	7.66
BJ	34	51	6.04
BJ	34	51	0.647
BJ	34	51	0.08
BJ	34	51	2.22
BJ	34	51	6.64
BJ	34	51	5.62
BJ	34	51	33.3
BJ	34	51	2.79
BJ	34	51	35
BJ	34	51	128
BJ	34	51	180
BJ	34	51	0.617
BJ	34	51	0.29
BJ	34	51	0.0867
BJ	34	51	16.4
BJ	34	51	44.6
BJ	34	51	171
BJ	34	51	1.13
BJ	34	51	0.253
BJ	34	51	0.49
BJ	34	51	0.283
BJ	34	51	0.77
BJ	34	51	4.23
BJ	34	51	2.72
BJ	34	51	7.67
BJ	34	51	2.18
BJ	34	51	5.78
BJ	34	51	58.7
BJ	34	51	4.7
BJ	34	51	0.57
BJ	34	51	4.22
BJ	34	51	0.717
BJ	34	51	3.9
BJ	34	51	1.52
BJ	34	51	3.53
BJ	34	51	0.443
BJ	34	51	10.2
BJ	34	51	1.99
BJ	34	51	0.263
BJ	34	51	0.67
BJ	34	51	6.17
BJ	34	51	6.27
BJ	34	51	0.967
BJ	34	51	0.447
BJ	34	51	3.44
BJ	34	51	4
BJ	34	51	10.9
BJ	34	51	4.87
BJ	34	51	12.3
BJ	34	51	4
BJ	34	51	44.2
BJ	34	51	4.15
BJ	34	51	6.17
BJ	34	51	1.14
BJ	34	51	42.3
BJ	34	51	3.39
BJ	34	51	2.18
BJ	34	51	7.37
BJ	34	51	0.31
BJ	34	51	20.3
BJ	34	51	21.6
BJ	34	51	2.11
BJ	34	51	2.1
BJ	34	51	48.1
BJ	34	51	2.62
BJ	34	51	8.03
BJ	34	51	10.2
BJ	34	51	9.95
BJ	34	51	2.38
BJ	34	51	4.47
BJ	34	51	0.263
BJ	34	51	3.86
BJ	34	51	73
BJ	34	51	13.6
BJ	34	51	4.81
BJ	34	51	10.1
BJ	34	51	0.4
BJ	34	51	127
BJ	34	51	1.34
BJ	34	51	2.67
BJ	34	51	2.95
BJ	34	51	4.21
BJ	34	51	46.6
BJ	34	51	2.14
BJ	34	51	7.32
BJ	34	51	5.87
BJ	34	51	30.7
BJ	34	51	15.6
BJ	34	51	4.08
BJ	34	51	5.52
BJ	34	51	2.62
BJ	34	51	1.9
BJ	34	51	3.65
BJ	34	51	7.42
BJ	34	51	32.8
BJ	34	51	0.107
BJ	34	51	0.697
BJ	36	54	8.71
BJ	36	54	0.683
BJ	36	54	7.15
BJ	36	54	3.31
BJ	36	54	140
BJ	36	54	17.9
BJ	36	54	28.9
BJ	36	54	20.5
BJ	36	54	49
BJ	36	54	1.98
BJ	36	54	8.58
BJ	36	54	3.66
BJ	36	54	0.887
BJ	36	54	180
BJ	36	54	8.59
BJ	36	54	11.5
BJ	36	54	33.8
BJ	36	54	7.8
BJ	36	54	11
BJ	36	54	1.07
BJ	36	54	0.923
BJ	36	54	11.7
BJ	36	54	7.16
BJ	36	54	1.75
BJ	36	54	0.433
BJ	36	54	5.26
BJ	36	54	2.15
BJ	36	54	7.72
BJ	36	54	10.4
BJ	36	54	36.1
BJ	36	54	180
BJ	36	54	2.08
BJ	36	54	7.28
BJ	36	54	4.28
BJ	36	54	22.1
BJ	36	54	4.81
BJ	36	54	0.51
BJ	36	54	16.4
BJ	36	54	63.6
BJ	36	54	9.94
BJ	36	54	23.9
BJ	36	54	1.34
BJ	36	54	6.55
BJ	36	54	162
BJ	36	54	4.34
BJ	36	54	0.957
BJ	36	54	0.867
BJ	36	54	1.13
BJ	36	54	81.8
BJ	36	54	3.79
BJ	36	54	23.1
BJ	36	54	1.19
BJ	36	54	0.81
BJ	36	54	180
BJ	36	54	16.6
BJ	36	54	37
BJ	36	54	15.1
BJ	36	54	0.457
BJ	36	54	54.6
BJ	36	54	20.7
BJ	36	54	4.84
BJ	36	54	6.4
BJ	36	54	0.257
BJ	36	54	2.53
BJ	36	54	23
BJ	36	54	1.71
BJ	36	54	4.22
BJ	36	54	8.4
BJ	36	54	29.8
BJ	36	54	1.31
BJ	36	54	0.833
BJ	36	54	2.53
BJ	36	54	29.8
BJ	36	54	11.5
BJ	36	54	3.39
BJ	36	54	93.2
BJ	36	54	26
BJ	36	54	1.09
BJ	36	54	8.37
BJ	36	54	32.5
BJ	36	54	1.71
BJ	36	54	4.14
BJ	36	54	15.7
BJ	36	54	1.22
BJ	36	54	13.5
BJ	36	54	2.76
BJ	36	54	1.18
BJ	36	54	39.8
BJ	36	54	9.95
BJ	36	54	10
BJ	36	54	26.8
BJ	36	54	2.02
BJ	36	54	1.71
BJ	36	54	70.1
BJ	36	54	25.1
BJ	36	54	3.77
BJ	36	54	10.2
BJ	36	54	24.3
BJ	36	54	49
BJ	36	54	10.2
BJ	38	57	50.9
BJ	38	57	52
BJ	38	57	72.8
BJ	38	57	34.2
BJ	38	57	29.9
BJ	38	57	1.83
BJ	38	57	18.3
BJ	38	57	23.1
BJ	38	57	180
BJ	38	57	19.9
BJ	38	57	14.8
BJ	38	57	85.9
BJ	38	57	134
BJ	38	57	54.1
BJ	38	57	6.81
BJ	38	57	56.6
BJ	38	57	22.1
BJ	38	57	132
BJ	38	57	27.9
BJ	38	57	136
BJ	38	57	3.84
BJ	38	57	68.7
BJ	38	57	180
BJ	38	57	32
BJ	38	57	161
BJ	38	57	6.21
BJ	38	57	30.4
BJ	38	57	180
BJ	38	57	115
BJ	38	57	24.5
BJ	38	57	42.1
BJ	38	57	4.79
BJ	38	57	7.47
BJ	38	57	44.6
BJ	38	57	70.7
BJ	38	57	1.46
BJ	38	57	88.1
BJ	38	57	180
BJ	38	57	31.5
BJ	38	57	134
BJ	38	57	0.347
BJ	38	57	93
BJ	38	57	97.6
BJ	38	57	30.1
BJ	38	57	1.52
BJ	38	57	9.15
BJ	38	57	10.3
BJ	38	57	5.16
BJ	38	57	180
BJ	38	57	0.97
BJ	38	57	27.4
BJ	38	57	22.6
BJ	38	57	180
BJ	38	57	180
BJ	38	57	8.89
BJ	38	57	0.95
BJ	38	57	180
BJ	38	57	54.1
BJ	38	57	8.61
BJ	38	57	180
BJ	38	57	62.7
BJ	38	57	12.3
BJ	38	57	23
BJ	38	57	66.7
BJ	38	57	180
BJ	38	57	180
BJ	38	57	77.3
BJ	38	57	59
BJ	38	57	180
BJ	38	57	28.9
BJ	38	57	13.9
BJ	38	57	26.6
BJ	38	57	33.6
BJ	38	57	111
BJ	38	57	79
BJ	38	57	15.1
BJ	38	57	9.04
BJ	38	57	4.77
BJ	38	57	75.6
BJ	38	57	12.7
BJ	38	57	180
BJ	38	57	10.7
BJ	38	57	180
BJ	38	57	1.62
BJ	38	57	180
BJ	38	57	136
BJ	38	57	180
BJ	38	57	180
BJ	38	57	25.7
BJ	38	57	77.2
BJ	38	57	1.71
BJ	38	57	1.69
BJ	38	57	16.6
BJ	38	57	180
BJ	38	57	180
BJ	38	57	20.4
BJ	38	57	3.79
BJ	38	57	179
BJ	38	57	6.74
BJ	38	57	41.4
BJ	40	60	5.34
BJ	40	60	180
BJ	40	60	180
BJ	40	60	180
BJ	40	60	1.46
BJ	40	60	171
BJ	40	60	44.1
BJ	40	60	25.1
BJ	40	60	180
BJ	40	60	37.5
BJ	40	60	180
BJ	40	60	180
BJ	40	60	29.4
BJ	40	60	6.25
BJ	40	60	178
BJ	40	60	42.4
BJ	40	60	20.2
BJ	40	60	34.1
BJ	40	60	180
BJ	40	60	20.6
BJ	40	60	180
BJ	40	60	9.1
BJ	40	60	134
BJ	40	60	107
BJ	40	60	180
BJ	40	60	16.7
BJ	40	60	108
BJ	40	60	180
BJ	40	60	80
BJ	40	60	4.69
BJ	40	60	180
BJ	40	60	180
BJ	40	60	107
BJ	40	60	41.7
BJ	40	60	180
BJ	40	60	28.9
BJ	40	60	3.11
BJ	40	60	5.64
BJ	40	60	180
BJ	40	60	26.9
BJ	40	60	25.3
BJ	40	60	5.79
BJ	40	60	180
BJ	40	60	8.19
BJ	40	60	38.9
BJ	40	60	180
BJ	40	60	9.16
BJ	40	60	35.3
BJ	40	60	87.5
BJ	40	60	45.1
BJ	40	60	47.7
BJ	40	60	24.9
BJ	40	60	180
BJ	40	60	87
BJ	40	60	2.71
BJ	40	60	6.92
BJ	40	60	14.4
BJ	40	60	180
BJ	40	60	180
BJ	40	60	16.8
BJ	40	60	167
BJ	40	60	24.4
BJ	40	60	180
BJ	40	60	22.3
BJ	40	60	129
BJ	40	60	180
BJ	40	60	180
BJ	40	60	3.59
BJ	40	60	180
BJ	40	60	46.2
BJ	40	60	1.3
BJ	40	60	6.53
BJ	40	60	13.4
BJ	40	60	112
BJ	40	60	180
BJ	40	60	17.5
BJ	40	60	127
BJ	40	60	33.9
BJ	40	60	180
BJ	40	60	11.6
BJ	40	60	180
BJ	40	60	180
BJ	40	60	180
BJ	40	60	180
BJ	40	60	56.4
BJ	40	60	180
BJ	40	60	22.8
BJ	40	60	93.5
BJ	40	60	29.9
BJ	40	60	52.7
BJ	40	60	3.76
BJ	40	60	36.8
BJ	40	60	19.9
BJ	40	60	180
BJ	40	60	1.53
BJ	40	60	15.2
BJ	40	60	140
BJ	40	60	82.7
BJ	40	60	95.2
BJ	40	60	180
BHKK	10	15	0.033333
BHKK	10	15	0.033333
BHKK	10	15	0.029999
BHKK	10	15	0.029999
BHKK	10	15	0.033333
BHKK	10	15	0.029999
BHKK	10	15	0.029999
BHKK	10	15	0.029999
BHKK	10	15	0.033333
BHKK	10	15	0.029999
BHKK	10	15	0.033333
BHKK	10	15	0.029999
BHKK	10	15	0.029999
BHKK	10	15	0.033333
BHKK	10	15	0.033333
BHKK	10	15	0.029999
BHKK	10	15	0.029999
BHKK	10	15	0.029999
BHKK	10	15	0.029999
BHKK	10	15	0.029999
BHKK	10	15	0.029999
BHKK	10	15	0.029999
BHKK	10	15	0.033333
BHKK	10	15	0.033333
BHKK	10	15	0.029999
BHKK	10	15	0.029999
BHKK	10	15	0.029999
BHKK	10	15	0.029999
BHKK	10	15	0.029999
BHKK	10	15	0.029999
BHKK	10	15	0.029999
BHKK	10	15	0.033333
BHKK	10	15	0.029999
BHKK	10	15	0.029999
BHKK	10	15	0.029999
BHKK	10	15	0.029999
BHKK	10	15	0.029999
BHKK	10	15	0.029999
BHKK	10	15	0.033333
BHKK	10	15	0.029999
BHKK	10	15	0.033333
BHKK	10	15	0.029999
BHKK	10	15	0.029999
BHKK	10	15	0.029999
BHKK	10	15	0.029999
BHKK	10	15	0.029999
BHKK	10	15	0.029999
BHKK	10	15	0.029999
BHKK	10	15	0.029999
BHKK	10	15	0.029999
BHKK	10	15	0.029999
BHKK	10	15	0.029999
BHKK	10	15	0.033333
BHKK	10	15	0.029999
BHKK	10	15	0.029999
BHKK	10	15	0.029999
BHKK	10	15	0.033333
BHKK	10	15	0.029999
BHKK	10	15	0.029999
BHKK	10	15	0.029999
BHKK	10	15	0.029999
BHKK	10	15	0.029999
BHKK	10	15	0.029999
BHKK	10	15	0.029999
BHKK	10	15	0.029999
BHKK	10	15	0.029999
BHKK	10	15	0.029999
BHKK	10	15	0.029999
BHKK	10	15	0.029999
BHKK	10	15	0.029999
BHKK	10	15	0.029999
BHKK	10	15	0.029999
BHKK	10	15	0.029999
BHKK	10	15	0.029999
BHKK	10	15	0.029999
BHKK	10	15	0.029999
BHKK	10	15	0.029999
BHKK	10	15	0.029999
BHKK	10	15	0.029999
BHKK	10	15	0.033333
BHKK	10	15	0.029999
BHKK	10	15	0.029999
BHKK	10	15	0.029999
BHKK	10	15	0.029999
BHKK	10	15	0.033333
BHKK	10	15	0.029999
BHKK	10	15	0.029999
BHKK	10	15	0.029999
BHKK	10	15	0.029999
BHKK	10	15	0.029999
BHKK	10	15	0.029999
BHKK	10	15	0.033333
BHKK	10	15	0.029999
BHKK	10	15	0.029999
BHKK	10	15	0.033333
BHKK	10	15	0.033333
BHKK	10	15	0.029999
BHKK	10	15	0.029999
BHKK	10	15	0.029999
BHKK	10	15	0.029999
BHKK	12	18	0.223333
BHKK	12	18	0.223333
BHKK	12	18	0.223333
BHKK	12	18	0.223333
BHKK	12	18	0.223333
BHKK	12	18	0.223333
BHKK	12	18	0.223333
BHKK	12	18	0.223333
BHKK	12	18	0.223333
BHKK	12	18	0.223333
BHKK	12	18	0.223333
BHKK	12	18	0.223333
BHKK	12	18	0.223333
BHKK	12	18	0.223333
BHKK	12	18	0.223333
BHKK	12	18	0.223333
BHKK	12	18	0.223333
BHKK	12	18	0.223333
BHKK	12	18	0.223333
BHKK	12	18	0.223333
BHKK	12	18	0.223333
BHKK	12	18	0.223333
BHKK	12	18	0.223333
BHKK	12	18	0.223333
BHKK	12	18	0.223333
BHKK	12	18	0.223333
BHKK	12	18	0.223333
BHKK	12	18	0.223333
BHKK	12	18	0.223333
BHKK	12	18	0.223333
BHKK	12	18	0.223333
BHKK	12	18	0.223333
BHKK	12	18	0.223333
BHKK	12	18	0.223333
BHKK	12	18	0.223333
BHKK	12	18	0.223333
BHKK	12	18	0.223333
BHKK	12	18	0.223333
BHKK	12	18	0.223333
BHKK	12	18	0.223333
BHKK	12	18	0.223333
BHKK	12	18	0.223333
BHKK	12	18	0.223333
BHKK	12	18	0.223333
BHKK	12	18	0.223333
BHKK	12	18	0.223333
BHKK	12	18	0.223333
BHKK	12	18	0.226666
BHKK	12	18	0.223333
BHKK	12	18	0.223333
BHKK	12	18	0.223333
BHKK	12	18	0.223333
BHKK	12	18	0.223333
BHKK	12	18	0.223333
BHKK	12	18	0.223333
BHKK	12	18	0.223333
BHKK	12	18	0.223333
BHKK	12	18	0.223333
BHKK	12	18	0.223333
BHKK	12	18	0.223333
BHKK	12	18	0.223333
BHKK	12	18	0.223333
BHKK	12	18	0.223333
BHKK	12	18	0.223333
BHKK	12	18	0.223333
BHKK	12	18	0.226666
BHKK	12	18	0.223333
BHKK	12	18	0.223333
BHKK	12	18	0.223333
BHKK	12	18	0.223333
BHKK	12	18	0.223333
BHKK	12	18	0.223333
BHKK	12	18	0.223333
BHKK	12	18	0.223333
BHKK	12	18	0.223333
BHKK	12	18	0.223333
BHKK	12	18	0.223333
BHKK	12	18	0.223333
BHKK	12	18	0.223333
BHKK	12	18	0.223333
BHKK	12	18	0.226666
BHKK	12	18	0.223333
BHKK	12	18	0.223333
BHKK	12	18	0.223333
BHKK	12	18	0.223333
BHKK	12	18	0.223333
BHKK	12	18	0.223333
BHKK	12	18	0.223333
BHKK	12	18	0.223333
BHKK	12	18	0.223333
BHKK	12	18	0.223333
BHKK	12	18	0.219999
BHKK	12	18	0.223333
BHKK	12	18	0.223333
BHKK	12	18	0.223333
BHKK	12	18	0.223333
BHKK	12	18	0.223333
BHKK	12	18	0.223333
BHKK	12	18	0.223333
BHKK	12	18	0.223333
BHKK	14	21	1.52667
BHKK	14	21	1.52333
BHKK	14	21	1.52333
BHKK	14	21	1.52333
BHKK	14	21	1.52333
BHKK	14	21	1.52333
BHKK	14	21	1.52333
BHKK	14	21	1.52667
BHKK	14	21	1.52333
BHKK	14	21	1.52667
BHKK	14	21	1.52667
BHKK	14	21	1.52667
BHKK	14	21	1.52667
BHKK	14	21	1.52333
BHKK	14	21	1.52333
BHKK	14	21	1.52333
BHKK	14	21	1.52667
BHKK	14	21	1.52333
BHKK	14	21	1.52333
BHKK	14	21	1.52333
BHKK	14	21	1.52333
BHKK	14	21	1.52667
BHKK	14	21	1.52667
BHKK	14	21	1.52333
BHKK	14	21	1.52333
BHKK	14	21	1.52667
BHKK	14	21	1.52333
BHKK	14	21	1.52667
BHKK	14	21	1.52333
BHKK	14	21	1.52333
BHKK	14	21	1.52667
BHKK	14	21	1.52333
BHKK	14	21	1.52333
BHKK	14	21	1.52667
BHKK	14	21	1.52333
BHKK	14	21	1.52333
BHKK	14	21	1.52333
BHKK	14	21	1.52333
BHKK	14	21	1.52333
BHKK	14	21	1.52667
BHKK	14	21	1.52333
BHKK	14	21	1.52667
BHKK	14	21	1.52333
BHKK	14	21	1.52333
BHKK	14	21	1.52333
BHKK	14	21	1.52333
BHKK	14	21	1.52667
BHKK	14	21	1.52
BHKK	14	21	1.52
BHKK	14	21	1.52333
BHKK	14	21	1.52333
BHKK	14	21	1.52667
BHKK	14	21	1.52333
BHKK	14	21	1.52333
BHKK	14	21	1.52667
BHKK	14	21	1.52333
BHKK	14	21	1.52667
BHKK	14	21	1.52333
BHKK	14	21	1.52333
BHKK	14	21	1.52333
BHKK	14	21	1.52333
BHKK	14	21	1.52333
BHKK	14	21	1.52333
BHKK	14	21	1.52333
BHKK	14	21	1.52333
BHKK	14	21	1.52333
BHKK	14	21	1.52333
BHKK	14	21	1.52333
BHKK	14	21	1.52667
BHKK	14	21	1.52333
BHKK	14	21	1.52333
BHKK	14	21	1.52667
BHKK	14	21	1.52667
BHKK	14	21	1.52333
BHKK	14	21	1.52667
BHKK	14	21	1.52333
BHKK	14	21	1.52333
BHKK	14	21	1.52667
BHKK	14	21	1.52
BHKK	14	21	1.52667
BHKK	14	21	1.52333
BHKK	14	21	1.52333
BHKK	14	21	1.52333
BHKK	14	21	1.52333
BHKK	14	21	1.52667
BHKK	14	21	1.52667
BHKK	14	21	1.52
BHKK	14	21	1.52667
BHKK	14	21	1.52333
BHKK	14	21	1.52
BHKK	14	21	1.52333
BHKK	14	21	1.52667
BHKK	14	21	1.52667
BHKK	14	21	1.52333
BHKK	14	21	1.52333
BHKK	14	21	1.52667
BHKK	14	21	1.52667
BHKK	14	21	1.52667
BHKK	14	21	1.52667
BHKK	14	21	1.52333
BHKK	16	24	9.04333
BHKK	16	24	9.03333
BHKK	16	24	9.04333
BHKK	16	24	9.04
BHKK	16	24	9.04333
BHKK	16	24	9.04333
BHKK	16	24	9.04333
BHKK	16	24	9.03666
BHKK	16	24	9.04333
BHKK	16	24	9.04333
BHKK	16	24	9.04333
BHKK	16	24	9.04333
BHKK	16	24	9.04333
BHKK	16	24	9.04
BHKK	16	24	9.04333
BHKK	16	24	9.04333
BHKK	16	24	9.04333
BHKK	16	24	9.04333
BHKK	16	24	9.04667
BHKK	16	24	9.05
BHKK	16	24	9.04333
BHKK	16	24	9.04
BHKK	16	24	9.05
BHKK	16	24	9.04
BHKK	16	24	9.04333
BHKK	16	24	9.04
BHKK	16	24	9.04
BHKK	16	24	9.04667
BHKK	16	24	9.04333
BHKK	16	24	9.04333
BHKK	16	24	9.04333
BHKK	16	24	9.04
BHKK	16	24	9.03666
BHKK	16	24	9.04333
BHKK	16	24	9.04333
BHKK	16	24	9.04
BHKK	16	24	9.04
BHKK	16	24	9.04667
BHKK	16	24	9.04333
BHKK	16	24	9.04
BHKK	16	24	9.04
BHKK	16	24	9.04667
BHKK	16	24	9.04
BHKK	16	24	9.04333
BHKK	16	24	9.04333
BHKK	16	24	9.04
BHKK	16	24	9.04333
BHKK	16	24	9.04
BHKK	16	24	9.04667
BHKK	16	24	9.03666
BHKK	16	24	9.04333
BHKK	16	24	9.04333
BHKK	16	24	9.04
BHKK	16	24	9.04
BHKK	16	24	9.04
BHKK	16	24	9.04333
BHKK	16	24	9.04333
BHKK	16	24	9.04
BHKK	16	24	9.03666
BHKK	16	24	9.04667
BHKK	16	24	9.04333
BHKK	16	24	9.04
BHKK	16	24	9.04
BHKK	16	24	9.04
BHKK	16	24	9.04667
BHKK	16	24	9.04333
BHKK	16	24	9.04667
BHKK	16	24	9.04
BHKK	16	24	9.04667
BHKK	16	24	9.04
BHKK	16	24	9.04333
BHKK	16	24	9.04
BHKK	16	24	9.04333
BHKK	16	24	9.04667
BHKK	16	24	9.04333
BHKK	16	24	9.05
BHKK	16	24	9.04
BHKK	16	24	9.04667
BHKK	16	24	9.04
BHKK	16	24	9.04333
BHKK	16	24	9.04
BHKK	16	24	9.05
BHKK	16	24	9.03666
BHKK	16	24	9.04
BHKK	16	24	9.04333
BHKK	16	24	9.04333
BHKK	16	24	9.04667
BHKK	16	24	9.04333
BHKK	16	24	9.04
BHKK	16	24	9.04
BHKK	16	24	9.04667
BHKK	16	24	9.04
BHKK	16	24	9.03666
BHKK	16	24	9.03666
BHKK	16	24	9.04333
BHKK	16	24	9.05
BHKK	16	24	9.04667
BHKK	16	24	9.04
BHKK	16	24	9.04333
BHKK	16	24	9.04333
BHKK	18	27	55.6667
BHKK	18	27	55.6733
BHKK	18	27	55.6633
BHKK	18	27	55.6533
BHKK	18	27	55.6667
BHKK	18	27	55.64
BHKK	18	27	55.6733
BHKK	18	27	55.6467
BHKK	18	27	55.6633
BHKK	18	27	55.6433
BHKK	18	27	55.6633
BHKK	18	27	55.6467
BHKK	18	27	55.6233
BHKK	18	27	55.6633
BHKK	18	27	55.6467
BHKK	18	27	55.6667
BHKK	18	27	55.65
BHKK	18	27	55.65
BHKK	18	27	55.6633
BHKK	18	27	55.66
BHKK	18	27	55.6367
BHKK	18	27	55.6567
BHKK	18	27	55.68
BHKK	18	27	55.62
BHKK	18	27	55.6567
BHKK	18	27	55.6367
BHKK	18	27	55.6467
BHKK	18	27	55.6667
BHKK	18	27	55.68
BHKK	18	27	55.6533
BHKK	18	27	55.62
BHKK	18	27	55.63
BHKK	18	27	55.67
BHKK	18	27	55.6733
BHKK	18	27	55.6767
BHKK	18	27	55.6633
BHKK	18	27	55.67
BHKK	18	27	55.6733
BHKK	18	27	55.65
BHKK	18	27	55.6633
BHKK	18	27	55.6633
BHKK	18	27	55.6533
BHKK	18	27	55.6433
BHKK	18	27	55.66
BHKK	18	27	55.6433
BHKK	18	27	55.6533
BHKK	18	27	55.6367
BHKK	18	27	55.6567
BHKK	18	27	55.6433
BHKK	18	27	55.6667
BHKK	18	27	55.66
BHKK	18	27	55.6667
BHKK	18	27	55.6567
BHKK	18	27	55.6567
BHKK	18	27	55.7
BHKK	18	27	55.65
BHKK	18	27	55.65
BHKK	18	27	55.6367
BHKK	18	27	55.6267
BHKK	18	27	55.6667
BHKK	18	27	55.6733
BHKK	18	27	55.6767
BHKK	18	27	55.6433
BHKK	18	27	55.6467
BHKK	18	27	55.6467
BHKK	18	27	55.6233
BHKK	18	27	55.65
BHKK	18	27	55.63
BHKK	18	27	55.6467
BHKK	18	27	55.6767
BHKK	18	27	55.65
BHKK	18	27	55.6433
BHKK	18	27	55.67
BHKK	18	27	55.62
BHKK	18	27	55.64
BHKK	18	27	55.66
BHKK	18	27	55.63
BHKK	18	27	55.65
BHKK	18	27	55.6433
BHKK	18	27	55.6567
BHKK	18	27	55.6567
BHKK	18	27	55.6733
BHKK	18	27	55.64
BHKK	18	27	55.6433
BHKK	18	27	55.64
BHKK	18	27	55.64
BHKK	18	27	55.6333
BHKK	18	27	55.67
BHKK	18	27	55.65
BHKK	18	27	55.66
BHKK	18	27	55.6667
BHKK	18	27	55.6667
BHKK	18	27	55.6567
BHKK	18	27	55.6333
BHKK	18	27	55.66
BHKK	18	27	55.66
BHKK	18	27	55.6367
BHKK	18	27	55.6567
BHKK	18	27	55.6533
BHKK	18	27	55.6633
BHKK	20	30	180
BHKK	20	30	180
BHKK	20	30	180
BHKK	20	30	180
BHKK	20	30	180
BHKK	20	30	180
BHKK	20	30	180
BHKK	20	30	180
BHKK	20	30	180
BHKK	20	30	180
BHKK	20	30	180
BHKK	20	30	180
BHKK	20	30	180
BHKK	20	30	180
BHKK	20	30	180
BHKK	20	30	180
BHKK	20	30	180
BHKK	20	30	180
BHKK	20	30	180
BHKK	20	30	180
BHKK	20	30	180
BHKK	20	30	180
BHKK	20	30	180
BHKK	20	30	180
BHKK	20	30	180
BHKK	20	30	180
BHKK	20	30	180
BHKK	20	30	180
BHKK	20	30	180
BHKK	20	30	180
BHKK	20	30	180
BHKK	20	30	180
BHKK	20	30	180
BHKK	20	30	180
BHKK	20	30	180
BHKK	20	30	180
BHKK	20	30	180
BHKK	20	30	180
BHKK	20	30	180
BHKK	20	30	180
BHKK	20	30	180
BHKK	20	30	180
BHKK	20	30	180
BHKK	20	30	180
BHKK	20	30	180
BHKK	20	30	180
BHKK	20	30	180
BHKK	20	30	180
BHKK	20	30	180
BHKK	20	30	180
BHKK	20	30	180
BHKK	20	30	180
BHKK	20	30	180
BHKK	20	30	180
BHKK	20	30	180
BHKK	20	30	180
BHKK	20	30	180
BHKK	20	30	180
BHKK	20	30	180
BHKK	20	30	180
BHKK	20	30	180
BHKK	20	30	180
BHKK	20	30	180
BHKK	20	30	180
BHKK	20	30	180
BHKK	20	30	180
BHKK	20	30	180
BHKK	20	30	180
BHKK	20	30	180
BHKK	20	30	180
BHKK	20	30	180
BHKK	20	30	180
BHKK	20	30	180
BHKK	20	30	180
BHKK	20	30	180
BHKK	20	30	180
BHKK	20	30	180
BHKK	20	30	180
BHKK	20	30	180
BHKK	20	30	180
BHKK	20	30	180
BHKK	20	30	180
BHKK	20	30	180
BHKK	20	30	180
BHKK	20	30	180
BHKK	20	30	180
BHKK	20	30	180
BHKK	20	30	180
BHKK	20	30	180
BHKK	20	30	180
BHKK	20	30	180
BHKK	20	30	180
BHKK	20	30	180
BHKK	20	30	180
BHKK	20	30	180
BHKK	20	30	180
BHKK	20	30	180
BHKK	20	30	180
BHKK	20	30	180
BHKK	20	30	180
BHKK	22	33	180
BHKK	22	33	180
BHKK	22	33	180
BHKK	22	33	180
BHKK	22	33	180
BHKK	22	33	180
BHKK	22	33	180
BHKK	22	33	180
BHKK	22	33	180
BHKK	22	33	180
BHKK	22	33	180
BHKK	22	33	180
BHKK	22	33	180
BHKK	22	33	180
BHKK	22	33	180
BHKK	22	33	180
BHKK	22	33	180
BHKK	22	33	180
BHKK	22	33	180
BHKK	22	33	180
BHKK	22	33	180
BHKK	22	33	180
BHKK	22	33	180
BHKK	22	33	180
BHKK	22	33	180
BHKK	22	33	180
BHKK	22	33	180
BHKK	22	33	180
BHKK	22	33	180
BHKK	22	33	180
BHKK	22	33	180
BHKK	22	33	180
BHKK	22	33	180
BHKK	22	33	180
BHKK	22	33	180
BHKK	22	33	180
BHKK	22	33	180
BHKK	22	33	180
BHKK	22	33	180
BHKK	22	33	180
BHKK	22	33	180
BHKK	22	33	180
BHKK	22	33	180
BHKK	22	33	180
BHKK	22	33	180
BHKK	22	33	180
BHKK	22	33	180
BHKK	22	33	180
BHKK	22	33	180
BHKK	22	33	180
BHKK	22	33	180
BHKK	22	33	180
BHKK	22	33	180
BHKK	22	33	180
BHKK	22	33	180
BHKK	22	33	180
BHKK	22	33	180
BHKK	22	33	180
BHKK	22	33	180
BHKK	22	33	180
BHKK	22	33	180
BHKK	22	33	180
BHKK	22	33	180
BHKK	22	33	180
BHKK	22	33	180
BHKK	22	33	180
BHKK	22	33	180
BHKK	22	33	180
BHKK	22	33	180
BHKK	22	33	180
BHKK	22	33	180
BHKK	22	33	180
BHKK	22	33	180
BHKK	22	33	180
BHKK	22	33	180
BHKK	22	33	180
BHKK	22	33	180
BHKK	22	33	180
BHKK	22	33	180
BHKK	22	33	180
BHKK	22	33	180
BHKK	22	33	180
BHKK	22	33	180
BHKK	22	33	180
BHKK	22	33	180
BHKK	22	33	180
BHKK	22	33	180
BHKK	22	33	180
BHKK	22	33	180
BHKK	22	33	180
BHKK	22	33	180
BHKK	22	33	180
BHKK	22	33	180
BHKK	22	33	180
BHKK	22	33	180
BHKK	22	33	180
BHKK	22	33	180
BHKK	22	33	180
BHKK	22	33	180
BHKK	22	33	180
BHKK	24	36	180
BHKK	24	36	180
BHKK	24	36	180
BHKK	24	36	180
BHKK	24	36	180
BHKK	24	36	180
BHKK	24	36	180
BHKK	24	36	180
BHKK	24	36	180
BHKK	24	36	180
BHKK	24	36	180
BHKK	24	36	180
BHKK	24	36	180
BHKK	24	36	180
BHKK	24	36	180
BHKK	24	36	180
BHKK	24	36	180
BHKK	24	36	180
BHKK	24	36	180
BHKK	24	36	180
BHKK	24	36	180
BHKK	24	36	180
BHKK	24	36	180
BHKK	24	36	180
BHKK	24	36	180
BHKK	24	36	180
BHKK	24	36	180
BHKK	24	36	180
BHKK	24	36	180
BHKK	24	36	180
BHKK	24	36	180
BHKK	24	36	180
BHKK	24	36	180
BHKK	24	36	180
BHKK	24	36	180
BHKK	24	36	180
BHKK	24	36	180
BHKK	24	36	180
BHKK	24	36	180
BHKK	24	36	180
BHKK	24	36	180
BHKK	24	36	180
BHKK	24	36	180
BHKK	24	36	180
BHKK	24	36	180
BHKK	24	36	180
BHKK	24	36	180
BHKK	24	36	180
BHKK	24	36	180
BHKK	24	36	180
BHKK	24	36	180
BHKK	24	36	180
BHKK	24	36	180
BHKK	24	36	180
BHKK	24	36	180
BHKK	24	36	180
BHKK	24	36	180
BHKK	24	36	180
BHKK	24	36	180
BHKK	24	36	180
BHKK	24	36	180
BHKK	24	36	180
BHKK	24	36	180
BHKK	24	36	180
BHKK	24	36	180
BHKK	24	36	180
BHKK	24	36	180
BHKK	24	36	180
BHKK	24	36	180
BHKK	24	36	180
BHKK	24	36	180
BHKK	24	36	180
BHKK	24	36	180
BHKK	24	36	180
BHKK	24	36	180
BHKK	24	36	180
BHKK	24	36	180
BHKK	24	36	180
BHKK	24	36	180
BHKK	24	36	180
BHKK	24	36	180
BHKK	24	36	180
BHKK	24	36	180
BHKK	24	36	180
BHKK	24	36	180
BHKK	24	36	180
BHKK	24	36	180
BHKK	24	36	180
BHKK	24	36	180
BHKK	24	36	180
BHKK	24	36	180
BHKK	24	36	180
BHKK	24	36	180
BHKK	24	36	180
BHKK	24	36	180
BHKK	24	36	180
BHKK	24	36	180
BHKK	24	36	180
BHKK	24	36	180
BHKK	24	36	180
HPR	10	15	0
HPR	10	15	0.00333
HPR	10	15	0
HPR	10	15	0
HPR	10	15	0
HPR	10	15	0
HPR	10	15	0
HPR	10	15	0
HPR	10	15	0.00333
HPR	10	15	0
HPR	10	15	0
HPR	10	15	0
HPR	10	15	0.00333
HPR	10	15	0
HPR	10	15	0
HPR	10	15	0
HPR	10	15	0.00333
HPR	10	15	0
HPR	10	15	0
HPR	10	15	0
HPR	10	15	0
HPR	10	15	0
HPR	10	15	0
HPR	10	15	0
HPR	10	15	0
HPR	10	15	0.00333
HPR	10	15	0
HPR	10	15	0
HPR	10	15	0
HPR	10	15	0.00333
HPR	10	15	0
HPR	10	15	0
HPR	10	15	0
HPR	10	15	0.00333
HPR	10	15	0
HPR	10	15	0
HPR	10	15	0.00333
HPR	10	15	0
HPR	10	15	0
HPR	10	15	0.00333
HPR	10	15	0
HPR	10	15	0
HPR	10	15	0
HPR	10	15	0
HPR	10	15	0.00333
HPR	10	15	0
HPR	10	15	0
HPR	10	15	0
HPR	10	15	0.00333
HPR	10	15	0
HPR	10	15	0
HPR	10	15	0
HPR	10	15	0.00333
HPR	10	15	0
HPR	10	15	0
HPR	10	15	0
HPR	10	15	0
HPR	10	15	0.00333
HPR	10	15	0
HPR	10	15	0
HPR	10	15	0
HPR	10	15	0.00333
HPR	10	15	0
HPR	10	15	0
HPR	10	15	0
HPR	10	15	0.00333
HPR	10	15	0
HPR	10	15	0
HPR	10	15	0
HPR	10	15	0.00333
HPR	10	15	0
HPR	10	15	0
HPR	10	15	0
HPR	10	15	0
HPR	10	15	0.00333
HPR	10	15	0
HPR	10	15	0
HPR	10	15	0
HPR	10	15	0
HPR	10	15	0.00333
HPR	10	15	0
HPR	10	15	0
HPR	10	15	0
HPR	10	15	0.00333
HPR	10	15	0
HPR	10	15	0
HPR	10	15	0.00333
HPR	10	15	0
HPR	10	15	0
HPR	10	15	0
HPR	10	15	0.00333
HPR	10	15	0
HPR	10	15	0
HPR	10	15	0
HPR	10	15	0.00333
HPR	10	15	0
HPR	10	15	0
HPR	10	15	0
HPR	10	15	0
HPR	10	15	0
HPR	12	18	0.00333
HPR	12	18	0.00333
HPR	12	18	0
HPR	12	18	0
HPR	12	18	0.00333
HPR	12	18	0
HPR	12	18	0
HPR	12	18	0
HPR	12	18	0.00333
HPR	12	18	0
HPR	12	18	0.00333
HPR	12	18	0
HPR	12	18	0.00333
HPR	12	18	0
HPR	12	18	0
HPR	12	18	0.00333
HPR	12	18	0
HPR	12	18	0
HPR	12	18	0.00333
HPR	12	18	0
HPR	12	18	0.00333
HPR	12	18	0
HPR	12	18	0.00333
HPR	12	18	0
HPR	12	18	0
HPR	12	18	0.00333
HPR	12	18	0.00333
HPR	12	18	0
HPR	12	18	0
HPR	12	18	0.00333
HPR	12	18	0
HPR	12	18	0.00333
HPR	12	18	0
HPR	12	18	0.00333
HPR	12	18	0
HPR	12	18	0
HPR	12	18	0.00333
HPR	12	18	0.00333
HPR	12	18	0
HPR	12	18	0
HPR	12	18	0
HPR	12	18	0.00333
HPR	12	18	0
HPR	12	18	0.00333
HPR	12	18	0
HPR	12	18	0
HPR	12	18	0.00333
HPR	12	18	0
HPR	12	18	0.00333
HPR	12	18	0
HPR	12	18	0.00333
HPR	12	18	0.00333
HPR	12	18	0.00333
HPR	12	18	0
HPR	12	18	0.00333
HPR	12	18	0
HPR	12	18	0.00333
HPR	12	18	0
HPR	12	18	0
HPR	12	18	0.00333
HPR	12	18	0
HPR	12	18	0.00333
HPR	12	18	0
HPR	12	18	0.00333
HPR	12	18	0
HPR	12	18	0.00333
HPR	12	18	0
HPR	12	18	0.00333
HPR	12	18	0
HPR	12	18	0.00333
HPR	12	18	0.00333
HPR	12	18	0
HPR	12	18	0
HPR	12	18	0
HPR	12	18	0.00333
HPR	12	18	0
HPR	12	18	0.00333
HPR	12	18	0.00333
HPR	12	18	0
HPR	12	18	0.00333
HPR	12	18	0
HPR	12	18	0
HPR	12	18	0
HPR	12	18	0.00333
HPR	12	18	0
HPR	12	18	0
HPR	12	18	0.00333
HPR	12	18	0
HPR	12	18	0.00333
HPR	12	18	0
HPR	12	18	0
HPR	12	18	0.00333
HPR	12	18	0
HPR	12	18	0.00333
HPR	12	18	0
HPR	12	18	0.00333
HPR	12	18	0
HPR	12	18	0
HPR	12	18	0
HPR	12	18	0.00333
HPR	14	21	0.00333
HPR	14	21	0
HPR	14	21	0
HPR	14	21	0.00333
HPR	14	21	0
HPR	14	21	0.00333
HPR	14	21	0
HPR	14	21	0
HPR	14	21	0
HPR	14	21	0
HPR	14	21	0.00667
HPR	14	21	0.00333
HPR	14	21	0.00333
HPR	14	21	0
HPR	14	21	0
HPR	14	21	0.00333
HPR	14	21	0
HPR	14	21	0
HPR	14	21	0
HPR	14	21	0.00333
HPR	14	21	0
HPR	14	21	0.00333
HPR	14	21	0
HPR	14	21	0
HPR	14	21	0
HPR	14	21	0.00667
HPR	14	21	0
HPR	14	21	0
HPR	14	21	0
HPR	14	21	0.00667
HPR	14	21	0
HPR	14	21	0.00333
HPR	14	21	0
HPR	14	21	0
HPR	14	21	0.00667
HPR	14	21	0.00333
HPR	14	21	0.00333
HPR	14	21	0.00333
HPR	14	21	0
HPR	14	21	0.00333
HPR	14	21	0.00333
HPR	14	21	0
HPR	14	21	0.00667
HPR	14	21	0
HPR	14	21	0
HPR	14	21	0.00333
HPR	14	21	0
HPR	14	21	0.00333
HPR	14	21	0
HPR	14	21	0.00333
HPR	14	21	0
HPR	14	21	0
HPR	14	21	0.00333
HPR	14	21	0
HPR	14	21	0.00333
HPR	14	21	0.00333
HPR	14	21	0
HPR	14	21	0
HPR	14	21	0
HPR	14	21	0
HPR	14	21	0.00333
HPR	14	21	0.00667
HPR	14	21	0
HPR	14	21	0.00333
HPR	14	21	0
HPR	14	21	0
HPR	14	21	0
HPR	14	21	0
HPR	14	21	0
HPR	14	21	0
HPR	14	21	0
HPR	14	21	0
HPR	14	21	0.00333
HPR	14	21	0
HPR	14	21	0
HPR	14	21	0
HPR	14	21	0.00333
HPR	14	21	0.00333
HPR	14	21	0.00333
HPR	14	21	0
HPR	14	21	0
HPR	14	21	0
HPR	14	21	0.00333
HPR	14	21	0.00667
HPR	14	21	0.00333
HPR	14	21	0
HPR	14	21	0
HPR	14	21	0.00667
HPR	14	21	0
HPR	14	21	0
HPR	14	21	0
HPR	14	21	0.00667
HPR	14	21	0
HPR	14	21	0.00333
HPR	14	21	0.00333
HPR	14	21	0
HPR	14	21	0.00333
HPR	14	21	0.00333
HPR	14	21	0.00333
HPR	14	21	0.00333
HPR	16	24	0.00667
HPR	16	24	0.00667
HPR	16	24	0.01
HPR	16	24	0.00333
HPR	16	24	0.00667
HPR	16	24	0.00667
HPR	16	24	0.00667
HPR	16	24	0.0133
HPR	16	24	0.0133
HPR	16	24	0.00667
HPR	16	24	0.00667
HPR	16	24	0.00667
HPR	16	24	0.00667
HPR	16	24	0.00333
HPR	16	24	0.01
HPR	16	24	0.00667
HPR	16	24	0.00333
HPR	16	24	0.00333
HPR	16	24	0.00333
HPR	16	24	0.02
HPR	16	24	0.00667
HPR	16	24	0.01
HPR	16	24	0.00667
HPR	16	24	0.0133
HPR	16	24	0.01
HPR	16	24	0.02
HPR	16	24	0.00667
HPR	16	24	0.00667
HPR	16	24	0.01
HPR	16	24	0.01
HPR	16	24	0.00333
HPR	16	24	0.0133
HPR	16	24	0.00667
HPR	16	24	0.00667
HPR	16	24	0.01
HPR	16	24	0.00667
HPR	16	24	0.00333
HPR	16	24	0.00667
HPR	16	24	0.00333
HPR	16	24	0.00333
HPR	16	24	0.0133
HPR	16	24	0.00667
HPR	16	24	0.00333
HPR	16	24	0.01
HPR	16	24	0.01
HPR	16	24	0.0167
HPR	16	24	0.0133
HPR	16	24	0.01
HPR	16	24	0.0167
HPR	16	24	0.01
HPR	16	24	0.00667
HPR	16	24	0
HPR	16	24	0.00333
HPR	16	24	0.0133
HPR	16	24	0.00333
HPR	16	24	0.00667
HPR	16	24	0.01
HPR	16	24	0.01
HPR	16	24	0.00333
HPR	16	24	0.01
HPR	16	24	0.00333
HPR	16	24	0.01
HPR	16	24	0.00333
HPR	16	24	0.00667
HPR	16	24	0.01
HPR	16	24	0.00333
HPR	16	24	0
HPR	16	24	0.00333
HPR	16	24	0.0133
HPR	16	24	0.00333
HPR	16	24	0.00333
HPR	16	24	0.02
HPR	16	24	0.01
HPR	16	24	0.0133
HPR	16	24	0
HPR	16	24	0.01
HPR	16	24	0.01
HPR	16	24	0.01
HPR	16	24	0.00667
HPR	16	24	0.0133
HPR	16	24	0.0133
HPR	16	24	0.00667
HPR	16	24	0.01
HPR	16	24	0.00333
HPR	16	24	0.00333
HPR	16	24	0.00333
HPR	16	24	0.00667
HPR	16	24	0.00667
HPR	16	24	0.00667
HPR	16	24	0.00333
HPR	16	24	0.00667
HPR	16	24	0.0133
HPR	16	24	0.00667
HPR	16	24	0.02
HPR	16	24	0.0133
HPR	16	24	0.0133
HPR	16	24	0.0133
HPR	16	24	0.0167
HPR	16	24	0.01
HPR	16	24	0.02
HPR	18	27	0.00667
HPR	18	27	0.00667
HPR	18	27	0.05
HPR	18	27	0.01
HPR	18	27	0.00333
HPR	18	27	0.00667
HPR	18	27	0.00333
HPR	18	27	0.0133
HPR	18	27	0.01
HPR	18	27	0.01
HPR	18	27	0.00667
HPR	18	27	0.00667
HPR	18	27	0.00333
HPR	18	27	0.0167
HPR	18	27	0.03
HPR	18	27	0.01
HPR	18	27	0.0167
HPR	18	27	0.01
HPR	18	27	0.0233
HPR	18	27	0.01
HPR	18	27	0.03
HPR	18	27	0.0133
HPR	18	27	0.02
HPR	18	27	0.0167
HPR	18	27	0.00667
HPR	18	27	0.0133
HPR	18	27	0.0367
HPR	18	27	0.00333
HPR	18	27	0.0167
HPR	18	27	0.0433
HPR	18	27	0.00667
HPR	18	27	0.0167
HPR	18	27	0.00333
HPR	18	27	0.0133
HPR	18	27	0.0233
HPR	18	27	0.0133
HPR	18	27	0.02
HPR	18	27	0.0333
HPR	18	27	0.03
HPR	18	27	0.0233
HPR	18	27	0.0267
HPR	18	27	0.0367
HPR	18	27	0.0433
HPR	18	27	0.0133
HPR	18	27	0.00667
HPR	18	27	0.04
HPR	18	27	0.02
HPR	18	27	0.0133
HPR	18	27	0.00667
HPR	18	27	0.00333
HPR	18	27	0.00333
HPR	18	27	0.03
HPR	18	27	0.00333
HPR	18	27	0.02
HPR	18	27	0.0133
HPR	18	27	0.01
HPR	18	27	0.00667
HPR	18	27	0.02
HPR	18	27	0.00333
HPR	18	27	0.0267
HPR	18	27	0.0333
HPR	18	27	0.0433
HPR	18	27	0.00333
HPR	18	27	0.00667
HPR	18	27	0.0267
HPR	18	27	0.0133
HPR	18	27	0.0333
HPR	18	27	0.0167
HPR	18	27	0.0233
HPR	18	27	0.0567
HPR	18	27	0.0167
HPR	18	27	0.0167
HPR	18	27	0.02
HPR	18	27	0.00667
HPR	18	27	0.00667
HPR	18	27	0.00667
HPR	18	27	0.01
HPR	18	27	0.0133
HPR	18	27	0.00667
HPR	18	27	0.00333
HPR	18	27	0.02
HPR	18	27	0.0167
HPR	18	27	0.0133
HPR	18	27	0.0167
HPR	18	27	0.00667
HPR	18	27	0.02
HPR	18	27	0.01
HPR	18	27	0.00667
HPR	18	27	0.00333
HPR	18	27	0.02
HPR	18	27	0.0233
HPR	18	27	0.01
HPR	18	27	0.0133
HPR	18	27	0.0533
HPR	18	27	0.02
HPR	18	27	0.0133
HPR	18	27	0.02
HPR	18	27	0.00667
HPR	18	27	0.00667
HPR	18	27	0.0133
HPR	20	30	0.07
HPR	20	30	0.0567
HPR	20	30	0.107
HPR	20	30	0.01
HPR	20	30	0.00667
HPR	20	30	0.06
HPR	20	30	0.0133
HPR	20	30	0.00667
HPR	20	30	0.04
HPR	20	30	0.09
HPR	20	30	0.00667
HPR	20	30	0.0167
HPR	20	30	0.04
HPR	20	30	0.107
HPR	20	30	0.00667
HPR	20	30	0.0333
HPR	20	30	0.0133
HPR	20	30	0.0233
HPR	20	30	0.0133
HPR	20	30	0.01
HPR	20	30	0.0433
HPR	20	30	0.0367
HPR	20	30	0.103
HPR	20	30	0.0267
HPR	20	30	0.0167
HPR	20	30	0.0167
HPR	20	30	0.01
HPR	20	30	0.05
HPR	20	30	0.0133
HPR	20	30	0.0667
HPR	20	30	0.06
HPR	20	30	0.02
HPR	20	30	0.0167
HPR	20	30	0.05
HPR	20	30	0.05
HPR	20	30	0.0133
HPR	20	30	0.03
HPR	20	30	0.0267
HPR	20	30	0.02
HPR	20	30	0.0367
HPR	20	30	0.0267
HPR	20	30	0.02
HPR	20	30	0.00667
HPR	20	30	0.0267
HPR	20	30	0.0267
HPR	20	30	0.07
HPR	20	30	0.05
HPR	20	30	0.107
HPR	20	30	0.01
HPR	20	30	0.107
HPR	20	30	0.0367
HPR	20	30	0.09
HPR	20	30	0.07
HPR	20	30	0.0133
HPR	20	30	0.0367
HPR	20	30	0.00667
HPR	20	30	0.117
HPR	20	30	0.0167
HPR	20	30	0.0433
HPR	20	30	0.00667
HPR	20	30	0.02
HPR	20	30	0.0833
HPR	20	30	0.0667
HPR	20	30	0.0233
HPR	20	30	0.0533
HPR	20	30	0.107
HPR	20	30	0.0567
HPR	20	30	0.12
HPR	20	30	0.0267
HPR	20	30	0.0533
HPR	20	30	0.0167
HPR	20	30	0.0367
HPR	20	30	0.03
HPR	20	30	0.01
HPR	20	30	0.0433
HPR	20	30	0.0267
HPR	20	30	0.0433
HPR	20	30	0.137
HPR	20	30	0.0333
HPR	20	30	0.103
HPR	20	30	0.0333
HPR	20	30	0.0567
HPR	20	30	0.0133
HPR	20	30	0.00667
HPR	20	30	0.0467
HPR	20	30	0.0367
HPR	20	30	0.0233
HPR	20	30	0.0133
HPR	20	30	0.0133
HPR	20	30	0.0167
HPR	20	30	0.0867
HPR	20	30	0.07
HPR	20	30	0.00667
HPR	20	30	0.03
HPR	20	30	0.0133
HPR	20	30	0.01
HPR	20	30	0.03
HPR	20	30	0.08
HPR	20	30	0.00667
HPR	20	30	0.02
HPR	22	33	0.0633
HPR	22	33	0.01
HPR	22	33	0.0667
HPR	22	33	0.06
HPR	22	33	0.0833
HPR	22	33	0.05
HPR	22	33	0.103
HPR	22	33	0.0667
HPR	22	33	0.15
HPR	22	33	0.28
HPR	22	33	0.123
HPR	22	33	0.117
HPR	22	33	0.137
HPR	22	33	0.0333
HPR	22	33	0.0967
HPR	22	33	0.0167
HPR	22	33	0.0133
HPR	22	33	0.0433
HPR	22	33	0.0133
HPR	22	33	0.203
HPR	22	33	0.133
HPR	22	33	0.0767
HPR	22	33	0.11
HPR	22	33	0.16
HPR	22	33	0.00667
HPR	22	33	0.06
HPR	22	33	0.0667
HPR	22	33	0.153
HPR	22	33	0.0433
HPR	22	33	0.05
HPR	22	33	0.12
HPR	22	33	0.0633
HPR	22	33	0.103
HPR	22	33	0.0167
HPR	22	33	0.0367
HPR	22	33	0.0967
HPR	22	33	0.137
HPR	22	33	0.21
HPR	22	33	0.0233
HPR	22	33	0.06
HPR	22	33	0.227
HPR	22	33	0.0933
HPR	22	33	0.07
HPR	22	33	0.0233
HPR	22	33	0.163
HPR	22	33	0.153
HPR	22	33	0.00333
HPR	22	33	0.0833
HPR	22	33	0.05
HPR	22	33	0.363
HPR	22	33	0.02
HPR	22	33	0.133
HPR	22	33	0.103
HPR	22	33	0.35
HPR	22	33	0.157
HPR	22	33	0.23
HPR	22	33	0.1
HPR	22	33	0.06
HPR	22	33	0.117
HPR	22	33	0.1
HPR	22	33	0.107
HPR	22	33	0.0233
HPR	22	33	0.0667
HPR	22	33	0.157
HPR	22	33	0.04
HPR	22	33	0.137
HPR	22	33	0.0467
HPR	22	33	0.127
HPR	22	33	0.13
HPR	22	33	0.31
HPR	22	33	0.18
HPR	22	33	0.127
HPR	22	33	0.0333
HPR	22	33	0.127
HPR	22	33	0.277
HPR	22	33	0.1
HPR	22	33	0.24
HPR	22	33	0.123
HPR	22	33	0.0333
HPR	22	33	0.0467
HPR	22	33	0.137
HPR	22	33	0.02
HPR	22	33	0.32
HPR	22	33	0.21
HPR	22	33	0.0633
HPR	22	33	0.0433
HPR	22	33	0.13
HPR	22	33	0.137
HPR	22	33	0.0467
HPR	22	33	0.137
HPR	22	33	0.04
HPR	22	33	0.0367
HPR	22	33	0.09
HPR	22	33	0.02
HPR	22	33	0.11
HPR	22	33	0.0467
HPR	22	33	0.04
HPR	22	33	0.273
HPR	22	33	0.137
HPR	22	33	0.06
HPR	24	36	0.32
HPR	24	36	1.03
HPR	24	36	0.34
HPR	24	36	0.327
HPR	24	36	0.147
HPR	24	36	0.127
HPR	24	36	0.0333
HPR	24	36	0.13
HPR	24	36	0.123
HPR	24	36	0.327
HPR	24	36	0.187
HPR	24	36	0.51
HPR	24	36	0.07
HPR	24	36	0.477
HPR	24	36	0.737
HPR	24	36	0.0933
HPR	24	36	0.113
HPR	24	36	0.113
HPR	24	36	0.443
HPR	24	36	0.08
HPR	24	36	0.407
HPR	24	36	0.103
HPR	24	36	0.287
HPR	24	36	0.413
HPR	24	36	0.567
HPR	24	36	0.223
HPR	24	36	0.01
HPR	24	36	0.103
HPR	24	36	0.157
HPR	24	36	0.0167
HPR	24	36	0.0267
HPR	24	36	0.237
HPR	24	36	0.0267
HPR	24	36	0.0667
HPR	24	36	0.387
HPR	24	36	0.277
HPR	24	36	0.0867
HPR	24	36	0.46
HPR	24	36	0.03
HPR	24	36	0.483
HPR	24	36	0.0767
HPR	24	36	0.07
HPR	24	36	0.437
HPR	24	36	0.39
HPR	24	36	0.147
HPR	24	36	0.0233
HPR	24	36	0.22
HPR	24	36	0.0467
HPR	24	36	0.147
HPR	24	36	0.15
HPR	24	36	0.0967
HPR	24	36	0.343
HPR	24	36	0.23
HPR	24	36	0.0567
HPR	24	36	0.31
HPR	24	36	0.153
HPR	24	36	0.21
HPR	24	36	0.41
HPR	24	36	0.623
HPR	24	36	0.13
HPR	24	36	0.863
HPR	24	36	0.123
HPR	24	36	0.14
HPR	24	36	0.5
HPR	24	36	0.19
HPR	24	36	0.05
HPR	24	36	0.337
HPR	24	36	0.577
HPR	24	36	0.19
HPR	24	36	0.647
HPR	24	36	0.4
HPR	24	36	0.07
HPR	24	36	0.297
HPR	24	36	0.0867
HPR	24	36	0.0467
HPR	24	36	0.0667
HPR	24	36	0.0967
HPR	24	36	0.533
HPR	24	36	0.03
HPR	24	36	0.0933
HPR	24	36	0.24
HPR	24	36	0.0367
HPR	24	36	0.25
HPR	24	36	0.11
HPR	24	36	0.137
HPR	24	36	0.04
HPR	24	36	0.07
HPR	24	36	0.427
HPR	24	36	0.14
HPR	24	36	0.297
HPR	24	36	0.0633
HPR	24	36	0.7
HPR	24	36	0.0433
HPR	24	36	0.0733
HPR	24	36	0.0167
HPR	24	36	0.0633
HPR	24	36	0.183
HPR	24	36	0.0833
HPR	24	36	0.54
HPR	24	36	0.0733
HPR	26	39	0.177
HPR	26	39	0.407
HPR	26	39	0.19
HPR	26	39	1.46
HPR	26	39	0.0467
HPR	26	39	1.58
HPR	26	39	0.26
HPR	26	39	0.27
HPR	26	39	0.227
HPR	26	39	0.0667
HPR	26	39	1.6
HPR	26	39	0.517
HPR	26	39	0.133
HPR	26	39	0.597
HPR	26	39	0.507
HPR	26	39	0.0933
HPR	26	39	0.453
HPR	26	39	0.567
HPR	26	39	0.303
HPR	26	39	0.35
HPR	26	39	0.623
HPR	26	39	0.623
HPR	26	39	1.37
HPR	26	39	0.797
HPR	26	39	0.13
HPR	26	39	0.0367
HPR	26	39	0.757
HPR	26	39	1.17
HPR	26	39	0.613
HPR	26	39	0.497
HPR	26	39	0.697
HPR	26	39	0.247
HPR	26	39	0.807
HPR	26	39	0.477
HPR	26	39	0.563
HPR	26	39	0.127
HPR	26	39	0.0167
HPR	26	39	0.337
HPR	26	39	0.367
HPR	26	39	0.657
HPR	26	39	1.25
HPR	26	39	0.17
HPR	26	39	0.433
HPR	26	39	0.517
HPR	26	39	0.717
HPR	26	39	2.16
HPR	26	39	0.197
HPR	26	39	2.13
HPR	26	39	0.807
HPR	26	39	0.29
HPR	26	39	2.15
HPR	26	39	0.87
HPR	26	39	0.54
HPR	26	39	0.0367
HPR	26	39	0.717
HPR	26	39	0.84
HPR	26	39	0.657
HPR	26	39	0.2
HPR	26	39	0.553
HPR	26	39	1.22
HPR	26	39	0.09
HPR	26	39	0.307
HPR	26	39	1.88
HPR	26	39	0.51
HPR	26	39	0.513
HPR	26	39	0.56
HPR	26	39	0.353
HPR	26	39	0.117
HPR	26	39	0.0233
HPR	26	39	0.7
HPR	26	39	0.693
HPR	26	39	0.123
HPR	26	39	0.1
HPR	26	39	0.0533
HPR	26	39	0.153
HPR	26	39	0.14
HPR	26	39	1.35
HPR	26	39	0.277
HPR	26	39	0.06
HPR	26	39	0.123
HPR	26	39	0.297
HPR	26	39	0.143
HPR	26	39	0.127
HPR	26	39	1.41
HPR	26	39	1.48
HPR	26	39	0.0533
HPR	26	39	1.1
HPR	26	39	0.113
HPR	26	39	1.34
HPR	26	39	0.133
HPR	26	39	0.11
HPR	26	39	0.397
HPR	26	39	0.0567
HPR	26	39	0.12
HPR	26	39	0.08
HPR	26	39	0.13
HPR	26	39	0.373
HPR	26	39	0.827
HPR	26	39	0.207
HPR	26	39	0.683
HPR	28	42	0.783
HPR	28	42	1.05
HPR	28	42	1.96
HPR	28	42	0.5
HPR	28	42	0.0933
HPR	28	42	0.203
HPR	28	42	0.813
HPR	28	42	1.97
HPR	28	42	0.05
HPR	28	42	1.6
HPR	28	42	1.41
HPR	28	42	1.66
HPR	28	42	0.0467
HPR	28	42	1.82
HPR	28	42	0.79
HPR	28	42	0.767
HPR	28	42	1.84
HPR	28	42	0.553
HPR	28	42	0.947
HPR	28	42	0.177
HPR	28	42	1.05
HPR	28	42	0.257
HPR	28	42	0.233
HPR	28	42	0.0533
HPR	28	42	5.63
HPR	28	42	1.12
HPR	28	42	0.81
HPR	28	42	4.53
HPR	28	42	1.43
HPR	28	42	1.46
HPR	28	42	0.647
HPR	28	42	1.6
HPR	28	42	0.387
HPR	28	42	2.12
HPR	28	42	0.92
HPR	28	42	0.15
HPR	28	42	1.1
HPR	28	42	1.93
HPR	28	42	2.43
HPR	28	42	0.853
HPR	28	42	4.64
HPR	28	42	0.207
HPR	28	42	0.79
HPR	28	42	0.703
HPR	28	42	0.303
HPR	28	42	2.13
HPR	28	42	0.933
HPR	28	42	0.203
HPR	28	42	1.63
HPR	28	42	0.0967
HPR	28	42	0.137
HPR	28	42	0.343
HPR	28	42	0.683
HPR	28	42	0.887
HPR	28	42	0.513
HPR	28	42	0.473
HPR	28	42	2.39
HPR	28	42	1.61
HPR	28	42	3.89
HPR	28	42	1.44
HPR	28	42	1.61
HPR	28	42	0.137
HPR	28	42	0.39
HPR	28	42	0.563
HPR	28	42	2.27
HPR	28	42	0.12
HPR	28	42	0.637
HPR	28	42	3.83
HPR	28	42	1.47
HPR	28	42	0.197
HPR	28	42	0.0333
HPR	28	42	0.96
HPR	28	42	0.17
HPR	28	42	0.0867
HPR	28	42	0.307
HPR	28	42	0.867
HPR	28	42	1.61
HPR	28	42	3.11
HPR	28	42	0.597
HPR	28	42	1.76
HPR	28	42	0.07
HPR	28	42	0.783
HPR	28	42	2.39
HPR	28	42	0.91
HPR	28	42	0.343
HPR	28	42	0.317
HPR	28	42	0.233
HPR	28	42	0.44
HPR	28	42	1.84
HPR	28	42	1.89
HPR	28	42	2.01
HPR	28	42	0.12
HPR	28	42	0.61
HPR	28	42	0.91
HPR	28	42	0.05
HPR	28	42	0.743
HPR	28	42	2.15
HPR	28	42	0.49
HPR	28	42	1.39
HPR	28	42	0.603
HPR	30	45	3.84
HPR	30	45	3.13
HPR	30	45	2.18
HPR	30	45	1.04
HPR	30	45	3.25
HPR	30	45	2.14
HPR	30	45	1.46
HPR	30	45	3.91
HPR	30	45	5.77
HPR	30	45	2.63
HPR	30	45	0.127
HPR	30	45	5.86
HPR	30	45	0.54
HPR	30	45	0.123
HPR	30	45	0.3
HPR	30	45	9.79
HPR	30	45	2.72
HPR	30	45	0.46
HPR	30	45	0.413
HPR	30	45	0.153
HPR	30	45	1.03
HPR	30	45	1.08
HPR	30	45	2.09
HPR	30	45	0.247
HPR	30	45	1.12
HPR	30	45	1.96
HPR	30	45	0.72
HPR	30	45	1.06
HPR	30	45	0.523
HPR	30	45	5.55
HPR	30	45	1.44
HPR	30	45	3.43
HPR	30	45	2.38
HPR	30	45	12.2
HPR	30	45	1.69
HPR	30	45	5.04
HPR	30	45	1.06
HPR	30	45	1.54
HPR	30	45	6.17
HPR	30	45	5.71
HPR	30	45	1.05
HPR	30	45	1.66
HPR	30	45	0.297
HPR	30	45	1.99
HPR	30	45	3.76
HPR	30	45	5.18
HPR	30	45	0.387
HPR	30	45	1.38
HPR	30	45	1.55
HPR	30	45	5.51
HPR	30	45	0.453
HPR	30	45	0.99
HPR	30	45	0.0333
HPR	30	45	0.56
HPR	30	45	0.69
HPR	30	45	4.54
HPR	30	45	0.847
HPR	30	45	4.3
HPR	30	45	9.22
HPR	30	45	3.04
HPR	30	45	0.867
HPR	30	45	0.05
HPR	30	45	2.57
HPR	30	45	0.0533
HPR	30	45	3.83
HPR	30	45	0.177
HPR	30	45	0.3
HPR	30	45	10.3
HPR	30	45	3.99
HPR	30	45	1.57
HPR	30	45	8.74
HPR	30	45	0.693
HPR	30	45	1.44
HPR	30	45	1.93
HPR	30	45	2.37
HPR	30	45	1.15
HPR	30	45	0.233
HPR	30	45	7.79
HPR	30	45	1.89
HPR	30	45	2.82
HPR	30	45	1.29
HPR	30	45	0.747
HPR	30	45	1.15
HPR	30	45	1.99
HPR	30	45	2.48
HPR	30	45	2.59
HPR	30	45	0.72
HPR	30	45	0.557
HPR	30	45	0.473
HPR	30	45	0.48
HPR	30	45	1.22
HPR	30	45	1.39
HPR	30	45	1.38
HPR	30	45	4.45
HPR	30	45	1.18
HPR	30	45	2.62
HPR	30	45	0.433
HPR	30	45	0.563
HPR	30	45	13.2
HPR	30	45	3.69
HPR	32	48	1.32
HPR	32	48	2.75
HPR	32	48	9.22
HPR	32	48	2.03
HPR	32	48	5.41
HPR	32	48	0.253
HPR	32	48	4.68
HPR	32	48	6.76
HPR	32	48	0.17
HPR	32	48	3.1
HPR	32	48	4.45
HPR	32	48	7.49
HPR	32	48	0.23
HPR	32	48	2.4
HPR	32	48	6.81
HPR	32	48	24.1
HPR	32	48	5.38
HPR	32	48	1.93
HPR	32	48	5.11
HPR	32	48	4.99
HPR	32	48	1.24
HPR	32	48	6.23
HPR	32	48	3.51
HPR	32	48	5.98
HPR	32	48	1.07
HPR	32	48	1.89
HPR	32	48	12.1
HPR	32	48	0.243
HPR	32	48	2.79
HPR	32	48	5.61
HPR	32	48	9.34
HPR	32	48	20.9
HPR	32	48	2.63
HPR	32	48	13.5
HPR	32	48	6.58
HPR	32	48	0.183
HPR	32	48	4.85
HPR	32	48	1.69
HPR	32	48	9.46
HPR	32	48	1.98
HPR	32	48	2.02
HPR	32	48	2.74
HPR	32	48	2.2
HPR	32	48	24.8
HPR	32	48	0.647
HPR	32	48	13.1
HPR	32	48	1.4
HPR	32	48	0.507
HPR	32	48	0.717
HPR	32	48	0.48
HPR	32	48	0.237
HPR	32	48	1.41
HPR	32	48	32.2
HPR	32	48	4.45
HPR	32	48	6.53
HPR	32	48	2.86
HPR	32	48	19.4
HPR	32	48	1.09
HPR	32	48	0.327
HPR	32	48	3.83
HPR	32	48	14
HPR	32	48	0.52
HPR	32	48	33.5
HPR	32	48	11.7
HPR	32	48	21.8
HPR	32	48	10.6
HPR	32	48	0.767
HPR	32	48	6.67
HPR	32	48	1.34
HPR	32	48	1.55
HPR	32	48	0.453
HPR	32	48	7.98
HPR	32	48	17.7
HPR	32	48	2.14
HPR	32	48	1.2
HPR	32	48	1.83
HPR	32	48	0.88
HPR	32	48	2.41
HPR	32	48	4.11
HPR	32	48	6
HPR	32	48	1.8
HPR	32	48	8.87
HPR	32	48	2.41
HPR	32	48	4.84
HPR	32	48	13.5
HPR	32	48	9.91
HPR	32	48	6.4
HPR	32	48	1.83
HPR	32	48	0.167
HPR	32	48	1.17
HPR	32	48	6.18
HPR	32	48	5.69
HPR	32	48	4.85
HPR	32	48	5.15
HPR	32	48	21.7
HPR	32	48	4.54
HPR	32	48	1.46
HPR	32	48	0.347
HPR	32	48	5.05
HPR	32	48	3.2
HPR	34	51	4.69
HPR	34	51	58.4
HPR	34	51	20.7
HPR	34	51	4.97
HPR	34	51	8.9
HPR	34	51	0.863
HPR	34	51	1.85
HPR	34	51	26.9
HPR	34	51	1.77
HPR	34	51	1.32
HPR	34	51	11.8
HPR	34	51	2.92
HPR	34	51	97.3
HPR	34	51	9.42
HPR	34	51	0.633
HPR	34	51	8.2
HPR	34	51	0.337
HPR	34	51	166
HPR	34	51	9.31
HPR	34	51	65.5
HPR	34	51	0.187
HPR	34	51	1.54
HPR	34	51	3.86
HPR	34	51	0.97
HPR	34	51	4.63
HPR	34	51	2.5
HPR	34	51	12
HPR	34	51	1.57
HPR	34	51	0.85
HPR	34	51	0.24
HPR	34	51	86.5
HPR	34	51	15
HPR	34	51	0.253
HPR	34	51	13
HPR	34	51	1.81
HPR	34	51	2.24
HPR	34	51	5.45
HPR	34	51	5
HPR	34	51	2.24
HPR	34	51	29.2
HPR	34	51	14
HPR	34	51	3.76
HPR	34	51	30.4
HPR	34	51	3.74
HPR	34	51	2.11
HPR	34	51	6.57
HPR	34	51	0.48
HPR	34	51	4.18
HPR	34	51	1.99
HPR	34	51	22.7
HPR	34	51	3.75
HPR	34	51	1.35
HPR	34	51	2.88
HPR	34	51	25.5
HPR	34	51	129
HPR	34	51	16.5
HPR	34	51	9.99
HPR	34	51	155
HPR	34	51	5.45
HPR	34	51	20.7
HPR	34	51	9.03
HPR	34	51	9.78
HPR	34	51	9.16
HPR	34	51	10.4
HPR	34	51	27.5
HPR	34	51	8.33
HPR	34	51	71.2
HPR	34	51	5.62
HPR	34	51	39.8
HPR	34	51	8.68
HPR	34	51	3.15
HPR	34	51	32.5
HPR	34	51	3.44
HPR	34	51	3.53
HPR	34	51	9.98
HPR	34	51	44.3
HPR	34	51	33.2
HPR	34	51	17.5
HPR	34	51	4.37
HPR	34	51	0.713
HPR	34	51	10.5
HPR	34	51	4.96
HPR	34	51	5.14
HPR	34	51	8.52
HPR	34	51	6.1
HPR	34	51	6.51
HPR	34	51	8.12
HPR	34	51	33.6
HPR	34	51	4.49
HPR	34	51	13.3
HPR	34	51	8.96
HPR	34	51	10.8
HPR	34	51	30.8
HPR	34	51	3.49
HPR	34	51	5.41
HPR	34	51	0.423
HPR	34	51	9.7
HPR	34	51	37.5
HPR	34	51	0.743
HPR	34	51	5.99
HPR	36	54	80.7
HPR	36	54	129
HPR	36	54	17
HPR	36	54	84.2
HPR	36	54	4.97
HPR	36	54	72
HPR	36	54	2.18
HPR	36	54	16.2
HPR	36	54	180
HPR	36	54	69.6
HPR	36	54	3.97
HPR	36	54	94.1
HPR	36	54	1.59
HPR	36	54	81.8
HPR	36	54	1.05
HPR	36	54	18.7
HPR	36	54	16.6
HPR	36	54	5.32
HPR	36	54	54.4
HPR	36	54	7.18
HPR	36	54	11.8
HPR	36	54	180
HPR	36	54	10.5
HPR	36	54	29.4
HPR	36	54	1.19
HPR	36	54	45.2
HPR	36	54	3.46
HPR	36	54	46.2
HPR	36	54	6.56
HPR	36	54	180
HPR	36	54	29.8
HPR	36	54	180
HPR	36	54	15.6
HPR	36	54	8.83
HPR	36	54	3.8
HPR	36	54	25.3
HPR	36	54	10.1
HPR	36	54	19.8
HPR	36	54	25.5
HPR	36	54	10.3
HPR	36	54	12.8
HPR	36	54	5.14
HPR	36	54	14
HPR	36	54	7.52
HPR	36	54	30.4
HPR	36	54	59.4
HPR	36	54	0.907
HPR	36	54	9.9
HPR	36	54	51
HPR	36	54	47.8
HPR	36	54	30.9
HPR	36	54	30.6
HPR	36	54	65.2
HPR	36	54	64.7
HPR	36	54	167
HPR	36	54	27.2
HPR	36	54	57
HPR	36	54	3.19
HPR	36	54	18
HPR	36	54	25.2
HPR	36	54	1.87
HPR	36	54	14.2
HPR	36	54	0.637
HPR	36	54	180
HPR	36	54	20
HPR	36	54	68.3
HPR	36	54	21
HPR	36	54	32.2
HPR	36	54	71.1
HPR	36	54	4.19
HPR	36	54	1.57
HPR	36	54	5
HPR	36	54	180
HPR	36	54	14.4
HPR	36	54	53.6
HPR	36	54	180
HPR	36	54	8.17
HPR	36	54	12.1
HPR	36	54	40.7
HPR	36	54	2.51
HPR	36	54	10.4
HPR	36	54	22.2
HPR	36	54	86.6
HPR	36	54	9.05
HPR	36	54	16.4
HPR	36	54	5.25
HPR	36	54	3.57
HPR	36	54	7.89
HPR	36	54	9.3
HPR	36	54	180
HPR	36	54	40.4
HPR	36	54	1.16
HPR	36	54	0.79
HPR	36	54	48.4
HPR	36	54	14
HPR	36	54	31.6
HPR	36	54	64.1
HPR	36	54	173
HPR	36	54	2.52
HPR	36	54	180
HPR	38	57	3.88
HPR	38	57	180
HPR	38	57	99.6
HPR	38	57	85.6
HPR	38	57	155
HPR	38	57	9.77
HPR	38	57	4.35
HPR	38	57	180
HPR	38	57	180
HPR	38	57	16.2
HPR	38	57	33.4
HPR	38	57	37.2
HPR	38	57	180
HPR	38	57	180
HPR	38	57	107
HPR	38	57	22.8
HPR	38	57	10.5
HPR	38	57	180
HPR	38	57	12.6
HPR	38	57	89.8
HPR	38	57	40.8
HPR	38	57	180
HPR	38	57	180
HPR	38	57	145
HPR	38	57	43.4
HPR	38	57	54.4
HPR	38	57	8.53
HPR	38	57	180
HPR	38	57	12.3
HPR	38	57	53.2
HPR	38	57	180
HPR	38	57	4.87
HPR	38	57	20.8
HPR	38	57	77.9
HPR	38	57	180
HPR	38	57	15.7
HPR	38	57	180
HPR	38	57	180
HPR	38	57	11
HPR	38	57	180
HPR	38	57	3.14
HPR	38	57	33.9
HPR	38	57	16
HPR	38	57	180
HPR	38	57	3.53
HPR	38	57	7.61
HPR	38	57	42
HPR	38	57	47.3
HPR	38	57	180
HPR	38	57	9.44
HPR	38	57	38.1
HPR	38	57	180
HPR	38	57	180
HPR	38	57	52.3
HPR	38	57	44.3
HPR	38	57	11.6
HPR	38	57	9.15
HPR	38	57	66.9
HPR	38	57	5.49
HPR	38	57	26.8
HPR	38	57	17.4
HPR	38	57	10.9
HPR	38	57	117
HPR	38	57	81.6
HPR	38	57	180
HPR	38	57	2.21
HPR	38	57	180
HPR	38	57	140
HPR	38	57	34.5
HPR	38	57	180
HPR	38	57	180
HPR	38	57	8.23
HPR	38	57	110
HPR	38	57	10
HPR	38	57	74.4
HPR	38	57	67.9
HPR	38	57	180
HPR	38	57	180
HPR	38	57	180
HPR	38	57	180
HPR	38	57	180
HPR	38	57	70.5
HPR	38	57	180
HPR	38	57	12.5
HPR	38	57	180
HPR	38	57	55.4
HPR	38	57	180
HPR	38	57	180
HPR	38	57	180
HPR	38	57	9.64
HPR	38	57	5.4
HPR	38	57	21.4
HPR	38	57	25.4
HPR	38	57	180
HPR	38	57	180
HPR	38	57	16.8
HPR	38	57	75
HPR	38	57	180
HPR	38	57	8.36
HPR	38	57	180
HPR	40	60	3.43
HPR	40	60	180
HPR	40	60	180
HPR	40	60	180
HPR	40	60	180
HPR	40	60	180
HPR	40	60	7.34
HPR	40	60	180
HPR	40	60	76.6
HPR	40	60	27.1
HPR	40	60	180
HPR	40	60	11.6
HPR	40	60	180
HPR	40	60	38.1
HPR	40	60	180
HPR	40	60	78.4
HPR	40	60	180
HPR	40	60	180
HPR	40	60	180
HPR	40	60	143
HPR	40	60	156
HPR	40	60	180
HPR	40	60	74.5
HPR	40	60	32.6
HPR	40	60	180
HPR	40	60	6.77
HPR	40	60	8.4
HPR	40	60	180
HPR	40	60	36.9
HPR	40	60	180
HPR	40	60	180
HPR	40	60	180
HPR	40	60	180
HPR	40	60	29.4
HPR	40	60	175
HPR	40	60	180
HPR	40	60	180
HPR	40	60	180
HPR	40	60	180
HPR	40	60	33.1
HPR	40	60	79.1
HPR	40	60	32.3
HPR	40	60	180
HPR	40	60	36.7
HPR	40	60	23.6
HPR	40	60	180
HPR	40	60	98.5
HPR	40	60	22.7
HPR	40	60	12.5
HPR	40	60	91
HPR	40	60	180
HPR	40	60	180
HPR	40	60	180
HPR	40	60	180
HPR	40	60	48
HPR	40	60	180
HPR	40	60	180
HPR	40	60	180
HPR	40	60	103
HPR	40	60	180
HPR	40	60	180
HPR	40	60	76.4
HPR	40	60	74.3
HPR	40	60	16
HPR	40	60	72.1
HPR	40	60	180
HPR	40	60	180
HPR	40	60	16.2
HPR	40	60	180
HPR	40	60	119
HPR	40	60	180
HPR	40	60	14.9
HPR	40	60	180
HPR	40	60	24.8
HPR	40	60	180
HPR	40	60	31.5
HPR	40	60	180
HPR	40	60	86.3
HPR	40	60	180
HPR	40	60	95.3
HPR	40	60	180
HPR	40	60	180
HPR	40	60	180
HPR	40	60	180
HPR	40	60	61.4
HPR	40	60	180
HPR	40	60	146
HPR	40	60	8.94
HPR	40	60	17.9
HPR	40	60	120
HPR	40	60	14.9
HPR	40	60	180
HPR	40	60	69.8
HPR	40	60	180
HPR	40	60	180
HPR	40	60	180
HPR	40	60	180
HPR	40	60	180
HPR	40	60	26.2
HPR	40	60	180
