bhkk	18	36	103.343
bhkk	18	36	103.287
bhkk	18	36	103.333
bhkk	18	36	103.297
bhkk	18	36	103.283
bhkk	18	36	103.277
bhkk	18	36	103.31
bhkk	18	36	103.327
bhkk	18	36	103.317
bhkk	18	36	103.257
bhkk	18	36	103.277
bhkk	18	36	103.263
bhkk	18	36	103.303
bhkk	18	36	103.31
bhkk	18	36	103.267
bhkk	18	36	103.293
bhkk	18	36	103.28
bhkk	18	36	103.32
bhkk	18	36	103.32
bhkk	18	36	103.323
bhkk	18	36	103.233
bhkk	18	36	103.32
bhkk	18	36	103.3
bhkk	18	36	103.263
bhkk	18	36	103.307
bhkk	18	36	103.31
bhkk	18	36	103.34
bhkk	18	36	103.273
bhkk	18	36	103.303
bhkk	18	36	103.273
bhkk	18	36	103.33
bhkk	18	36	103.273
bhkk	18	36	103.333
bhkk	18	36	103.33
bhkk	18	36	103.317
bhkk	18	36	103.28
bhkk	18	36	103.303
bhkk	18	36	103.327
bhkk	18	36	103.297
bhkk	18	36	103.29
bhkk	18	36	103.297
bhkk	18	36	103.327
bhkk	18	36	103.327
bhkk	18	36	103.277
bhkk	18	36	103.317
bhkk	18	36	103.307
bhkk	18	36	103.307
bhkk	18	36	103.27
bhkk	18	36	103.3
bhkk	18	36	103.26
