bj	24	48	20.4
bj	24	48	3.08
bj	24	48	3.91
bj	24	48	35.2
bj	24	48	13.9
bj	24	48	timeout
bj	24	48	11.5
bj	24	48	timeout
bj	24	48	0.987
bj	24	48	13.8
bj	24	48	20.6
bj	24	48	19.4
bj	24	48	5.54
bj	24	48	3.74
bj	24	48	timeout
bj	24	48	2.6
bj	24	48	15.8
bj	24	48	1.09
bj	24	48	3.02
bj	24	48	45.7
bj	24	48	3.36
bj	24	48	9.89
bj	24	48	2.43
bj	24	48	5.55
bj	24	48	104
bj	24	48	13.4
bj	24	48	57.7
bj	24	48	3.08
bj	24	48	8.51
bj	24	48	14.8
bj	24	48	13.2
bj	24	48	14.3
bj	24	48	96.3
bj	24	48	timeout
bj	24	48	6.52
bj	24	48	30.9
bj	24	48	29.8
bj	24	48	timeout
bj	24	48	97.9
bj	24	48	timeout
bj	24	48	46.2
bj	24	48	79.4
bj	24	48	18.6
bj	24	48	120
bj	24	48	10.2
bj	24	48	1.94
bj	24	48	4.47
bj	24	48	9.66
bj	24	48	8.86
bj	24	48	timeout
