bj	20	40	1.6
bj	20	40	0.527
bj	20	40	3.86
bj	20	40	0.743
bj	20	40	2.24
bj	20	40	1.4
bj	20	40	1.48
bj	20	40	0.233
bj	20	40	2.37
bj	20	40	0.87
bj	20	40	0.64
bj	20	40	1.71
bj	20	40	0.327
bj	20	40	1.66
bj	20	40	0.707
bj	20	40	0.753
bj	20	40	0.953
bj	20	40	1.94
bj	20	40	0.41
bj	20	40	1.98
bj	20	40	0.53
bj	20	40	1.43
bj	20	40	1.17
bj	20	40	2.38
bj	20	40	0.123
bj	20	40	1.46
bj	20	40	0.993
bj	20	40	1.15
bj	20	40	1.17
bj	20	40	4.3
bj	20	40	0.44
bj	20	40	0.157
bj	20	40	1.74
bj	20	40	1.25
bj	20	40	4.4
bj	20	40	2.29
bj	20	40	0.91
bj	20	40	2.27
bj	20	40	0.597
bj	20	40	0.0467
bj	20	40	0.777
bj	20	40	7.39
bj	20	40	1.59
bj	20	40	3.88
bj	20	40	0.68
bj	20	40	1.79
bj	20	40	4.77
bj	20	40	0.793
bj	20	40	1.35
bj	20	40	2.1
