bhkk	14	28	2.69
bhkk	14	28	2.69
bhkk	14	28	2.69
bhkk	14	28	2.69
bhkk	14	28	2.69
bhkk	14	28	2.69
bhkk	14	28	2.68667
bhkk	14	28	2.69
bhkk	14	28	2.68667
bhkk	14	28	2.69
bhkk	14	28	2.69
bhkk	14	28	2.69333
bhkk	14	28	2.68667
bhkk	14	28	2.69
bhkk	14	28	2.68667
bhkk	14	28	2.68667
bhkk	14	28	2.69
bhkk	14	28	2.69
bhkk	14	28	2.68667
bhkk	14	28	2.68667
bhkk	14	28	2.69
bhkk	14	28	2.69
bhkk	14	28	2.69
bhkk	14	28	2.68667
bhkk	14	28	2.69
bhkk	14	28	2.68667
bhkk	14	28	2.69
bhkk	14	28	2.68667
bhkk	14	28	2.69
bhkk	14	28	2.69
bhkk	14	28	2.68667
bhkk	14	28	2.68667
bhkk	14	28	2.69
bhkk	14	28	2.68667
bhkk	14	28	2.69
bhkk	14	28	2.68333
bhkk	14	28	2.69
bhkk	14	28	2.68667
bhkk	14	28	2.69
bhkk	14	28	2.68667
bhkk	14	28	2.69
bhkk	14	28	2.69
bhkk	14	28	2.69333
bhkk	14	28	2.69
bhkk	14	28	2.69
bhkk	14	28	2.69
bhkk	14	28	2.69
bhkk	14	28	2.69
bhkk	14	28	2.69
bhkk	14	28	2.68667
