hpr	14	28	0.117
hpr	14	28	0.0633
hpr	14	28	0.07
hpr	14	28	0.05
hpr	14	28	0.0967
hpr	14	28	0.07
hpr	14	28	0.06
hpr	14	28	0.0633
hpr	14	28	0.05
hpr	14	28	0.0867
hpr	14	28	0.0767
hpr	14	28	0.0567
hpr	14	28	0.0767
hpr	14	28	0.0467
hpr	14	28	0.0567
hpr	14	28	0.0467
hpr	14	28	0.09
hpr	14	28	0.0867
hpr	14	28	0.0167
hpr	14	28	0.03
hpr	14	28	0.0933
hpr	14	28	0.0567
hpr	14	28	0.06
hpr	14	28	0.0633
hpr	14	28	0.04
hpr	14	28	0.07
hpr	14	28	0.0467
hpr	14	28	0.0167
hpr	14	28	0.0633
hpr	14	28	0.0567
hpr	14	28	0.107
hpr	14	28	0.06
hpr	14	28	0.04
hpr	14	28	0.0333
hpr	14	28	0.05
hpr	14	28	0.05
hpr	14	28	0.06
hpr	14	28	0.103
hpr	14	28	0.0533
hpr	14	28	0.08
hpr	14	28	0.0367
hpr	14	28	0.0667
hpr	14	28	0.09
hpr	14	28	0.07
hpr	14	28	0.05
hpr	14	28	0.0933
hpr	14	28	0.0667
hpr	14	28	0.0667
hpr	14	28	0.0867
hpr	14	28	0.1
