hpr	10	20	0
hpr	10	20	0.00333
hpr	10	20	0.00333
hpr	10	20	0.00667
hpr	10	20	0.00333
hpr	10	20	0.00333
hpr	10	20	0.00667
hpr	10	20	0.00333
hpr	10	20	0
hpr	10	20	0.00333
hpr	10	20	0
hpr	10	20	0
hpr	10	20	0.00333
hpr	10	20	0
hpr	10	20	0
hpr	10	20	0.00333
hpr	10	20	0.00333
hpr	10	20	0
hpr	10	20	0
hpr	10	20	0.00333
hpr	10	20	0.00333
hpr	10	20	0.00333
hpr	10	20	0.00333
hpr	10	20	0.00333
hpr	10	20	0
hpr	10	20	0.00333
hpr	10	20	0.00333
hpr	10	20	0
hpr	10	20	0
hpr	10	20	0
hpr	10	20	0.00333
hpr	10	20	0.00333
hpr	10	20	0
hpr	10	20	0.00333
hpr	10	20	0.00333
hpr	10	20	0
hpr	10	20	0.00333
hpr	10	20	0.00333
hpr	10	20	0.00333
hpr	10	20	0
hpr	10	20	0.00333
hpr	10	20	0.00333
hpr	10	20	0
hpr	10	20	0.00333
hpr	10	20	0.00333
hpr	10	20	0
hpr	10	20	0.00333
hpr	10	20	0.00333
hpr	10	20	0
hpr	10	20	0.00333
