bhkk	16	32	20.15
bhkk	16	32	20.14
bhkk	16	32	20.11
bhkk	16	32	20.12
bhkk	16	32	20.1233
bhkk	16	32	20.11
bhkk	16	32	20.1167
bhkk	16	32	20.1267
bhkk	16	32	20.1167
bhkk	16	32	20.1133
bhkk	16	32	20.12
bhkk	16	32	20.12
bhkk	16	32	20.1133
bhkk	16	32	20.11
bhkk	16	32	20.1133
bhkk	16	32	20.1133
bhkk	16	32	20.13
bhkk	16	32	20.1133
bhkk	16	32	20.1233
bhkk	16	32	20.1233
bhkk	16	32	20.12
bhkk	16	32	20.1167
bhkk	16	32	20.1167
bhkk	16	32	20.1233
bhkk	16	32	20.1167
bhkk	16	32	20.1233
bhkk	16	32	20.1167
bhkk	16	32	20.1133
bhkk	16	32	20.1167
bhkk	16	32	20.1133
bhkk	16	32	20.1133
bhkk	16	32	20.12
bhkk	16	32	20.1167
bhkk	16	32	20.1167
bhkk	16	32	20.11
bhkk	16	32	20.1067
bhkk	16	32	20.1167
bhkk	16	32	20.1133
bhkk	16	32	20.1133
bhkk	16	32	20.11
bhkk	16	32	20.1133
bhkk	16	32	20.1133
bhkk	16	32	20.1267
bhkk	16	32	20.1267
bhkk	16	32	20.1167
bhkk	16	32	20.11
bhkk	16	32	20.1233
bhkk	16	32	20.12
bhkk	16	32	20.1133
bhkk	16	32	20.1133
