bhkk	10	20	0.053333
bhkk	10	20	0.053333
bhkk	10	20	0.053333
bhkk	10	20	0.053333
bhkk	10	20	0.053333
bhkk	10	20	0.053333
bhkk	10	20	0.053333
bhkk	10	20	0.053333
bhkk	10	20	0.053333
bhkk	10	20	0.053333
bhkk	10	20	0.053333
bhkk	10	20	0.053333
bhkk	10	20	0.053333
bhkk	10	20	0.053333
bhkk	10	20	0.053333
bhkk	10	20	0.053333
bhkk	10	20	0.053333
bhkk	10	20	0.053333
bhkk	10	20	0.053333
bhkk	10	20	0.053333
bhkk	10	20	0.053333
bhkk	10	20	0.053333
bhkk	10	20	0.053333
bhkk	10	20	0.053333
bhkk	10	20	0.053333
bhkk	10	20	0.053333
bhkk	10	20	0.053333
bhkk	10	20	0.053333
bhkk	10	20	0.053333
bhkk	10	20	0.053333
bhkk	10	20	0.053333
bhkk	10	20	0.053333
bhkk	10	20	0.053333
bhkk	10	20	0.053333
bhkk	10	20	0.053333
bhkk	10	20	0.053333
bhkk	10	20	0.053333
bhkk	10	20	0.049999
bhkk	10	20	0.053333
bhkk	10	20	0.053333
bhkk	10	20	0.053333
bhkk	10	20	0.053333
bhkk	10	20	0.053333
bhkk	10	20	0.053333
bhkk	10	20	0.053333
bhkk	10	20	0.053333
bhkk	10	20	0.053333
bhkk	10	20	0.053333
bhkk	10	20	0.053333
bhkk	10	20	0.053333
