bj	18	36	1.14
bj	18	36	0.14
bj	18	36	0.553
bj	18	36	0.11
bj	18	36	0.163
bj	18	36	0.723
bj	18	36	1.55
bj	18	36	1.47
bj	18	36	0.507
bj	18	36	0.517
bj	18	36	1.64
bj	18	36	0.483
bj	18	36	0.28
bj	18	36	0.263
bj	18	36	2.17
bj	18	36	0.813
bj	18	36	0.387
bj	18	36	1.2
bj	18	36	0.58
bj	18	36	0.237
bj	18	36	0.543
bj	18	36	0.527
bj	18	36	1.49
bj	18	36	0.423
bj	18	36	0.0733
bj	18	36	0.32
bj	18	36	0.527
bj	18	36	1.57
bj	18	36	0.52
bj	18	36	1.09
bj	18	36	0.993
bj	18	36	0.573
bj	18	36	0.993
bj	18	36	1.53
bj	18	36	0.523
bj	18	36	0.553
bj	18	36	0.2
bj	18	36	0.0833
bj	18	36	0.203
bj	18	36	0.18
bj	18	36	0.207
bj	18	36	0.153
bj	18	36	0.7
bj	18	36	1.05
bj	18	36	0.523
bj	18	36	0.183
bj	18	36	0.22
bj	18	36	0.99
bj	18	36	0.373
bj	18	36	1.81
