hpr	20	40	3.05
hpr	20	40	1.96
hpr	20	40	7.98
hpr	20	40	2.43
hpr	20	40	3.22
hpr	20	40	2.15
hpr	20	40	4.57
hpr	20	40	1.63
hpr	20	40	4.03
hpr	20	40	3.73
hpr	20	40	6.61
hpr	20	40	3.52
hpr	20	40	1.91
hpr	20	40	4.84
hpr	20	40	3.29
hpr	20	40	2.86
hpr	20	40	2.07
hpr	20	40	3.67
hpr	20	40	3.32
hpr	20	40	2.9
hpr	20	40	2.04
hpr	20	40	3.41
hpr	20	40	1.34
hpr	20	40	5.17
hpr	20	40	0.85
hpr	20	40	5.85
hpr	20	40	1.98
hpr	20	40	2.95
hpr	20	40	1.55
hpr	20	40	5.69
hpr	20	40	3.42
hpr	20	40	1.98
hpr	20	40	4.96
hpr	20	40	1.7
hpr	20	40	3.39
hpr	20	40	2.64
hpr	20	40	4.03
hpr	20	40	4.6
hpr	20	40	2.49
hpr	20	40	0.667
hpr	20	40	2.23
hpr	20	40	4.12
hpr	20	40	3.62
hpr	20	40	5.67
hpr	20	40	2.88
hpr	20	40	4.67
hpr	20	40	1.88
hpr	20	40	2.24
hpr	20	40	1.23
hpr	20	40	4.38
