hpr	24	48	52.5
hpr	24	48	34.7
hpr	24	48	23.4
hpr	24	48	73.2
hpr	24	48	21.8
hpr	24	48	98.5
hpr	24	48	66.6
hpr	24	48	48.4
hpr	24	48	50.2
hpr	24	48	84
hpr	24	48	30.5
hpr	24	48	30.7
hpr	24	48	47.1
hpr	24	48	70
hpr	24	48	25.9
hpr	24	48	23.3
hpr	24	48	88.7
hpr	24	48	9.11
hpr	24	48	38.2
hpr	24	48	95.4
hpr	24	48	52.3
hpr	24	48	23.7
hpr	24	48	34.5
hpr	24	48	47.1
hpr	24	48	40.7
hpr	24	48	66.6
hpr	24	48	27.5
hpr	24	48	22.6
hpr	24	48	54.6
hpr	24	48	99
hpr	24	48	96.1
hpr	24	48	33.5
hpr	24	48	68.5
hpr	24	48	75.9
hpr	24	48	20.3
hpr	24	48	45.6
hpr	24	48	64.3
hpr	24	48	63.8
hpr	24	48	50.7
hpr	24	48	74.8
hpr	24	48	56
hpr	24	48	110
hpr	24	48	35.5
hpr	24	48	112
hpr	24	48	29.3
hpr	24	48	18.4
hpr	24	48	32.9
hpr	24	48	88.5
hpr	24	48	72.7
hpr	24	48	83.2
