bj	16	32	0.0633
bj	16	32	0.09
bj	16	32	0.02
bj	16	32	0.277
bj	16	32	0.15
bj	16	32	0.03
bj	16	32	0.03
bj	16	32	0.06
bj	16	32	0.08
bj	16	32	0.173
bj	16	32	0.0433
bj	16	32	0.223
bj	16	32	0.0467
bj	16	32	0.0833
bj	16	32	0.113
bj	16	32	0.1
bj	16	32	0.143
bj	16	32	0.103
bj	16	32	0.06
bj	16	32	0.117
bj	16	32	0.13
bj	16	32	0.25
bj	16	32	0.147
bj	16	32	0.0567
bj	16	32	0.217
bj	16	32	0.257
bj	16	32	0.107
bj	16	32	0.1
bj	16	32	0.177
bj	16	32	0.137
bj	16	32	0.257
bj	16	32	0.12
bj	16	32	0.19
bj	16	32	0.0833
bj	16	32	0.0467
bj	16	32	0.0233
bj	16	32	0.07
bj	16	32	0.227
bj	16	32	0.103
bj	16	32	0.03
bj	16	32	0.183
bj	16	32	0.103
bj	16	32	0.08
bj	16	32	0.0533
bj	16	32	0.0633
bj	16	32	0.263
bj	16	32	0.0333
bj	16	32	0.05
bj	16	32	0.0967
bj	16	32	0.09
