hpr	22	44	12
hpr	22	44	7.83
hpr	22	44	1.86
hpr	22	44	12.7
hpr	22	44	12.9
hpr	22	44	7.37
hpr	22	44	19.1
hpr	22	44	15.9
hpr	22	44	15.7
hpr	22	44	16.2
hpr	22	44	18.3
hpr	22	44	7.02
hpr	22	44	17.7
hpr	22	44	15.4
hpr	22	44	9.4
hpr	22	44	18.3
hpr	22	44	19.1
hpr	22	44	14.4
hpr	22	44	25.6
hpr	22	44	8.41
hpr	22	44	8.06
hpr	22	44	11.6
hpr	22	44	16.3
hpr	22	44	16
hpr	22	44	13.5
hpr	22	44	1.47
hpr	22	44	18.7
hpr	22	44	15.7
hpr	22	44	16.8
hpr	22	44	2.11
hpr	22	44	7.16
hpr	22	44	5.13
hpr	22	44	11.6
hpr	22	44	17.9
hpr	22	44	10.7
hpr	22	44	18.5
hpr	22	44	15.6
hpr	22	44	17.6
hpr	22	44	20.9
hpr	22	44	6.82
hpr	22	44	12
hpr	22	44	16.9
hpr	22	44	17.2
hpr	22	44	2.44
hpr	22	44	4.5
hpr	22	44	24.1
hpr	22	44	14.3
hpr	22	44	18.1
hpr	22	44	10
hpr	22	44	8.32
