bhkk	12	24	0.453333
bhkk	12	24	0.443333
bhkk	12	24	0.426666
bhkk	12	24	0.426666
bhkk	12	24	0.423333
bhkk	12	24	0.426666
bhkk	12	24	0.426666
bhkk	12	24	0.426666
bhkk	12	24	0.426666
bhkk	12	24	0.423333
bhkk	12	24	0.426666
bhkk	12	24	0.423333
bhkk	12	24	0.423333
bhkk	12	24	0.426666
bhkk	12	24	0.426666
bhkk	12	24	0.423333
bhkk	12	24	0.426666
bhkk	12	24	0.426666
bhkk	12	24	0.426666
bhkk	12	24	0.426666
bhkk	12	24	0.423333
bhkk	12	24	0.423333
bhkk	12	24	0.426666
bhkk	12	24	0.426666
bhkk	12	24	0.426666
bhkk	12	24	0.426666
bhkk	12	24	0.426666
bhkk	12	24	0.426666
bhkk	12	24	0.423333
bhkk	12	24	0.426666
bhkk	12	24	0.426666
bhkk	12	24	0.426666
bhkk	12	24	0.426666
bhkk	12	24	0.426666
bhkk	12	24	0.426666
bhkk	12	24	0.426666
bhkk	12	24	0.426666
bhkk	12	24	0.426666
bhkk	12	24	0.423333
bhkk	12	24	0.426666
bhkk	12	24	0.426666
bhkk	12	24	0.426666
bhkk	12	24	0.426666
bhkk	12	24	0.426666
bhkk	12	24	0.426666
bhkk	12	24	0.426666
bhkk	12	24	0.426666
bhkk	12	24	0.423333
bhkk	12	24	0.426666
bhkk	12	24	0.426666
