hpr	18	36	0.687
hpr	18	36	0.753
hpr	18	36	0.677
hpr	18	36	0.807
hpr	18	36	0.593
hpr	18	36	0.48
hpr	18	36	0.597
hpr	18	36	0.953
hpr	18	36	1.27
hpr	18	36	0.16
hpr	18	36	1.21
hpr	18	36	0.75
hpr	18	36	0.353
hpr	18	36	0.977
hpr	18	36	1.23
hpr	18	36	0.847
hpr	18	36	0.667
hpr	18	36	0.94
hpr	18	36	0.84
hpr	18	36	0.403
hpr	18	36	0.613
hpr	18	36	0.917
hpr	18	36	0.437
hpr	18	36	0.423
hpr	18	36	0.953
hpr	18	36	0.85
hpr	18	36	0.887
hpr	18	36	0.85
hpr	18	36	1.23
hpr	18	36	1.14
hpr	18	36	1.19
hpr	18	36	0.497
hpr	18	36	1.04
hpr	18	36	0.773
hpr	18	36	1.03
hpr	18	36	1.19
hpr	18	36	0.55
hpr	18	36	0.397
hpr	18	36	0.397
hpr	18	36	0.9
hpr	18	36	0.613
hpr	18	36	0.533
hpr	18	36	0.95
hpr	18	36	0.83
hpr	18	36	1.16
hpr	18	36	0.807
hpr	18	36	0.37
hpr	18	36	1.32
hpr	18	36	0.53
hpr	18	36	0.643
