bj	10	20	0.00667
bj	10	20	0.0133
bj	10	20	0.01
bj	10	20	0.00667
bj	10	20	0.00667
bj	10	20	0.00667
bj	10	20	0.00333
bj	10	20	0.01
bj	10	20	0.00667
bj	10	20	0.01
bj	10	20	0.00333
bj	10	20	0.00667
bj	10	20	0.00333
bj	10	20	0.00333
bj	10	20	0.01
bj	10	20	0.00667
bj	10	20	0.01
bj	10	20	0.00333
bj	10	20	0.00333
bj	10	20	0.00667
bj	10	20	0.00667
bj	10	20	0.00333
bj	10	20	0.00667
bj	10	20	0.00667
bj	10	20	0.00667
bj	10	20	0.00667
bj	10	20	0.01
bj	10	20	0.00667
bj	10	20	0.00667
bj	10	20	0.00667
bj	10	20	0.00667
bj	10	20	0.00667
bj	10	20	0.00667
bj	10	20	0.00333
bj	10	20	0.00333
bj	10	20	0.00333
bj	10	20	0.00333
bj	10	20	0.00333
bj	10	20	0.00667
bj	10	20	0.00333
bj	10	20	0.00667
bj	10	20	0.00333
bj	10	20	0.00333
bj	10	20	0.00667
bj	10	20	0.01
bj	10	20	0.00667
bj	10	20	0.00667
bj	10	20	0
bj	10	20	0.00333
bj	10	20	0.00667
