hpr	16	32	0.08
hpr	16	32	0.333
hpr	16	32	0.02
hpr	16	32	0.353
hpr	16	32	0.313
hpr	16	32	0.0567
hpr	16	32	0.12
hpr	16	32	0.24
hpr	16	32	0.16
hpr	16	32	0.203
hpr	16	32	0.147
hpr	16	32	0.297
hpr	16	32	0.21
hpr	16	32	0.0533
hpr	16	32	0.227
hpr	16	32	0.127
hpr	16	32	0.21
hpr	16	32	0.08
hpr	16	32	0.253
hpr	16	32	0.16
hpr	16	32	0.313
hpr	16	32	0.23
hpr	16	32	0.213
hpr	16	32	0.173
hpr	16	32	0.147
hpr	16	32	0.243
hpr	16	32	0.327
hpr	16	32	0.213
hpr	16	32	0.28
hpr	16	32	0.303
hpr	16	32	0.263
hpr	16	32	0.237
hpr	16	32	0.227
hpr	16	32	0.387
hpr	16	32	0.137
hpr	16	32	0.177
hpr	16	32	0.413
hpr	16	32	0.227
hpr	16	32	0.313
hpr	16	32	0.11
hpr	16	32	0.187
hpr	16	32	0.0767
hpr	16	32	0.187
hpr	16	32	0.213
hpr	16	32	0.2
hpr	16	32	0.36
hpr	16	32	0.257
hpr	16	32	0.197
hpr	16	32	0.23
hpr	16	32	0.17
