bj	22	44	30.1
bj	22	44	0.367
bj	22	44	0.377
bj	22	44	14.1
bj	22	44	5.1
bj	22	44	4.39
bj	22	44	12.4
bj	22	44	3.47
bj	22	44	18
bj	22	44	10.5
bj	22	44	3.19
bj	22	44	2.41
bj	22	44	0.95
bj	22	44	7.18
bj	22	44	50.2
bj	22	44	1.73
bj	22	44	99.2
bj	22	44	9.81
bj	22	44	6.15
bj	22	44	1.1
bj	22	44	10.3
bj	22	44	5.21
bj	22	44	3.1
bj	22	44	9.22
bj	22	44	12.5
bj	22	44	0.623
bj	22	44	5.14
bj	22	44	3.28
bj	22	44	9.45
bj	22	44	1.09
bj	22	44	3.16
bj	22	44	0.65
bj	22	44	1.72
bj	22	44	2.55
bj	22	44	1.03
bj	22	44	36.3
bj	22	44	3.06
bj	22	44	5.38
bj	22	44	11.2
bj	22	44	1.23
bj	22	44	3.59
bj	22	44	8.62
bj	22	44	1.73
bj	22	44	1.17
bj	22	44	1.04
bj	22	44	3.17
bj	22	44	4.19
bj	22	44	8.32
bj	22	44	1.14
bj	22	44	0.43
