bhkk	12	24	0.359999
bhkk	12	24	0.356666
bhkk	12	24	0.359999
bhkk	12	24	0.356666
bhkk	12	24	0.359999
bhkk	12	24	0.359999
bhkk	12	24	0.359999
bhkk	12	24	0.356666
bhkk	12	24	0.359999
bhkk	12	24	0.356666
bhkk	12	24	0.359999
bhkk	12	24	0.359999
bhkk	12	24	0.356666
bhkk	12	24	0.359999
bhkk	12	24	0.366666
bhkk	12	24	0.356666
bhkk	12	24	0.359999
bhkk	12	24	0.359999
bhkk	12	24	0.359999
bhkk	12	24	0.359999
bhkk	12	24	0.359999
bhkk	12	24	0.359999
bhkk	12	24	0.356666
bhkk	12	24	0.356666
bhkk	12	24	0.359999
bhkk	12	24	0.359999
bhkk	12	24	0.356666
bhkk	12	24	0.369999
bhkk	12	24	0.369999
bhkk	12	24	0.366666
bhkk	12	24	0.359999
bhkk	12	24	0.359999
bhkk	12	24	0.359999
bhkk	12	24	0.359999
bhkk	12	24	0.356666
bhkk	12	24	0.359999
bhkk	12	24	0.359999
bhkk	12	24	0.356666
bhkk	12	24	0.359999
bhkk	12	24	0.356666
bhkk	12	24	0.356666
bhkk	12	24	0.359999
bhkk	12	24	0.356666
bhkk	12	24	0.359999
bhkk	12	24	0.359999
bhkk	12	24	0.356666
bhkk	12	24	0.356666
bhkk	12	24	0.356666
bhkk	12	24	0.356666
bhkk	12	24	0.363333
bhkk	12	24	0.356666
bhkk	12	24	0.356666
bhkk	12	24	0.359999
bhkk	12	24	0.359999
bhkk	12	24	0.359999
bhkk	12	24	0.356666
bhkk	12	24	0.359999
bhkk	12	24	0.359999
bhkk	12	24	0.356666
bhkk	12	24	0.359999
bhkk	12	24	0.373333
bhkk	12	24	0.359999
bhkk	12	24	0.403333
bhkk	12	24	0.359999
bhkk	12	24	0.359999
bhkk	12	24	0.359999
bhkk	12	24	0.359999
bhkk	12	24	0.359999
bhkk	12	24	0.359999
bhkk	12	24	0.359999
bhkk	12	24	0.359999
bhkk	12	24	0.359999
bhkk	12	24	0.359999
bhkk	12	24	0.359999
bhkk	12	24	0.356666
bhkk	12	24	0.359999
bhkk	12	24	0.359999
bhkk	12	24	0.356666
bhkk	12	24	0.359999
bhkk	12	24	0.359999
bhkk	12	24	0.359999
bhkk	12	24	0.356666
bhkk	12	24	0.356666
bhkk	12	24	0.406666
bhkk	12	24	0.359999
bhkk	12	24	0.356666
bhkk	12	24	0.356666
bhkk	12	24	0.359999
bhkk	12	24	0.356666
bhkk	12	24	0.356666
bhkk	12	24	0.359999
bhkk	12	24	0.356666
bhkk	12	24	0.359999
bhkk	12	24	0.359999
bhkk	12	24	0.359999
bhkk	12	24	0.356666
bhkk	12	24	0.359999
bhkk	12	24	0.359999
bhkk	12	24	0.359999
bhkk	12	24	0.356666
