bhkk	10	20	0.049999
bhkk	10	20	0.049999
bhkk	10	20	0.046666
bhkk	10	20	0.049999
bhkk	10	20	0.049999
bhkk	10	20	0.046666
bhkk	10	20	0.049999
bhkk	10	20	0.049999
bhkk	10	20	0.049999
bhkk	10	20	0.049999
bhkk	10	20	0.049999
bhkk	10	20	0.049999
bhkk	10	20	0.049999
bhkk	10	20	0.049999
bhkk	10	20	0.046666
bhkk	10	20	0.049999
bhkk	10	20	0.049999
bhkk	10	20	0.049999
bhkk	10	20	0.046666
bhkk	10	20	0.049999
bhkk	10	20	0.049999
bhkk	10	20	0.049999
bhkk	10	20	0.049999
bhkk	10	20	0.049999
bhkk	10	20	0.049999
bhkk	10	20	0.049999
bhkk	10	20	0.046666
bhkk	10	20	0.046666
bhkk	10	20	0.049999
bhkk	10	20	0.046666
bhkk	10	20	0.049999
bhkk	10	20	0.046666
bhkk	10	20	0.046666
bhkk	10	20	0.046666
bhkk	10	20	0.046666
bhkk	10	20	0.046666
bhkk	10	20	0.049999
bhkk	10	20	0.049999
bhkk	10	20	0.049999
bhkk	10	20	0.049999
bhkk	10	20	0.049999
bhkk	10	20	0.049999
bhkk	10	20	0.049999
bhkk	10	20	0.049999
bhkk	10	20	0.049999
bhkk	10	20	0.049999
bhkk	10	20	0.049999
bhkk	10	20	0.049999
bhkk	10	20	0.049999
bhkk	10	20	0.049999
bhkk	10	20	0.049999
bhkk	10	20	0.049999
bhkk	10	20	0.049999
bhkk	10	20	0.049999
bhkk	10	20	0.049999
bhkk	10	20	0.049999
bhkk	10	20	0.049999
bhkk	10	20	0.049999
bhkk	10	20	0.046666
bhkk	10	20	0.049999
bhkk	10	20	0.049999
bhkk	10	20	0.049999
bhkk	10	20	0.049999
bhkk	10	20	0.049999
bhkk	10	20	0.046666
bhkk	10	20	0.049999
bhkk	10	20	0.049999
bhkk	10	20	0.049999
bhkk	10	20	0.046666
bhkk	10	20	0.046666
bhkk	10	20	0.049999
bhkk	10	20	0.049999
bhkk	10	20	0.049999
bhkk	10	20	0.049999
bhkk	10	20	0.049999
bhkk	10	20	0.049999
bhkk	10	20	0.049999
bhkk	10	20	0.049999
bhkk	10	20	0.049999
bhkk	10	20	0.049999
bhkk	10	20	0.049999
bhkk	10	20	0.049999
bhkk	10	20	0.049999
bhkk	10	20	0.049999
bhkk	10	20	0.049999
bhkk	10	20	0.049999
bhkk	10	20	0.049999
bhkk	10	20	0.049999
bhkk	10	20	0.049999
bhkk	10	20	0.049999
bhkk	10	20	0.049999
bhkk	10	20	0.049999
bhkk	10	20	0.049999
bhkk	10	20	0.049999
bhkk	10	20	0.049999
bhkk	10	20	0.049999
bhkk	10	20	0.049999
bhkk	10	20	0.049999
bhkk	10	20	0.049999
bhkk	10	20	0.046666
