bj	20	40	1.75
bj	20	40	0.583
bj	20	40	4.2
bj	20	40	0.803
bj	20	40	2.47
bj	20	40	1.53
bj	20	40	1.6
bj	20	40	0.257
bj	20	40	2.57
bj	20	40	0.95
bj	20	40	0.693
bj	20	40	1.85
bj	20	40	0.353
bj	20	40	1.8
bj	20	40	0.777
bj	20	40	0.827
bj	20	40	1.04
bj	20	40	2.13
bj	20	40	0.443
bj	20	40	2.16
bj	20	40	0.573
bj	20	40	1.54
bj	20	40	1.27
bj	20	40	2.59
bj	20	40	0.133
bj	20	40	1.6
bj	20	40	1.07
bj	20	40	1.26
bj	20	40	1.28
bj	20	40	4.71
bj	20	40	0.473
bj	20	40	0.17
bj	20	40	1.92
bj	20	40	1.36
bj	20	40	4.79
bj	20	40	2.5
bj	20	40	0.997
bj	20	40	2.5
bj	20	40	0.65
bj	20	40	0.0467
bj	20	40	0.847
bj	20	40	8.04
bj	20	40	1.72
bj	20	40	4.24
bj	20	40	0.743
bj	20	40	1.94
bj	20	40	5.28
bj	20	40	0.863
bj	20	40	1.47
bj	20	40	2.28
bj	20	40	1.74
bj	20	40	1.26
bj	20	40	2.09
bj	20	40	2.76
bj	20	40	0.85
bj	20	40	0.597
bj	20	40	0.5
bj	20	40	2.46
bj	20	40	1.97
bj	20	40	1.33
bj	20	40	6.27
bj	20	40	0.167
bj	20	40	0.83
bj	20	40	8.15
bj	20	40	0.687
bj	20	40	1.04
bj	20	40	5.36
bj	20	40	1.33
bj	20	40	0.333
bj	20	40	0.927
bj	20	40	1.3
bj	20	40	1.74
bj	20	40	3.78
bj	20	40	0.307
bj	20	40	8.1
bj	20	40	0.467
bj	20	40	2.16
bj	20	40	1.26
bj	20	40	0.927
bj	20	40	0.787
bj	20	40	0.433
bj	20	40	0.57
bj	20	40	1.52
bj	20	40	2.32
bj	20	40	0.523
bj	20	40	2.03
bj	20	40	1.2
bj	20	40	0.297
bj	20	40	0.0533
bj	20	40	0.56
bj	20	40	1.07
bj	20	40	0.923
bj	20	40	4.37
bj	20	40	1.4
bj	20	40	1.72
bj	20	40	1.2
bj	20	40	6.12
bj	20	40	0.53
bj	20	40	0.843
bj	20	40	4.23
