bhkk	14	28	2.48
bhkk	14	28	2.48333
bhkk	14	28	2.47667
bhkk	14	28	2.55667
bhkk	14	28	2.47667
bhkk	14	28	2.48333
bhkk	14	28	2.48
bhkk	14	28	2.48333
bhkk	14	28	2.48
bhkk	14	28	2.49333
bhkk	14	28	2.48333
bhkk	14	28	2.48
bhkk	14	28	2.49667
bhkk	14	28	2.48
bhkk	14	28	2.58333
bhkk	14	28	2.48
bhkk	14	28	2.48
bhkk	14	28	2.48333
bhkk	14	28	2.48333
bhkk	14	28	2.48
bhkk	14	28	2.47667
bhkk	14	28	2.48
bhkk	14	28	2.48
bhkk	14	28	2.48333
bhkk	14	28	2.48
bhkk	14	28	2.48
bhkk	14	28	2.48
bhkk	14	28	2.48
bhkk	14	28	2.48
bhkk	14	28	2.48333
bhkk	14	28	2.48
bhkk	14	28	2.51667
bhkk	14	28	2.58667
bhkk	14	28	2.48
bhkk	14	28	2.47667
bhkk	14	28	2.48
bhkk	14	28	2.48
bhkk	14	28	2.48333
bhkk	14	28	2.48333
bhkk	14	28	2.48333
bhkk	14	28	2.85
bhkk	14	28	2.48333
bhkk	14	28	2.52667
bhkk	14	28	2.48
bhkk	14	28	2.49333
bhkk	14	28	2.48333
bhkk	14	28	2.48
bhkk	14	28	2.7
bhkk	14	28	2.48
bhkk	14	28	2.69333
bhkk	14	28	2.47667
bhkk	14	28	2.48
bhkk	14	28	2.48333
bhkk	14	28	2.48333
bhkk	14	28	2.48
bhkk	14	28	2.48
bhkk	14	28	2.48
bhkk	14	28	2.48333
bhkk	14	28	2.48
bhkk	14	28	2.48333
bhkk	14	28	2.47667
bhkk	14	28	2.48333
bhkk	14	28	2.48333
bhkk	14	28	2.48
bhkk	14	28	2.55333
bhkk	14	28	2.48333
bhkk	14	28	2.47667
bhkk	14	28	2.55333
bhkk	14	28	2.48
bhkk	14	28	2.48
bhkk	14	28	2.48
bhkk	14	28	2.48333
bhkk	14	28	2.48
bhkk	14	28	2.48333
bhkk	14	28	2.47667
bhkk	14	28	2.48
bhkk	14	28	2.48333
bhkk	14	28	2.48333
bhkk	14	28	2.48333
bhkk	14	28	2.48333
bhkk	14	28	2.48333
bhkk	14	28	2.48
bhkk	14	28	2.48333
bhkk	14	28	2.48
bhkk	14	28	2.48
bhkk	14	28	2.48
bhkk	14	28	2.48
bhkk	14	28	2.48
bhkk	14	28	2.48333
bhkk	14	28	2.48333
bhkk	14	28	2.53667
bhkk	14	28	2.48
bhkk	14	28	2.48333
bhkk	14	28	2.48333
bhkk	14	28	2.47667
bhkk	14	28	2.48
bhkk	14	28	2.48
bhkk	14	28	2.48
bhkk	14	28	2.48333
bhkk	14	28	2.48
