bhkk	16	32	17.54
bhkk	16	32	17.5467
bhkk	16	32	17.54
bhkk	16	32	17.5467
bhkk	16	32	17.5333
bhkk	16	32	17.53
bhkk	16	32	17.5467
bhkk	16	32	17.5367
bhkk	16	32	17.5267
bhkk	16	32	17.5433
bhkk	16	32	17.5367
bhkk	16	32	17.5367
bhkk	16	32	17.5367
bhkk	16	32	17.5333
bhkk	16	32	17.53
bhkk	16	32	17.54
bhkk	16	32	17.5333
bhkk	16	32	17.5367
bhkk	16	32	17.53
bhkk	16	32	17.53
bhkk	16	32	17.5367
bhkk	16	32	17.5367
bhkk	16	32	17.5333
bhkk	16	32	17.54
bhkk	16	32	17.5367
bhkk	16	32	17.5367
bhkk	16	32	17.5433
bhkk	16	32	17.5367
bhkk	16	32	17.5467
bhkk	16	32	17.5333
bhkk	16	32	17.5333
bhkk	16	32	17.5467
bhkk	16	32	17.54
bhkk	16	32	17.5433
bhkk	16	32	17.55
bhkk	16	32	17.5367
bhkk	16	32	17.55
bhkk	16	32	17.53
bhkk	16	32	17.5333
bhkk	16	32	17.5333
bhkk	16	32	17.5433
bhkk	16	32	17.5333
bhkk	16	32	17.54
bhkk	16	32	17.5333
bhkk	16	32	17.54
bhkk	16	32	17.5367
bhkk	16	32	17.5567
bhkk	16	32	17.53
bhkk	16	32	17.5367
bhkk	16	32	17.54
bhkk	16	32	17.5367
bhkk	16	32	17.5367
bhkk	16	32	17.5333
bhkk	16	32	17.5267
bhkk	16	32	17.5367
bhkk	16	32	17.5367
bhkk	16	32	17.54
bhkk	16	32	17.5333
bhkk	16	32	17.54
bhkk	16	32	17.5367
bhkk	16	32	17.5433
bhkk	16	32	17.5333
bhkk	16	32	17.54
bhkk	16	32	17.5333
bhkk	16	32	17.5367
bhkk	16	32	17.5367
bhkk	16	32	17.5467
bhkk	16	32	17.54
bhkk	16	32	17.54
bhkk	16	32	17.5433
bhkk	16	32	17.53
bhkk	16	32	17.54
bhkk	16	32	17.54
bhkk	16	32	17.5333
bhkk	16	32	17.54
bhkk	16	32	17.5367
bhkk	16	32	17.54
bhkk	16	32	17.5333
bhkk	16	32	17.54
bhkk	16	32	17.5467
bhkk	16	32	17.55
bhkk	16	32	17.5433
bhkk	16	32	17.5367
bhkk	16	32	17.5467
bhkk	16	32	17.53
bhkk	16	32	17.5367
bhkk	16	32	17.5333
bhkk	16	32	17.5367
bhkk	16	32	17.5367
bhkk	16	32	17.54
bhkk	16	32	17.5433
bhkk	16	32	17.53
bhkk	16	32	17.5367
bhkk	16	32	17.54
bhkk	16	32	17.5367
bhkk	16	32	17.5333
bhkk	16	32	17.5367
bhkk	16	32	17.5367
bhkk	16	32	17.5433
bhkk	16	32	17.54
