bj	18	36	0.9
bj	18	36	0.113
bj	18	36	0.443
bj	18	36	0.0867
bj	18	36	0.137
bj	18	36	0.533
bj	18	36	1.27
bj	18	36	1.17
bj	18	36	0.403
bj	18	36	0.41
bj	18	36	1.32
bj	18	36	0.39
bj	18	36	0.22
bj	18	36	0.213
bj	18	36	1.55
bj	18	36	0.663
bj	18	36	0.31
bj	18	36	0.963
bj	18	36	0.473
bj	18	36	0.19
bj	18	36	0.43
bj	18	36	0.43
bj	18	36	1.21
bj	18	36	0.34
bj	18	36	0.06
bj	18	36	0.26
bj	18	36	0.413
bj	18	36	1.2
bj	18	36	0.42
bj	18	36	0.863
bj	18	36	0.793
bj	18	36	0.453
bj	18	36	0.803
bj	18	36	1.25
bj	18	36	0.417
bj	18	36	0.44
bj	18	36	0.16
bj	18	36	0.0733
bj	18	36	0.16
bj	18	36	0.147
bj	18	36	0.167
bj	18	36	0.123
bj	18	36	0.57
bj	18	36	0.86
bj	18	36	0.423
bj	18	36	0.14
bj	18	36	0.173
bj	18	36	0.74
bj	18	36	0.293
bj	18	36	1.47
bj	18	36	0.227
bj	18	36	0.957
bj	18	36	0.16
bj	18	36	0.483
bj	18	36	0.58
bj	18	36	1.76
bj	18	36	0.29
bj	18	36	0.567
bj	18	36	0.617
bj	18	36	0.233
bj	18	36	0.44
bj	18	36	0.513
bj	18	36	0.123
bj	18	36	0.213
bj	18	36	0.18
bj	18	36	0.327
bj	18	36	0.11
bj	18	36	0.84
bj	18	36	0.643
bj	18	36	0.447
bj	18	36	0.123
bj	18	36	0.723
bj	18	36	0.563
bj	18	36	0.38
bj	18	36	0.19
bj	18	36	0.753
bj	18	36	0.09
bj	18	36	0.45
bj	18	36	0.277
bj	18	36	0.367
bj	18	36	0.43
bj	18	36	0.0633
bj	18	36	1.02
bj	18	36	0.207
bj	18	36	0.503
bj	18	36	0.0667
bj	18	36	0.0867
bj	18	36	0.537
bj	18	36	0.4
bj	18	36	0.207
bj	18	36	0.09
bj	18	36	0.39
bj	18	36	0.0567
bj	18	36	0.667
bj	18	36	0.587
bj	18	36	0.247
bj	18	36	0.267
bj	18	36	0.623
bj	18	36	0.7
bj	18	36	0.51
