bhkk	18	36	109.007
bhkk	18	36	109.067
bhkk	18	36	109.077
bhkk	18	36	108.99
bhkk	18	36	109.043
bhkk	18	36	109.033
bhkk	18	36	109.04
bhkk	18	36	109.097
bhkk	18	36	109.073
bhkk	18	36	109.06
bhkk	18	36	109.053
bhkk	18	36	109.053
bhkk	18	36	109.013
bhkk	18	36	109.057
bhkk	18	36	109.093
bhkk	18	36	109.057
bhkk	18	36	109.07
bhkk	18	36	109.01
bhkk	18	36	109.037
bhkk	18	36	109.07
bhkk	18	36	109.053
bhkk	18	36	109.007
bhkk	18	36	109.05
bhkk	18	36	109.053
bhkk	18	36	109.053
bhkk	18	36	109.073
bhkk	18	36	109.077
bhkk	18	36	109.073
bhkk	18	36	109.047
bhkk	18	36	109.087
bhkk	18	36	109.017
bhkk	18	36	109.053
bhkk	18	36	109.073
bhkk	18	36	109.047
bhkk	18	36	109.027
bhkk	18	36	109.083
bhkk	18	36	109.007
bhkk	18	36	109.013
bhkk	18	36	109.04
bhkk	18	36	109.06
bhkk	18	36	109.073
bhkk	18	36	109.09
bhkk	18	36	109.043
bhkk	18	36	109.077
bhkk	18	36	109.08
bhkk	18	36	109.047
bhkk	18	36	109.08
bhkk	18	36	109.113
bhkk	18	36	109.06
bhkk	18	36	109.06
bhkk	18	36	109.033
bhkk	18	36	109.097
bhkk	18	36	108.993
bhkk	18	36	109.07
bhkk	18	36	109.05
bhkk	18	36	109.053
bhkk	18	36	109.033
bhkk	18	36	109.07
bhkk	18	36	109.02
bhkk	18	36	109.01
bhkk	18	36	109.08
bhkk	18	36	109.053
bhkk	18	36	109.077
bhkk	18	36	109
bhkk	18	36	109.02
bhkk	18	36	109.057
bhkk	18	36	109.077
bhkk	18	36	109.067
bhkk	18	36	109.063
bhkk	18	36	109.067
bhkk	18	36	109.04
bhkk	18	36	109.05
bhkk	18	36	109.09
bhkk	18	36	109.05
bhkk	18	36	109.01
bhkk	18	36	109.033
bhkk	18	36	109.037
bhkk	18	36	109.01
bhkk	18	36	109.03
bhkk	18	36	109
bhkk	18	36	109.073
bhkk	18	36	109.063
bhkk	18	36	109.083
bhkk	18	36	109.067
bhkk	18	36	109.097
bhkk	18	36	109.067
bhkk	18	36	109.04
bhkk	18	36	109.067
bhkk	18	36	109.02
bhkk	18	36	109.06
bhkk	18	36	108.99
bhkk	18	36	109.09
bhkk	18	36	109.05
bhkk	18	36	109.08
bhkk	18	36	109.05
bhkk	18	36	109.023
bhkk	18	36	109.023
bhkk	18	36	109.103
bhkk	18	36	109.037
bhkk	18	36	109.047
