bj	22	44	32.9
bj	22	44	0.397
bj	22	44	0.407
bj	22	44	15.3
bj	22	44	5.58
bj	22	44	4.78
bj	22	44	13.4
bj	22	44	3.75
bj	22	44	19.6
bj	22	44	11.4
bj	22	44	3.45
bj	22	44	2.61
bj	22	44	1.04
bj	22	44	7.77
bj	22	44	54.6
bj	22	44	1.89
bj	22	44	107
bj	22	44	10.7
bj	22	44	6.7
bj	22	44	1.2
bj	22	44	11.2
bj	22	44	5.66
bj	22	44	3.39
bj	22	44	9.99
bj	22	44	13.5
bj	22	44	0.677
bj	22	44	5.63
bj	22	44	3.58
bj	22	44	10.3
bj	22	44	1.18
bj	22	44	3.41
bj	22	44	0.713
bj	22	44	1.88
bj	22	44	2.79
bj	22	44	1.12
bj	22	44	39.5
bj	22	44	3.35
bj	22	44	5.84
bj	22	44	12.2
bj	22	44	1.35
bj	22	44	3.9
bj	22	44	9.35
bj	22	44	1.87
bj	22	44	1.27
bj	22	44	1.12
bj	22	44	3.47
bj	22	44	4.56
bj	22	44	9.04
bj	22	44	1.23
bj	22	44	0.473
bj	22	44	8.17
bj	22	44	1.33
bj	22	44	5.33
bj	22	44	3.78
bj	22	44	5.36
bj	22	44	3.05
bj	22	44	8.21
bj	22	44	3.45
bj	22	44	2.91
bj	22	44	5.6
bj	22	44	8.15
bj	22	44	6.92
bj	22	44	2.25
bj	22	44	3.59
bj	22	44	0.513
bj	22	44	8.29
bj	22	44	0.98
bj	22	44	0.657
bj	22	44	15
bj	22	44	4.72
bj	22	44	6.35
bj	22	44	2.25
bj	22	44	3.05
bj	22	44	1.79
bj	22	44	5.4
bj	22	44	2.55
bj	22	44	2.7
bj	22	44	0.71
bj	22	44	12.8
bj	22	44	2.6
bj	22	44	6.48
bj	22	44	0.883
bj	22	44	11
bj	22	44	2.15
bj	22	44	0.757
bj	22	44	12.9
bj	22	44	7.65
bj	22	44	3.26
bj	22	44	34.9
bj	22	44	1.56
bj	22	44	5
bj	22	44	0.83
bj	22	44	50.2
bj	22	44	6.41
bj	22	44	14.4
bj	22	44	2.92
bj	22	44	4.89
bj	22	44	4.94
bj	22	44	4.41
bj	22	44	35.5
