bj	14	28	0.0233
bj	14	28	0.02
bj	14	28	0.0333
bj	14	28	0.0533
bj	14	28	0.05
bj	14	28	0.0367
bj	14	28	0.07
bj	14	28	0.0267
bj	14	28	0.0133
bj	14	28	0.0433
bj	14	28	0.0367
bj	14	28	0.0733
bj	14	28	0.0367
bj	14	28	0.0433
bj	14	28	0.0633
bj	14	28	0.03
bj	14	28	0.0233
bj	14	28	0.03
bj	14	28	0.0133
bj	14	28	0.0533
bj	14	28	0.0267
bj	14	28	0.0367
bj	14	28	0.0667
bj	14	28	0.01
bj	14	28	0.0533
bj	14	28	0.0333
bj	14	28	0.0233
bj	14	28	0.0267
bj	14	28	0.0633
bj	14	28	0.0167
bj	14	28	0.0333
bj	14	28	0.0367
bj	14	28	0.0467
bj	14	28	0.0267
bj	14	28	0.04
bj	14	28	0.123
bj	14	28	0.0233
bj	14	28	0.0167
bj	14	28	0.0333
bj	14	28	0.0167
bj	14	28	0.02
bj	14	28	0.02
bj	14	28	0.0633
bj	14	28	0.0267
bj	14	28	0.0367
bj	14	28	0.05
bj	14	28	0.0333
bj	14	28	0.02
bj	14	28	0.0567
bj	14	28	0.0333
bj	14	28	0.0333
bj	14	28	0.0867
bj	14	28	0.0267
bj	14	28	0.0367
bj	14	28	0.08
bj	14	28	0.06
bj	14	28	0.04
bj	14	28	0.02
bj	14	28	0.05
bj	14	28	0.0167
bj	14	28	0.0433
bj	14	28	0.117
bj	14	28	0.0233
bj	14	28	0.0967
bj	14	28	0.07
bj	14	28	0.03
bj	14	28	0.05
bj	14	28	0.06
bj	14	28	0.0433
bj	14	28	0.0267
bj	14	28	0.0167
bj	14	28	0.02
bj	14	28	0.0467
bj	14	28	0.0233
bj	14	28	0.04
bj	14	28	0.0367
bj	14	28	0.07
bj	14	28	0.03
bj	14	28	0.06
bj	14	28	0.0767
bj	14	28	0.0433
bj	14	28	0.0467
bj	14	28	0.0567
bj	14	28	0.0567
bj	14	28	0.0333
bj	14	28	0.0267
bj	14	28	0.0267
bj	14	28	0.0367
bj	14	28	0.05
bj	14	28	0.02
bj	14	28	0.02
bj	14	28	0.0167
bj	14	28	0.0167
bj	14	28	0.0433
bj	14	28	0.0367
bj	14	28	0.0233
bj	14	28	0.03
bj	14	28	0.0433
bj	14	28	0.0333
bj	14	28	0.02
