bj	10	20	0.00333
bj	10	20	0.00667
bj	10	20	0.00333
bj	10	20	0.00333
bj	10	20	0.00333
bj	10	20	0.00333
bj	10	20	0.00333
bj	10	20	0.00667
bj	10	20	0.00333
bj	10	20	0.00667
bj	10	20	0
bj	10	20	0.00333
bj	10	20	0.00333
bj	10	20	0.00333
bj	10	20	0.00667
bj	10	20	0.00333
bj	10	20	0.00667
bj	10	20	0.00333
bj	10	20	0.00333
bj	10	20	0.00333
bj	10	20	0.00333
bj	10	20	0.00333
bj	10	20	0.00333
bj	10	20	0.00333
bj	10	20	0.00333
bj	10	20	0.00333
bj	10	20	0.00667
bj	10	20	0.00667
bj	10	20	0.00333
bj	10	20	0.00333
bj	10	20	0.00333
bj	10	20	0.00333
bj	10	20	0.00333
bj	10	20	0.00333
bj	10	20	0.00333
bj	10	20	0.00333
bj	10	20	0.00333
bj	10	20	0.00333
bj	10	20	0.00333
bj	10	20	0.00333
bj	10	20	0.00333
bj	10	20	0.00333
bj	10	20	0.00333
bj	10	20	0.00333
bj	10	20	0.00667
bj	10	20	0.00333
bj	10	20	0.00333
bj	10	20	0.00333
bj	10	20	0
bj	10	20	0.00333
bj	10	20	0.00333
bj	10	20	0.00667
bj	10	20	0.00667
bj	10	20	0.00333
bj	10	20	0.00333
bj	10	20	0.00667
bj	10	20	0.00333
bj	10	20	0.00333
bj	10	20	0.00333
bj	10	20	0.00333
bj	10	20	0.00333
bj	10	20	0.00667
bj	10	20	0.00667
bj	10	20	0.00667
bj	10	20	0.00667
bj	10	20	0.00333
bj	10	20	0.00667
bj	10	20	0.00667
bj	10	20	0.00333
bj	10	20	0.00333
bj	10	20	0.00333
bj	10	20	0.00667
bj	10	20	0.00333
bj	10	20	0.00333
bj	10	20	0.00667
bj	10	20	0.00333
bj	10	20	0
bj	10	20	0.00333
bj	10	20	0.00333
bj	10	20	0.00333
bj	10	20	0.00667
bj	10	20	0.00667
bj	10	20	0.00333
bj	10	20	0.00333
bj	10	20	0.00333
bj	10	20	0.00667
bj	10	20	0.00333
bj	10	20	0.00667
bj	10	20	0.00333
bj	10	20	0.00333
bj	10	20	0.00333
bj	10	20	0.00333
bj	10	20	0.00333
bj	10	20	0.00333
bj	10	20	0.00333
bj	10	20	0
bj	10	20	0.00333
bj	10	20	0.00667
bj	10	20	0.00333
bj	10	20	0.00333
