bj	24	48	20
bj	24	48	3.06
bj	24	48	3.87
bj	24	48	34.6
bj	24	48	14
bj	24	48	timeout
bj	24	48	11.4
bj	24	48	147
bj	24	48	0.98
bj	24	48	13.7
bj	24	48	20.4
bj	24	48	19.2
bj	24	48	5.63
bj	24	48	3.72
bj	24	48	timeout
bj	24	48	2.54
bj	24	48	15.8
bj	24	48	1.1
bj	24	48	2.98
bj	24	48	45.5
bj	24	48	3.29
bj	24	48	9.74
bj	24	48	2.44
bj	24	48	5.62
bj	24	48	103
bj	24	48	13.3
bj	24	48	58.2
bj	24	48	3.03
bj	24	48	8.42
bj	24	48	14.8
bj	24	48	13.4
bj	24	48	14.2
bj	24	48	96.2
bj	24	48	171
bj	24	48	6.59
bj	24	48	30.4
bj	24	48	29.5
bj	24	48	timeout
bj	24	48	98.8
bj	24	48	131
bj	24	48	46.6
bj	24	48	78.6
bj	24	48	18.6
bj	24	48	120
bj	24	48	8.47
bj	24	48	1.95
bj	24	48	4.47
bj	24	48	9.72
bj	24	48	8.7
bj	24	48	137
bj	24	48	25
bj	24	48	3.37
bj	24	48	2.07
bj	24	48	41.5
bj	24	48	4.89
bj	24	48	24.9
bj	24	48	26.4
bj	24	48	21
bj	24	48	2.83
bj	24	48	34.3
bj	24	48	63.1
bj	24	48	79
bj	24	48	5.62
bj	24	48	57.6
bj	24	48	21.6
bj	24	48	6.25
bj	24	48	2.19
bj	24	48	1.84
bj	24	48	76.7
bj	24	48	8.03
bj	24	48	53.4
bj	24	48	4.7
bj	24	48	timeout
bj	24	48	22.1
bj	24	48	121
bj	24	48	4.79
bj	24	48	12.7
bj	24	48	26.2
bj	24	48	6.69
bj	24	48	1.27
bj	24	48	39.1
bj	24	48	19.9
bj	24	48	9.23
bj	24	48	41.5
bj	24	48	8.72
bj	24	48	2.88
bj	24	48	15.1
bj	24	48	7.38
bj	24	48	31.7
bj	24	48	87.8
bj	24	48	12.2
bj	24	48	41.9
bj	24	48	2.83
bj	24	48	2.27
bj	24	48	14.1
bj	24	48	timeout
bj	24	48	2.74
bj	24	48	94.6
bj	24	48	38
bj	24	48	15.3
