BJ	10	20	0.00333
BJ	10	20	0.00667
BJ	10	20	0.00333
BJ	10	20	0.00333
BJ	10	20	0.00333
BJ	10	20	0.00333
BJ	10	20	0.00333
BJ	10	20	0.00667
BJ	10	20	0.00333
BJ	10	20	0.00667
BJ	10	20	0
BJ	10	20	0.00333
BJ	10	20	0.00333
BJ	10	20	0.00333
BJ	10	20	0.00667
BJ	10	20	0.00333
BJ	10	20	0.00667
BJ	10	20	0.00333
BJ	10	20	0.00333
BJ	10	20	0.00333
BJ	10	20	0.00333
BJ	10	20	0.00333
BJ	10	20	0.00333
BJ	10	20	0.00333
BJ	10	20	0.00333
BJ	10	20	0.00333
BJ	10	20	0.00667
BJ	10	20	0.00667
BJ	10	20	0.00333
BJ	10	20	0.00333
BJ	10	20	0.00333
BJ	10	20	0.00333
BJ	10	20	0.00333
BJ	10	20	0.00333
BJ	10	20	0.00333
BJ	10	20	0.00333
BJ	10	20	0.00333
BJ	10	20	0.00333
BJ	10	20	0.00333
BJ	10	20	0.00333
BJ	10	20	0.00333
BJ	10	20	0.00333
BJ	10	20	0.00333
BJ	10	20	0.00333
BJ	10	20	0.00667
BJ	10	20	0.00333
BJ	10	20	0.00333
BJ	10	20	0.00333
BJ	10	20	0
BJ	10	20	0.00333
BJ	10	20	0.00333
BJ	10	20	0.00667
BJ	10	20	0.00667
BJ	10	20	0.00333
BJ	10	20	0.00333
BJ	10	20	0.00667
BJ	10	20	0.00333
BJ	10	20	0.00333
BJ	10	20	0.00333
BJ	10	20	0.00333
BJ	10	20	0.00333
BJ	10	20	0.00667
BJ	10	20	0.00667
BJ	10	20	0.00667
BJ	10	20	0.00667
BJ	10	20	0.00333
BJ	10	20	0.00667
BJ	10	20	0.00667
BJ	10	20	0.00333
BJ	10	20	0.00333
BJ	10	20	0.00333
BJ	10	20	0.00667
BJ	10	20	0.00333
BJ	10	20	0.00333
BJ	10	20	0.00667
BJ	10	20	0.00333
BJ	10	20	0
BJ	10	20	0.00333
BJ	10	20	0.00333
BJ	10	20	0.00333
BJ	10	20	0.00667
BJ	10	20	0.00667
BJ	10	20	0.00333
BJ	10	20	0.00333
BJ	10	20	0.00333
BJ	10	20	0.00667
BJ	10	20	0.00333
BJ	10	20	0.00667
BJ	10	20	0.00333
BJ	10	20	0.00333
BJ	10	20	0.00333
BJ	10	20	0.00333
BJ	10	20	0.00333
BJ	10	20	0.00333
BJ	10	20	0.00333
BJ	10	20	0
BJ	10	20	0.00333
BJ	10	20	0.00667
BJ	10	20	0.00333
BJ	10	20	0.00333
BJ	12	24	0.02
BJ	12	24	0.01
BJ	12	24	0.0167
BJ	12	24	0.0233
BJ	12	24	0.00667
BJ	12	24	0.0133
BJ	12	24	0.02
BJ	12	24	0.0133
BJ	12	24	0.01
BJ	12	24	0.01
BJ	12	24	0.01
BJ	12	24	0.01
BJ	12	24	0.00667
BJ	12	24	0.0167
BJ	12	24	0.00667
BJ	12	24	0.01
BJ	12	24	0.0167
BJ	12	24	0.02
BJ	12	24	0.03
BJ	12	24	0.0133
BJ	12	24	0.01
BJ	12	24	0.02
BJ	12	24	0.0167
BJ	12	24	0.00667
BJ	12	24	0.0167
BJ	12	24	0.01
BJ	12	24	0.01
BJ	12	24	0.01
BJ	12	24	0.01
BJ	12	24	0.0233
BJ	12	24	0.01
BJ	12	24	0.0133
BJ	12	24	0.01
BJ	12	24	0.01
BJ	12	24	0.0133
BJ	12	24	0.01
BJ	12	24	0.00667
BJ	12	24	0.0133
BJ	12	24	0.0133
BJ	12	24	0.0133
BJ	12	24	0.00667
BJ	12	24	0.00667
BJ	12	24	0.01
BJ	12	24	0.0233
BJ	12	24	0.00667
BJ	12	24	0.0133
BJ	12	24	0.0133
BJ	12	24	0.0133
BJ	12	24	0.0167
BJ	12	24	0.03
BJ	12	24	0.0133
BJ	12	24	0.02
BJ	12	24	0.0167
BJ	12	24	0.01
BJ	12	24	0.0233
BJ	12	24	0.00333
BJ	12	24	0.01
BJ	12	24	0.00667
BJ	12	24	0.02
BJ	12	24	0.00667
BJ	12	24	0.0133
BJ	12	24	0.0167
BJ	12	24	0.02
BJ	12	24	0.01
BJ	12	24	0.01
BJ	12	24	0.0233
BJ	12	24	0.02
BJ	12	24	0.0167
BJ	12	24	0.01
BJ	12	24	0.00333
BJ	12	24	0.0167
BJ	12	24	0.02
BJ	12	24	0.0133
BJ	12	24	0.0133
BJ	12	24	0.00667
BJ	12	24	0.02
BJ	12	24	0.01
BJ	12	24	0.01
BJ	12	24	0.01
BJ	12	24	0.01
BJ	12	24	0.0133
BJ	12	24	0.0233
BJ	12	24	0.0133
BJ	12	24	0.01
BJ	12	24	0.0167
BJ	12	24	0.01
BJ	12	24	0.0167
BJ	12	24	0.0233
BJ	12	24	0.0133
BJ	12	24	0.00667
BJ	12	24	0.0133
BJ	12	24	0.00667
BJ	12	24	0.0133
BJ	12	24	0.00667
BJ	12	24	0.0167
BJ	12	24	0.00667
BJ	12	24	0.01
BJ	12	24	0.01
BJ	12	24	0.00667
BJ	12	24	0.0133
BJ	14	28	0.0233
BJ	14	28	0.02
BJ	14	28	0.0333
BJ	14	28	0.0533
BJ	14	28	0.05
BJ	14	28	0.0367
BJ	14	28	0.07
BJ	14	28	0.0267
BJ	14	28	0.0133
BJ	14	28	0.0433
BJ	14	28	0.0367
BJ	14	28	0.0733
BJ	14	28	0.0367
BJ	14	28	0.0433
BJ	14	28	0.0633
BJ	14	28	0.03
BJ	14	28	0.0233
BJ	14	28	0.03
BJ	14	28	0.0133
BJ	14	28	0.0533
BJ	14	28	0.0267
BJ	14	28	0.0367
BJ	14	28	0.0667
BJ	14	28	0.01
BJ	14	28	0.0533
BJ	14	28	0.0333
BJ	14	28	0.0233
BJ	14	28	0.0267
BJ	14	28	0.0633
BJ	14	28	0.0167
BJ	14	28	0.0333
BJ	14	28	0.0367
BJ	14	28	0.0467
BJ	14	28	0.0267
BJ	14	28	0.04
BJ	14	28	0.123
BJ	14	28	0.0233
BJ	14	28	0.0167
BJ	14	28	0.0333
BJ	14	28	0.0167
BJ	14	28	0.02
BJ	14	28	0.02
BJ	14	28	0.0633
BJ	14	28	0.0267
BJ	14	28	0.0367
BJ	14	28	0.05
BJ	14	28	0.0333
BJ	14	28	0.02
BJ	14	28	0.0567
BJ	14	28	0.0333
BJ	14	28	0.0333
BJ	14	28	0.0867
BJ	14	28	0.0267
BJ	14	28	0.0367
BJ	14	28	0.08
BJ	14	28	0.06
BJ	14	28	0.04
BJ	14	28	0.02
BJ	14	28	0.05
BJ	14	28	0.0167
BJ	14	28	0.0433
BJ	14	28	0.117
BJ	14	28	0.0233
BJ	14	28	0.0967
BJ	14	28	0.07
BJ	14	28	0.03
BJ	14	28	0.05
BJ	14	28	0.06
BJ	14	28	0.0433
BJ	14	28	0.0267
BJ	14	28	0.0167
BJ	14	28	0.02
BJ	14	28	0.0467
BJ	14	28	0.0233
BJ	14	28	0.04
BJ	14	28	0.0367
BJ	14	28	0.07
BJ	14	28	0.03
BJ	14	28	0.06
BJ	14	28	0.0767
BJ	14	28	0.0433
BJ	14	28	0.0467
BJ	14	28	0.0567
BJ	14	28	0.0567
BJ	14	28	0.0333
BJ	14	28	0.0267
BJ	14	28	0.0267
BJ	14	28	0.0367
BJ	14	28	0.05
BJ	14	28	0.02
BJ	14	28	0.02
BJ	14	28	0.0167
BJ	14	28	0.0167
BJ	14	28	0.0433
BJ	14	28	0.0367
BJ	14	28	0.0233
BJ	14	28	0.03
BJ	14	28	0.0433
BJ	14	28	0.0333
BJ	14	28	0.02
BJ	16	32	0.06
BJ	16	32	0.09
BJ	16	32	0.02
BJ	16	32	0.277
BJ	16	32	0.15
BJ	16	32	0.03
BJ	16	32	0.03
BJ	16	32	0.0633
BJ	16	32	0.08
BJ	16	32	0.173
BJ	16	32	0.0433
BJ	16	32	0.22
BJ	16	32	0.0433
BJ	16	32	0.0833
BJ	16	32	0.123
BJ	16	32	0.1
BJ	16	32	0.143
BJ	16	32	0.103
BJ	16	32	0.06
BJ	16	32	0.117
BJ	16	32	0.13
BJ	16	32	0.253
BJ	16	32	0.143
BJ	16	32	0.06
BJ	16	32	0.217
BJ	16	32	0.26
BJ	16	32	0.107
BJ	16	32	0.1
BJ	16	32	0.177
BJ	16	32	0.137
BJ	16	32	0.257
BJ	16	32	0.12
BJ	16	32	0.19
BJ	16	32	0.0833
BJ	16	32	0.0467
BJ	16	32	0.0233
BJ	16	32	0.07
BJ	16	32	0.227
BJ	16	32	0.103
BJ	16	32	0.0267
BJ	16	32	0.187
BJ	16	32	0.103
BJ	16	32	0.08
BJ	16	32	0.05
BJ	16	32	0.0633
BJ	16	32	0.263
BJ	16	32	0.0333
BJ	16	32	0.05
BJ	16	32	0.0967
BJ	16	32	0.09
BJ	16	32	0.153
BJ	16	32	0.0867
BJ	16	32	0.203
BJ	16	32	0.0567
BJ	16	32	0.1
BJ	16	32	0.227
BJ	16	32	0.163
BJ	16	32	0.0233
BJ	16	32	0.16
BJ	16	32	0.0233
BJ	16	32	0.203
BJ	16	32	0.123
BJ	16	32	0.0967
BJ	16	32	0.1
BJ	16	32	0.147
BJ	16	32	0.217
BJ	16	32	0.16
BJ	16	32	0.0833
BJ	16	32	0.18
BJ	16	32	0.357
BJ	16	32	0.177
BJ	16	32	0.113
BJ	16	32	0.03
BJ	16	32	0.2
BJ	16	32	0.24
BJ	16	32	0.153
BJ	16	32	0.173
BJ	16	32	0.0733
BJ	16	32	0.0433
BJ	16	32	0.11
BJ	16	32	0.153
BJ	16	32	0.143
BJ	16	32	0.173
BJ	16	32	0.11
BJ	16	32	0.0367
BJ	16	32	0.393
BJ	16	32	0.107
BJ	16	32	0.143
BJ	16	32	0.52
BJ	16	32	0.0767
BJ	16	32	0.0733
BJ	16	32	0.147
BJ	16	32	0.0833
BJ	16	32	0.187
BJ	16	32	0.0967
BJ	16	32	0.15
BJ	16	32	0.03
BJ	16	32	0.32
BJ	16	32	0.243
BJ	16	32	0.11
BJ	18	36	0.9
BJ	18	36	0.113
BJ	18	36	0.443
BJ	18	36	0.0867
BJ	18	36	0.137
BJ	18	36	0.533
BJ	18	36	1.27
BJ	18	36	1.17
BJ	18	36	0.403
BJ	18	36	0.41
BJ	18	36	1.32
BJ	18	36	0.39
BJ	18	36	0.22
BJ	18	36	0.213
BJ	18	36	1.55
BJ	18	36	0.663
BJ	18	36	0.31
BJ	18	36	0.963
BJ	18	36	0.473
BJ	18	36	0.19
BJ	18	36	0.43
BJ	18	36	0.43
BJ	18	36	1.21
BJ	18	36	0.34
BJ	18	36	0.06
BJ	18	36	0.26
BJ	18	36	0.413
BJ	18	36	1.2
BJ	18	36	0.42
BJ	18	36	0.863
BJ	18	36	0.793
BJ	18	36	0.453
BJ	18	36	0.803
BJ	18	36	1.25
BJ	18	36	0.417
BJ	18	36	0.44
BJ	18	36	0.16
BJ	18	36	0.0733
BJ	18	36	0.16
BJ	18	36	0.147
BJ	18	36	0.167
BJ	18	36	0.123
BJ	18	36	0.57
BJ	18	36	0.86
BJ	18	36	0.423
BJ	18	36	0.14
BJ	18	36	0.173
BJ	18	36	0.74
BJ	18	36	0.293
BJ	18	36	1.47
BJ	18	36	0.227
BJ	18	36	0.957
BJ	18	36	0.16
BJ	18	36	0.483
BJ	18	36	0.58
BJ	18	36	1.76
BJ	18	36	0.29
BJ	18	36	0.567
BJ	18	36	0.617
BJ	18	36	0.233
BJ	18	36	0.44
BJ	18	36	0.513
BJ	18	36	0.123
BJ	18	36	0.213
BJ	18	36	0.18
BJ	18	36	0.327
BJ	18	36	0.11
BJ	18	36	0.84
BJ	18	36	0.643
BJ	18	36	0.447
BJ	18	36	0.123
BJ	18	36	0.723
BJ	18	36	0.563
BJ	18	36	0.38
BJ	18	36	0.19
BJ	18	36	0.753
BJ	18	36	0.09
BJ	18	36	0.45
BJ	18	36	0.277
BJ	18	36	0.367
BJ	18	36	0.43
BJ	18	36	0.0633
BJ	18	36	1.02
BJ	18	36	0.207
BJ	18	36	0.503
BJ	18	36	0.0667
BJ	18	36	0.0867
BJ	18	36	0.537
BJ	18	36	0.4
BJ	18	36	0.207
BJ	18	36	0.09
BJ	18	36	0.39
BJ	18	36	0.0567
BJ	18	36	0.667
BJ	18	36	0.587
BJ	18	36	0.247
BJ	18	36	0.267
BJ	18	36	0.623
BJ	18	36	0.7
BJ	18	36	0.51
BJ	20	40	1.75
BJ	20	40	0.583
BJ	20	40	4.2
BJ	20	40	0.803
BJ	20	40	2.47
BJ	20	40	1.53
BJ	20	40	1.6
BJ	20	40	0.257
BJ	20	40	2.57
BJ	20	40	0.95
BJ	20	40	0.693
BJ	20	40	1.85
BJ	20	40	0.353
BJ	20	40	1.8
BJ	20	40	0.777
BJ	20	40	0.827
BJ	20	40	1.04
BJ	20	40	2.13
BJ	20	40	0.443
BJ	20	40	2.16
BJ	20	40	0.573
BJ	20	40	1.54
BJ	20	40	1.27
BJ	20	40	2.59
BJ	20	40	0.133
BJ	20	40	1.6
BJ	20	40	1.07
BJ	20	40	1.26
BJ	20	40	1.28
BJ	20	40	4.71
BJ	20	40	0.473
BJ	20	40	0.17
BJ	20	40	1.92
BJ	20	40	1.36
BJ	20	40	4.79
BJ	20	40	2.5
BJ	20	40	0.997
BJ	20	40	2.5
BJ	20	40	0.65
BJ	20	40	0.0467
BJ	20	40	0.847
BJ	20	40	8.04
BJ	20	40	1.72
BJ	20	40	4.24
BJ	20	40	0.743
BJ	20	40	1.94
BJ	20	40	5.28
BJ	20	40	0.863
BJ	20	40	1.47
BJ	20	40	2.28
BJ	20	40	1.74
BJ	20	40	1.26
BJ	20	40	2.09
BJ	20	40	2.76
BJ	20	40	0.85
BJ	20	40	0.597
BJ	20	40	0.5
BJ	20	40	2.46
BJ	20	40	1.97
BJ	20	40	1.33
BJ	20	40	6.27
BJ	20	40	0.167
BJ	20	40	0.83
BJ	20	40	8.15
BJ	20	40	0.687
BJ	20	40	1.04
BJ	20	40	5.36
BJ	20	40	1.33
BJ	20	40	0.333
BJ	20	40	0.927
BJ	20	40	1.3
BJ	20	40	1.74
BJ	20	40	3.78
BJ	20	40	0.307
BJ	20	40	8.1
BJ	20	40	0.467
BJ	20	40	2.16
BJ	20	40	1.26
BJ	20	40	0.927
BJ	20	40	0.787
BJ	20	40	0.433
BJ	20	40	0.57
BJ	20	40	1.52
BJ	20	40	2.32
BJ	20	40	0.523
BJ	20	40	2.03
BJ	20	40	1.2
BJ	20	40	0.297
BJ	20	40	0.0533
BJ	20	40	0.56
BJ	20	40	1.07
BJ	20	40	0.923
BJ	20	40	4.37
BJ	20	40	1.4
BJ	20	40	1.72
BJ	20	40	1.2
BJ	20	40	6.12
BJ	20	40	0.53
BJ	20	40	0.843
BJ	20	40	4.23
BJ	22	44	32.9
BJ	22	44	0.397
BJ	22	44	0.407
BJ	22	44	15.3
BJ	22	44	5.58
BJ	22	44	4.78
BJ	22	44	13.4
BJ	22	44	3.75
BJ	22	44	19.6
BJ	22	44	11.4
BJ	22	44	3.45
BJ	22	44	2.61
BJ	22	44	1.04
BJ	22	44	7.77
BJ	22	44	54.6
BJ	22	44	1.89
BJ	22	44	107
BJ	22	44	10.7
BJ	22	44	6.7
BJ	22	44	1.2
BJ	22	44	11.2
BJ	22	44	5.66
BJ	22	44	3.39
BJ	22	44	9.99
BJ	22	44	13.5
BJ	22	44	0.677
BJ	22	44	5.63
BJ	22	44	3.58
BJ	22	44	10.3
BJ	22	44	1.18
BJ	22	44	3.41
BJ	22	44	0.713
BJ	22	44	1.88
BJ	22	44	2.79
BJ	22	44	1.12
BJ	22	44	39.5
BJ	22	44	3.35
BJ	22	44	5.84
BJ	22	44	12.2
BJ	22	44	1.35
BJ	22	44	3.9
BJ	22	44	9.35
BJ	22	44	1.87
BJ	22	44	1.27
BJ	22	44	1.12
BJ	22	44	3.47
BJ	22	44	4.56
BJ	22	44	9.04
BJ	22	44	1.23
BJ	22	44	0.473
BJ	22	44	8.17
BJ	22	44	1.33
BJ	22	44	5.33
BJ	22	44	3.78
BJ	22	44	5.36
BJ	22	44	3.05
BJ	22	44	8.21
BJ	22	44	3.45
BJ	22	44	2.91
BJ	22	44	5.6
BJ	22	44	8.15
BJ	22	44	6.92
BJ	22	44	2.25
BJ	22	44	3.59
BJ	22	44	0.513
BJ	22	44	8.29
BJ	22	44	0.98
BJ	22	44	0.657
BJ	22	44	15
BJ	22	44	4.72
BJ	22	44	6.35
BJ	22	44	2.25
BJ	22	44	3.05
BJ	22	44	1.79
BJ	22	44	5.4
BJ	22	44	2.55
BJ	22	44	2.7
BJ	22	44	0.71
BJ	22	44	12.8
BJ	22	44	2.6
BJ	22	44	6.48
BJ	22	44	0.883
BJ	22	44	11
BJ	22	44	2.15
BJ	22	44	0.757
BJ	22	44	12.9
BJ	22	44	7.65
BJ	22	44	3.26
BJ	22	44	34.9
BJ	22	44	1.56
BJ	22	44	5
BJ	22	44	0.83
BJ	22	44	50.2
BJ	22	44	6.41
BJ	22	44	14.4
BJ	22	44	2.92
BJ	22	44	4.89
BJ	22	44	4.94
BJ	22	44	4.41
BJ	22	44	35.5
BJ	24	48	20
BJ	24	48	3.06
BJ	24	48	3.87
BJ	24	48	34.6
BJ	24	48	14
BJ	24	48	180
BJ	24	48	11.4
BJ	24	48	147
BJ	24	48	0.98
BJ	24	48	13.7
BJ	24	48	20.4
BJ	24	48	19.2
BJ	24	48	5.63
BJ	24	48	3.72
BJ	24	48	180
BJ	24	48	2.54
BJ	24	48	15.8
BJ	24	48	1.1
BJ	24	48	2.98
BJ	24	48	45.5
BJ	24	48	3.29
BJ	24	48	9.74
BJ	24	48	2.44
BJ	24	48	5.62
BJ	24	48	103
BJ	24	48	13.3
BJ	24	48	58.2
BJ	24	48	3.03
BJ	24	48	8.42
BJ	24	48	14.8
BJ	24	48	13.4
BJ	24	48	14.2
BJ	24	48	96.2
BJ	24	48	171
BJ	24	48	6.59
BJ	24	48	30.4
BJ	24	48	29.5
BJ	24	48	180
BJ	24	48	98.8
BJ	24	48	131
BJ	24	48	46.6
BJ	24	48	78.6
BJ	24	48	18.6
BJ	24	48	120
BJ	24	48	8.47
BJ	24	48	1.95
BJ	24	48	4.47
BJ	24	48	9.72
BJ	24	48	8.7
BJ	24	48	137
BJ	24	48	25
BJ	24	48	3.37
BJ	24	48	2.07
BJ	24	48	41.5
BJ	24	48	4.89
BJ	24	48	24.9
BJ	24	48	26.4
BJ	24	48	21
BJ	24	48	2.83
BJ	24	48	34.3
BJ	24	48	63.1
BJ	24	48	79
BJ	24	48	5.62
BJ	24	48	57.6
BJ	24	48	21.6
BJ	24	48	6.25
BJ	24	48	2.19
BJ	24	48	1.84
BJ	24	48	76.7
BJ	24	48	8.03
BJ	24	48	53.4
BJ	24	48	4.7
BJ	24	48	180
BJ	24	48	22.1
BJ	24	48	121
BJ	24	48	4.79
BJ	24	48	12.7
BJ	24	48	26.2
BJ	24	48	6.69
BJ	24	48	1.27
BJ	24	48	39.1
BJ	24	48	19.9
BJ	24	48	9.23
BJ	24	48	41.5
BJ	24	48	8.72
BJ	24	48	2.88
BJ	24	48	15.1
BJ	24	48	7.38
BJ	24	48	31.7
BJ	24	48	87.8
BJ	24	48	12.2
BJ	24	48	41.9
BJ	24	48	2.83
BJ	24	48	2.27
BJ	24	48	14.1
BJ	24	48	180
BJ	24	48	2.74
BJ	24	48	94.6
BJ	24	48	38
BJ	24	48	15.3
BJ	26	52	64.9
BJ	26	52	126
BJ	26	52	180
BJ	26	52	26
BJ	26	52	16.2
BJ	26	52	152
BJ	26	52	21.7
BJ	26	52	73.5
BJ	26	52	48.1
BJ	26	52	180
BJ	26	52	29.3
BJ	26	52	110
BJ	26	52	45.2
BJ	26	52	180
BJ	26	52	160
BJ	26	52	180
BJ	26	52	50
BJ	26	52	35.6
BJ	26	52	155
BJ	26	52	20.7
BJ	26	52	62.2
BJ	26	52	28.5
BJ	26	52	180
BJ	26	52	53.1
BJ	26	52	106
BJ	26	52	63.1
BJ	26	52	3.17
BJ	26	52	180
BJ	26	52	46.4
BJ	26	52	180
BJ	26	52	25
BJ	26	52	104
BJ	26	52	109
BJ	26	52	180
BJ	26	52	35.8
BJ	26	52	180
BJ	26	52	180
BJ	26	52	180
BJ	26	52	23.3
BJ	26	52	175
BJ	26	52	89.7
BJ	26	52	34.1
BJ	26	52	42.1
BJ	26	52	44.5
BJ	26	52	180
BJ	26	52	89.8
BJ	26	52	11.2
BJ	26	52	14.6
BJ	26	52	180
BJ	26	52	143
BJ	26	52	133
BJ	26	52	20.4
BJ	26	52	79.7
BJ	26	52	180
BJ	26	52	180
BJ	26	52	114
BJ	26	52	120
BJ	26	52	124
BJ	26	52	180
BJ	26	52	30.8
BJ	26	52	180
BJ	26	52	155
BJ	26	52	15.3
BJ	26	52	8.08
BJ	26	52	180
BJ	26	52	22.3
BJ	26	52	25.5
BJ	26	52	23
BJ	26	52	106
BJ	26	52	12.3
BJ	26	52	3.52
BJ	26	52	70.4
BJ	26	52	7.73
BJ	26	52	180
BJ	26	52	16.5
BJ	26	52	83
BJ	26	52	94.8
BJ	26	52	61.4
BJ	26	52	21.8
BJ	26	52	37.7
BJ	26	52	146
BJ	26	52	2.09
BJ	26	52	44.9
BJ	26	52	93.6
BJ	26	52	104
BJ	26	52	77.2
BJ	26	52	132
BJ	26	52	11.4
BJ	26	52	180
BJ	26	52	66.4
BJ	26	52	64.7
BJ	26	52	111
BJ	26	52	69.6
BJ	26	52	180
BJ	26	52	180
BJ	26	52	86.1
BJ	26	52	16.7
BJ	26	52	180
BJ	26	52	3.56
BJ	26	52	20.4
BJ	28	56	58.5
BJ	28	56	180
BJ	28	56	180
BJ	28	56	180
BJ	28	56	180
BJ	28	56	180
BJ	28	56	40.7
BJ	28	56	180
BJ	28	56	180
BJ	28	56	180
BJ	28	56	180
BJ	28	56	132
BJ	28	56	125
BJ	28	56	180
BJ	28	56	57
BJ	28	56	9.79
BJ	28	56	180
BJ	28	56	180
BJ	28	56	180
BJ	28	56	180
BJ	28	56	180
BJ	28	56	180
BJ	28	56	180
BJ	28	56	180
BJ	28	56	180
BJ	28	56	6.58
BJ	28	56	180
BJ	28	56	180
BJ	28	56	180
BJ	28	56	180
BJ	28	56	17
BJ	28	56	64.1
BJ	28	56	180
BJ	28	56	180
BJ	28	56	180
BJ	28	56	99
BJ	28	56	154
BJ	28	56	74.9
BJ	28	56	180
BJ	28	56	180
BJ	28	56	180
BJ	28	56	60.6
BJ	28	56	111
BJ	28	56	92.3
BJ	28	56	67
BJ	28	56	180
BJ	28	56	180
BJ	28	56	180
BJ	28	56	180
BJ	28	56	49.2
BJ	28	56	180
BJ	28	56	180
BJ	28	56	103
BJ	28	56	180
BJ	28	56	29.1
BJ	28	56	6.86
BJ	28	56	122
BJ	28	56	74.1
BJ	28	56	180
BJ	28	56	180
BJ	28	56	180
BJ	28	56	34.5
BJ	28	56	180
BJ	28	56	67.4
BJ	28	56	97.3
BJ	28	56	180
BJ	28	56	180
BJ	28	56	180
BJ	28	56	180
BJ	28	56	180
BJ	28	56	98.5
BJ	28	56	180
BJ	28	56	177
BJ	28	56	180
BJ	28	56	180
BJ	28	56	180
BJ	28	56	10.6
BJ	28	56	78.2
BJ	28	56	108
BJ	28	56	32.7
BJ	28	56	75.4
BJ	28	56	180
BJ	28	56	180
BJ	28	56	180
BJ	28	56	147
BJ	28	56	180
BJ	28	56	180
BJ	28	56	180
BJ	28	56	32.6
BJ	28	56	30.9
BJ	28	56	180
BJ	28	56	180
BJ	28	56	180
BJ	28	56	180
BJ	28	56	104
BJ	28	56	180
BJ	28	56	180
BJ	28	56	98.4
BJ	28	56	174
BJ	28	56	180
BJ	30	60	180
BJ	30	60	180
BJ	30	60	180
BJ	30	60	180
BJ	30	60	180
BJ	30	60	180
BJ	30	60	180
BJ	30	60	166
BJ	30	60	180
BJ	30	60	180
BJ	30	60	180
BJ	30	60	180
BJ	30	60	100
BJ	30	60	180
BJ	30	60	180
BJ	30	60	180
BJ	30	60	180
BJ	30	60	180
BJ	30	60	180
BJ	30	60	180
BJ	30	60	180
BJ	30	60	180
BJ	30	60	49.7
BJ	30	60	180
BJ	30	60	180
BJ	30	60	156
BJ	30	60	180
BJ	30	60	180
BJ	30	60	180
BJ	30	60	180
BJ	30	60	180
BJ	30	60	180
BJ	30	60	180
BJ	30	60	180
BJ	30	60	180
BJ	30	60	180
BJ	30	60	180
BJ	30	60	180
BJ	30	60	180
BJ	30	60	180
BJ	30	60	180
BJ	30	60	180
BJ	30	60	180
BJ	30	60	180
BJ	30	60	180
BJ	30	60	180
BJ	30	60	180
BJ	30	60	180
BJ	30	60	180
BJ	30	60	175
BJ	30	60	180
BJ	30	60	180
BJ	30	60	180
BJ	30	60	95.1
BJ	30	60	180
BJ	30	60	180
BJ	30	60	180
BJ	30	60	180
BJ	30	60	180
BJ	30	60	180
BJ	30	60	180
BJ	30	60	180
BJ	30	60	180
BJ	30	60	180
BJ	30	60	180
BJ	30	60	180
BJ	30	60	97.7
BJ	30	60	180
BJ	30	60	180
BJ	30	60	180
BJ	30	60	180
BJ	30	60	180
BJ	30	60	180
BJ	30	60	131
BJ	30	60	180
BJ	30	60	180
BJ	30	60	180
BJ	30	60	180
BJ	30	60	180
BJ	30	60	180
BJ	30	60	180
BJ	30	60	180
BJ	30	60	180
BJ	30	60	165
BJ	30	60	180
BJ	30	60	180
BJ	30	60	180
BJ	30	60	180
BJ	30	60	180
BJ	30	60	180
BJ	30	60	180
BJ	30	60	180
BJ	30	60	180
BJ	30	60	180
BJ	30	60	180
BJ	30	60	180
BJ	30	60	180
BJ	30	60	180
BJ	30	60	180
BJ	30	60	180
BJ	32	64	180
BJ	32	64	180
BJ	32	64	180
BJ	32	64	180
BJ	32	64	180
BJ	32	64	180
BJ	32	64	180
BJ	32	64	180
BJ	32	64	180
BJ	32	64	180
BJ	32	64	180
BJ	32	64	180
BJ	32	64	180
BJ	32	64	180
BJ	32	64	180
BJ	32	64	180
BJ	32	64	180
BJ	32	64	180
BJ	32	64	180
BJ	32	64	180
BJ	32	64	180
BJ	32	64	180
BJ	32	64	180
BJ	32	64	180
BJ	32	64	180
BJ	32	64	180
BJ	32	64	180
BJ	32	64	180
BJ	32	64	180
BJ	32	64	180
BJ	32	64	180
BJ	32	64	180
BJ	32	64	180
BJ	32	64	180
BJ	32	64	180
BJ	32	64	180
BJ	32	64	180
BJ	32	64	180
BJ	32	64	180
BJ	32	64	180
BJ	32	64	180
BJ	32	64	180
BJ	32	64	180
BJ	32	64	180
BJ	32	64	180
BJ	32	64	180
BJ	32	64	180
BJ	32	64	180
BJ	32	64	180
BJ	32	64	180
BJ	32	64	180
BJ	32	64	180
BJ	32	64	180
BJ	32	64	180
BJ	32	64	180
BJ	32	64	180
BJ	32	64	180
BJ	32	64	180
BJ	32	64	180
BJ	32	64	180
BJ	32	64	180
BJ	32	64	180
BJ	32	64	180
BJ	32	64	180
BJ	32	64	180
BJ	32	64	180
BJ	32	64	180
BJ	32	64	180
BJ	32	64	180
BJ	32	64	180
BJ	32	64	180
BJ	32	64	180
BJ	32	64	180
BJ	32	64	180
BJ	32	64	180
BJ	32	64	180
BJ	32	64	180
BJ	32	64	180
BJ	32	64	180
BJ	32	64	180
BJ	32	64	180
BJ	32	64	180
BJ	32	64	180
BJ	32	64	180
BJ	32	64	180
BJ	32	64	180
BJ	32	64	180
BJ	32	64	180
BJ	32	64	180
BJ	32	64	180
BJ	32	64	180
BJ	32	64	180
BJ	32	64	180
BJ	32	64	180
BJ	32	64	180
BJ	32	64	180
BJ	32	64	180
BJ	32	64	180
BJ	32	64	180
BJ	32	64	180
BJ	34	68	180
BJ	34	68	180
BJ	34	68	180
BJ	34	68	180
BJ	34	68	180
BJ	34	68	180
BJ	34	68	180
BJ	34	68	180
BJ	34	68	180
BJ	34	68	180
BJ	34	68	180
BJ	34	68	180
BJ	34	68	180
BJ	34	68	180
BJ	34	68	180
BJ	34	68	180
BJ	34	68	180
BJ	34	68	180
BJ	34	68	180
BJ	34	68	180
BJ	34	68	180
BJ	34	68	180
BJ	34	68	180
BJ	34	68	180
BJ	34	68	180
BJ	34	68	180
BJ	34	68	180
BJ	34	68	180
BJ	34	68	180
BJ	34	68	180
BJ	34	68	180
BJ	34	68	180
BJ	34	68	180
BJ	34	68	180
BJ	34	68	180
BJ	34	68	180
BJ	34	68	180
BJ	34	68	180
BJ	34	68	180
BJ	34	68	180
BJ	34	68	180
BJ	34	68	180
BJ	34	68	180
BJ	34	68	180
BJ	34	68	180
BJ	34	68	180
BJ	34	68	180
BJ	34	68	180
BJ	34	68	180
BJ	34	68	180
BJ	34	68	180
BJ	34	68	180
BJ	34	68	180
BJ	34	68	180
BJ	34	68	180
BJ	34	68	180
BJ	34	68	180
BJ	34	68	180
BJ	34	68	180
BJ	34	68	180
BJ	34	68	180
BJ	34	68	180
BJ	34	68	180
BJ	34	68	180
BJ	34	68	180
BJ	34	68	180
BJ	34	68	180
BJ	34	68	180
BJ	34	68	180
BJ	34	68	180
BJ	34	68	180
BJ	34	68	180
BJ	34	68	180
BJ	34	68	180
BJ	34	68	180
BJ	34	68	180
BJ	34	68	180
BJ	34	68	180
BJ	34	68	180
BJ	34	68	180
BJ	34	68	180
BJ	34	68	180
BJ	34	68	180
BJ	34	68	180
BJ	34	68	180
BJ	34	68	180
BJ	34	68	180
BJ	34	68	180
BJ	34	68	180
BJ	34	68	180
BJ	34	68	180
BJ	34	68	180
BJ	34	68	180
BJ	34	68	180
BJ	34	68	180
BJ	34	68	180
BJ	34	68	180
BJ	34	68	180
BJ	34	68	180
BJ	34	68	180
BJ	36	72	180
BJ	36	72	180
BJ	36	72	180
BJ	36	72	180
BJ	36	72	180
BJ	36	72	180
BJ	36	72	180
BJ	36	72	180
BJ	36	72	180
BJ	36	72	180
BJ	36	72	180
BJ	36	72	180
BJ	36	72	180
BJ	36	72	180
BJ	36	72	180
BJ	36	72	180
BJ	36	72	180
BJ	36	72	180
BJ	36	72	180
BJ	36	72	180
BJ	36	72	180
BJ	36	72	180
BJ	36	72	180
BJ	36	72	180
BJ	36	72	180
BJ	36	72	180
BJ	36	72	180
BJ	36	72	180
BJ	36	72	180
BJ	36	72	180
BJ	36	72	180
BJ	36	72	180
BJ	36	72	180
BJ	36	72	180
BJ	36	72	180
BJ	36	72	180
BJ	36	72	180
BJ	36	72	180
BJ	36	72	180
BJ	36	72	180
BJ	36	72	180
BJ	36	72	180
BJ	36	72	180
BJ	36	72	180
BJ	36	72	180
BJ	36	72	180
BJ	36	72	180
BJ	36	72	180
BJ	36	72	180
BJ	36	72	180
BJ	36	72	180
BJ	36	72	180
BJ	36	72	180
BJ	36	72	180
BJ	36	72	180
BJ	36	72	180
BJ	36	72	180
BJ	36	72	180
BJ	36	72	180
BJ	36	72	180
BJ	36	72	180
BJ	36	72	180
BJ	36	72	180
BJ	36	72	180
BJ	36	72	180
BJ	36	72	180
BJ	36	72	180
BJ	36	72	180
BJ	36	72	180
BJ	36	72	180
BJ	36	72	180
BJ	36	72	180
BJ	36	72	180
BJ	36	72	180
BJ	36	72	180
BJ	36	72	180
BJ	36	72	180
BJ	36	72	180
BJ	36	72	180
BJ	36	72	180
BJ	36	72	180
BJ	36	72	180
BJ	36	72	180
BJ	36	72	180
BJ	36	72	180
BJ	36	72	180
BJ	36	72	180
BJ	36	72	180
BJ	36	72	180
BJ	36	72	180
BJ	36	72	180
BJ	36	72	180
BJ	36	72	180
BJ	36	72	180
BJ	36	72	180
BJ	36	72	180
BJ	36	72	180
BJ	36	72	180
BJ	36	72	180
BJ	36	72	180
BJ	38	76	180
BJ	38	76	180
BJ	38	76	180
BJ	38	76	180
BJ	38	76	180
BJ	38	76	180
BJ	38	76	180
BJ	38	76	180
BJ	38	76	180
BJ	38	76	180
BJ	38	76	180
BJ	38	76	180
BJ	38	76	180
BJ	38	76	180
BJ	38	76	180
BJ	38	76	180
BJ	38	76	180
BJ	38	76	180
BJ	38	76	180
BJ	38	76	180
BJ	38	76	180
BJ	38	76	180
BJ	38	76	180
BJ	38	76	180
BJ	38	76	180
BJ	38	76	180
BJ	38	76	180
BJ	38	76	180
BJ	38	76	180
BJ	38	76	180
BJ	38	76	180
BJ	38	76	180
BJ	38	76	180
BJ	38	76	180
BJ	38	76	180
BJ	38	76	180
BJ	38	76	180
BJ	38	76	180
BJ	38	76	180
BJ	38	76	180
BJ	38	76	180
BJ	38	76	180
BJ	38	76	180
BJ	38	76	180
BJ	38	76	180
BJ	38	76	180
BJ	38	76	180
BJ	38	76	180
BJ	38	76	180
BJ	38	76	180
BJ	38	76	180
BJ	38	76	180
BJ	38	76	180
BJ	38	76	180
BJ	38	76	180
BJ	38	76	180
BJ	38	76	180
BJ	38	76	180
BJ	38	76	180
BJ	38	76	180
BJ	38	76	180
BJ	38	76	180
BJ	38	76	180
BJ	38	76	180
BJ	38	76	180
BJ	38	76	180
BJ	38	76	180
BJ	38	76	180
BJ	38	76	180
BJ	38	76	180
BJ	38	76	180
BJ	38	76	180
BJ	38	76	180
BJ	38	76	180
BJ	38	76	180
BJ	38	76	180
BJ	38	76	180
BJ	38	76	180
BJ	38	76	180
BJ	38	76	180
BJ	38	76	180
BJ	38	76	180
BJ	38	76	180
BJ	38	76	180
BJ	38	76	180
BJ	38	76	180
BJ	38	76	180
BJ	38	76	180
BJ	38	76	180
BJ	38	76	180
BJ	38	76	180
BJ	38	76	180
BJ	38	76	180
BJ	38	76	180
BJ	38	76	180
BJ	38	76	180
BJ	38	76	180
BJ	38	76	180
BJ	38	76	180
BJ	38	76	180
BJ	40	80	180
BJ	40	80	180
BJ	40	80	180
BJ	40	80	180
BJ	40	80	180
BJ	40	80	180
BJ	40	80	180
BJ	40	80	180
BJ	40	80	180
BJ	40	80	180
BJ	40	80	180
BJ	40	80	180
BJ	40	80	180
BJ	40	80	180
BJ	40	80	180
BJ	40	80	180
BJ	40	80	180
BJ	40	80	180
BJ	40	80	180
BJ	40	80	180
BJ	40	80	180
BJ	40	80	180
BJ	40	80	180
BJ	40	80	180
BJ	40	80	180
BJ	40	80	180
BJ	40	80	180
BJ	40	80	180
BJ	40	80	180
BJ	40	80	180
BJ	40	80	180
BJ	40	80	180
BJ	40	80	180
BJ	40	80	180
BJ	40	80	180
BJ	40	80	180
BJ	40	80	180
BJ	40	80	180
BJ	40	80	180
BJ	40	80	180
BJ	40	80	180
BJ	40	80	180
BJ	40	80	180
BJ	40	80	180
BJ	40	80	180
BJ	40	80	180
BJ	40	80	180
BJ	40	80	180
BJ	40	80	180
BJ	40	80	180
BJ	40	80	180
BJ	40	80	180
BJ	40	80	180
BJ	40	80	180
BJ	40	80	180
BJ	40	80	180
BJ	40	80	180
BJ	40	80	180
BJ	40	80	180
BJ	40	80	180
BJ	40	80	180
BJ	40	80	180
BJ	40	80	180
BJ	40	80	180
BJ	40	80	180
BJ	40	80	180
BJ	40	80	180
BJ	40	80	180
BJ	40	80	180
BJ	40	80	180
BJ	40	80	180
BJ	40	80	180
BJ	40	80	180
BJ	40	80	180
BJ	40	80	180
BJ	40	80	180
BJ	40	80	180
BJ	40	80	180
BJ	40	80	180
BJ	40	80	180
BJ	40	80	180
BJ	40	80	180
BJ	40	80	180
BJ	40	80	180
BJ	40	80	180
BJ	40	80	180
BJ	40	80	180
BJ	40	80	180
BJ	40	80	180
BJ	40	80	180
BJ	40	80	180
BJ	40	80	180
BJ	40	80	180
BJ	40	80	180
BJ	40	80	180
BJ	40	80	180
BJ	40	80	180
BJ	40	80	180
BJ	40	80	180
BJ	40	80	180
BHKK	10	20	0.049999
BHKK	10	20	0.049999
BHKK	10	20	0.046666
BHKK	10	20	0.049999
BHKK	10	20	0.049999
BHKK	10	20	0.046666
BHKK	10	20	0.049999
BHKK	10	20	0.049999
BHKK	10	20	0.049999
BHKK	10	20	0.049999
BHKK	10	20	0.049999
BHKK	10	20	0.049999
BHKK	10	20	0.049999
BHKK	10	20	0.049999
BHKK	10	20	0.046666
BHKK	10	20	0.049999
BHKK	10	20	0.049999
BHKK	10	20	0.049999
BHKK	10	20	0.046666
BHKK	10	20	0.049999
BHKK	10	20	0.049999
BHKK	10	20	0.049999
BHKK	10	20	0.049999
BHKK	10	20	0.049999
BHKK	10	20	0.049999
BHKK	10	20	0.049999
BHKK	10	20	0.046666
BHKK	10	20	0.046666
BHKK	10	20	0.049999
BHKK	10	20	0.046666
BHKK	10	20	0.049999
BHKK	10	20	0.046666
BHKK	10	20	0.046666
BHKK	10	20	0.046666
BHKK	10	20	0.046666
BHKK	10	20	0.046666
BHKK	10	20	0.049999
BHKK	10	20	0.049999
BHKK	10	20	0.049999
BHKK	10	20	0.049999
BHKK	10	20	0.049999
BHKK	10	20	0.049999
BHKK	10	20	0.049999
BHKK	10	20	0.049999
BHKK	10	20	0.049999
BHKK	10	20	0.049999
BHKK	10	20	0.049999
BHKK	10	20	0.049999
BHKK	10	20	0.049999
BHKK	10	20	0.049999
BHKK	10	20	0.049999
BHKK	10	20	0.049999
BHKK	10	20	0.049999
BHKK	10	20	0.049999
BHKK	10	20	0.049999
BHKK	10	20	0.049999
BHKK	10	20	0.049999
BHKK	10	20	0.049999
BHKK	10	20	0.046666
BHKK	10	20	0.049999
BHKK	10	20	0.049999
BHKK	10	20	0.049999
BHKK	10	20	0.049999
BHKK	10	20	0.049999
BHKK	10	20	0.046666
BHKK	10	20	0.049999
BHKK	10	20	0.049999
BHKK	10	20	0.049999
BHKK	10	20	0.046666
BHKK	10	20	0.046666
BHKK	10	20	0.049999
BHKK	10	20	0.049999
BHKK	10	20	0.049999
BHKK	10	20	0.049999
BHKK	10	20	0.049999
BHKK	10	20	0.049999
BHKK	10	20	0.049999
BHKK	10	20	0.049999
BHKK	10	20	0.049999
BHKK	10	20	0.049999
BHKK	10	20	0.049999
BHKK	10	20	0.049999
BHKK	10	20	0.049999
BHKK	10	20	0.049999
BHKK	10	20	0.049999
BHKK	10	20	0.049999
BHKK	10	20	0.049999
BHKK	10	20	0.049999
BHKK	10	20	0.049999
BHKK	10	20	0.049999
BHKK	10	20	0.049999
BHKK	10	20	0.049999
BHKK	10	20	0.049999
BHKK	10	20	0.049999
BHKK	10	20	0.049999
BHKK	10	20	0.049999
BHKK	10	20	0.049999
BHKK	10	20	0.049999
BHKK	10	20	0.049999
BHKK	10	20	0.046666
BHKK	12	24	0.359999
BHKK	12	24	0.356666
BHKK	12	24	0.359999
BHKK	12	24	0.356666
BHKK	12	24	0.359999
BHKK	12	24	0.359999
BHKK	12	24	0.359999
BHKK	12	24	0.356666
BHKK	12	24	0.359999
BHKK	12	24	0.356666
BHKK	12	24	0.359999
BHKK	12	24	0.359999
BHKK	12	24	0.356666
BHKK	12	24	0.359999
BHKK	12	24	0.366666
BHKK	12	24	0.356666
BHKK	12	24	0.359999
BHKK	12	24	0.359999
BHKK	12	24	0.359999
BHKK	12	24	0.359999
BHKK	12	24	0.359999
BHKK	12	24	0.359999
BHKK	12	24	0.356666
BHKK	12	24	0.356666
BHKK	12	24	0.359999
BHKK	12	24	0.359999
BHKK	12	24	0.356666
BHKK	12	24	0.369999
BHKK	12	24	0.369999
BHKK	12	24	0.366666
BHKK	12	24	0.359999
BHKK	12	24	0.359999
BHKK	12	24	0.359999
BHKK	12	24	0.359999
BHKK	12	24	0.356666
BHKK	12	24	0.359999
BHKK	12	24	0.359999
BHKK	12	24	0.356666
BHKK	12	24	0.359999
BHKK	12	24	0.356666
BHKK	12	24	0.356666
BHKK	12	24	0.359999
BHKK	12	24	0.356666
BHKK	12	24	0.359999
BHKK	12	24	0.359999
BHKK	12	24	0.356666
BHKK	12	24	0.356666
BHKK	12	24	0.356666
BHKK	12	24	0.356666
BHKK	12	24	0.363333
BHKK	12	24	0.356666
BHKK	12	24	0.356666
BHKK	12	24	0.359999
BHKK	12	24	0.359999
BHKK	12	24	0.359999
BHKK	12	24	0.356666
BHKK	12	24	0.359999
BHKK	12	24	0.359999
BHKK	12	24	0.356666
BHKK	12	24	0.359999
BHKK	12	24	0.373333
BHKK	12	24	0.359999
BHKK	12	24	0.403333
BHKK	12	24	0.359999
BHKK	12	24	0.359999
BHKK	12	24	0.359999
BHKK	12	24	0.359999
BHKK	12	24	0.359999
BHKK	12	24	0.359999
BHKK	12	24	0.359999
BHKK	12	24	0.359999
BHKK	12	24	0.359999
BHKK	12	24	0.359999
BHKK	12	24	0.359999
BHKK	12	24	0.356666
BHKK	12	24	0.359999
BHKK	12	24	0.359999
BHKK	12	24	0.356666
BHKK	12	24	0.359999
BHKK	12	24	0.359999
BHKK	12	24	0.359999
BHKK	12	24	0.356666
BHKK	12	24	0.356666
BHKK	12	24	0.406666
BHKK	12	24	0.359999
BHKK	12	24	0.356666
BHKK	12	24	0.356666
BHKK	12	24	0.359999
BHKK	12	24	0.356666
BHKK	12	24	0.356666
BHKK	12	24	0.359999
BHKK	12	24	0.356666
BHKK	12	24	0.359999
BHKK	12	24	0.359999
BHKK	12	24	0.359999
BHKK	12	24	0.356666
BHKK	12	24	0.359999
BHKK	12	24	0.359999
BHKK	12	24	0.359999
BHKK	12	24	0.356666
BHKK	14	28	2.48
BHKK	14	28	2.48333
BHKK	14	28	2.47667
BHKK	14	28	2.55667
BHKK	14	28	2.47667
BHKK	14	28	2.48333
BHKK	14	28	2.48
BHKK	14	28	2.48333
BHKK	14	28	2.48
BHKK	14	28	2.49333
BHKK	14	28	2.48333
BHKK	14	28	2.48
BHKK	14	28	2.49667
BHKK	14	28	2.48
BHKK	14	28	2.58333
BHKK	14	28	2.48
BHKK	14	28	2.48
BHKK	14	28	2.48333
BHKK	14	28	2.48333
BHKK	14	28	2.48
BHKK	14	28	2.47667
BHKK	14	28	2.48
BHKK	14	28	2.48
BHKK	14	28	2.48333
BHKK	14	28	2.48
BHKK	14	28	2.48
BHKK	14	28	2.48
BHKK	14	28	2.48
BHKK	14	28	2.48
BHKK	14	28	2.48333
BHKK	14	28	2.48
BHKK	14	28	2.51667
BHKK	14	28	2.58667
BHKK	14	28	2.48
BHKK	14	28	2.47667
BHKK	14	28	2.48
BHKK	14	28	2.48
BHKK	14	28	2.48333
BHKK	14	28	2.48333
BHKK	14	28	2.48333
BHKK	14	28	2.85
BHKK	14	28	2.48333
BHKK	14	28	2.52667
BHKK	14	28	2.48
BHKK	14	28	2.49333
BHKK	14	28	2.48333
BHKK	14	28	2.48
BHKK	14	28	2.7
BHKK	14	28	2.48
BHKK	14	28	2.69333
BHKK	14	28	2.47667
BHKK	14	28	2.48
BHKK	14	28	2.48333
BHKK	14	28	2.48333
BHKK	14	28	2.48
BHKK	14	28	2.48
BHKK	14	28	2.48
BHKK	14	28	2.48333
BHKK	14	28	2.48
BHKK	14	28	2.48333
BHKK	14	28	2.47667
BHKK	14	28	2.48333
BHKK	14	28	2.48333
BHKK	14	28	2.48
BHKK	14	28	2.55333
BHKK	14	28	2.48333
BHKK	14	28	2.47667
BHKK	14	28	2.55333
BHKK	14	28	2.48
BHKK	14	28	2.48
BHKK	14	28	2.48
BHKK	14	28	2.48333
BHKK	14	28	2.48
BHKK	14	28	2.48333
BHKK	14	28	2.47667
BHKK	14	28	2.48
BHKK	14	28	2.48333
BHKK	14	28	2.48333
BHKK	14	28	2.48333
BHKK	14	28	2.48333
BHKK	14	28	2.48333
BHKK	14	28	2.48
BHKK	14	28	2.48333
BHKK	14	28	2.48
BHKK	14	28	2.48
BHKK	14	28	2.48
BHKK	14	28	2.48
BHKK	14	28	2.48
BHKK	14	28	2.48333
BHKK	14	28	2.48333
BHKK	14	28	2.53667
BHKK	14	28	2.48
BHKK	14	28	2.48333
BHKK	14	28	2.48333
BHKK	14	28	2.47667
BHKK	14	28	2.48
BHKK	14	28	2.48
BHKK	14	28	2.48
BHKK	14	28	2.48333
BHKK	14	28	2.48
BHKK	16	32	17.54
BHKK	16	32	17.5467
BHKK	16	32	17.54
BHKK	16	32	17.5467
BHKK	16	32	17.5333
BHKK	16	32	17.53
BHKK	16	32	17.5467
BHKK	16	32	17.5367
BHKK	16	32	17.5267
BHKK	16	32	17.5433
BHKK	16	32	17.5367
BHKK	16	32	17.5367
BHKK	16	32	17.5367
BHKK	16	32	17.5333
BHKK	16	32	17.53
BHKK	16	32	17.54
BHKK	16	32	17.5333
BHKK	16	32	17.5367
BHKK	16	32	17.53
BHKK	16	32	17.53
BHKK	16	32	17.5367
BHKK	16	32	17.5367
BHKK	16	32	17.5333
BHKK	16	32	17.54
BHKK	16	32	17.5367
BHKK	16	32	17.5367
BHKK	16	32	17.5433
BHKK	16	32	17.5367
BHKK	16	32	17.5467
BHKK	16	32	17.5333
BHKK	16	32	17.5333
BHKK	16	32	17.5467
BHKK	16	32	17.54
BHKK	16	32	17.5433
BHKK	16	32	17.55
BHKK	16	32	17.5367
BHKK	16	32	17.55
BHKK	16	32	17.53
BHKK	16	32	17.5333
BHKK	16	32	17.5333
BHKK	16	32	17.5433
BHKK	16	32	17.5333
BHKK	16	32	17.54
BHKK	16	32	17.5333
BHKK	16	32	17.54
BHKK	16	32	17.5367
BHKK	16	32	17.5567
BHKK	16	32	17.53
BHKK	16	32	17.5367
BHKK	16	32	17.54
BHKK	16	32	17.5367
BHKK	16	32	17.5367
BHKK	16	32	17.5333
BHKK	16	32	17.5267
BHKK	16	32	17.5367
BHKK	16	32	17.5367
BHKK	16	32	17.54
BHKK	16	32	17.5333
BHKK	16	32	17.54
BHKK	16	32	17.5367
BHKK	16	32	17.5433
BHKK	16	32	17.5333
BHKK	16	32	17.54
BHKK	16	32	17.5333
BHKK	16	32	17.5367
BHKK	16	32	17.5367
BHKK	16	32	17.5467
BHKK	16	32	17.54
BHKK	16	32	17.54
BHKK	16	32	17.5433
BHKK	16	32	17.53
BHKK	16	32	17.54
BHKK	16	32	17.54
BHKK	16	32	17.5333
BHKK	16	32	17.54
BHKK	16	32	17.5367
BHKK	16	32	17.54
BHKK	16	32	17.5333
BHKK	16	32	17.54
BHKK	16	32	17.5467
BHKK	16	32	17.55
BHKK	16	32	17.5433
BHKK	16	32	17.5367
BHKK	16	32	17.5467
BHKK	16	32	17.53
BHKK	16	32	17.5367
BHKK	16	32	17.5333
BHKK	16	32	17.5367
BHKK	16	32	17.5367
BHKK	16	32	17.54
BHKK	16	32	17.5433
BHKK	16	32	17.53
BHKK	16	32	17.5367
BHKK	16	32	17.54
BHKK	16	32	17.5367
BHKK	16	32	17.5333
BHKK	16	32	17.5367
BHKK	16	32	17.5367
BHKK	16	32	17.5433
BHKK	16	32	17.54
BHKK	18	36	109.007
BHKK	18	36	109.067
BHKK	18	36	109.077
BHKK	18	36	108.99
BHKK	18	36	109.043
BHKK	18	36	109.033
BHKK	18	36	109.04
BHKK	18	36	109.097
BHKK	18	36	109.073
BHKK	18	36	109.06
BHKK	18	36	109.053
BHKK	18	36	109.053
BHKK	18	36	109.013
BHKK	18	36	109.057
BHKK	18	36	109.093
BHKK	18	36	109.057
BHKK	18	36	109.07
BHKK	18	36	109.01
BHKK	18	36	109.037
BHKK	18	36	109.07
BHKK	18	36	109.053
BHKK	18	36	109.007
BHKK	18	36	109.05
BHKK	18	36	109.053
BHKK	18	36	109.053
BHKK	18	36	109.073
BHKK	18	36	109.077
BHKK	18	36	109.073
BHKK	18	36	109.047
BHKK	18	36	109.087
BHKK	18	36	109.017
BHKK	18	36	109.053
BHKK	18	36	109.073
BHKK	18	36	109.047
BHKK	18	36	109.027
BHKK	18	36	109.083
BHKK	18	36	109.007
BHKK	18	36	109.013
BHKK	18	36	109.04
BHKK	18	36	109.06
BHKK	18	36	109.073
BHKK	18	36	109.09
BHKK	18	36	109.043
BHKK	18	36	109.077
BHKK	18	36	109.08
BHKK	18	36	109.047
BHKK	18	36	109.08
BHKK	18	36	109.113
BHKK	18	36	109.06
BHKK	18	36	109.06
BHKK	18	36	109.033
BHKK	18	36	109.097
BHKK	18	36	108.993
BHKK	18	36	109.07
BHKK	18	36	109.05
BHKK	18	36	109.053
BHKK	18	36	109.033
BHKK	18	36	109.07
BHKK	18	36	109.02
BHKK	18	36	109.01
BHKK	18	36	109.08
BHKK	18	36	109.053
BHKK	18	36	109.077
BHKK	18	36	109
BHKK	18	36	109.02
BHKK	18	36	109.057
BHKK	18	36	109.077
BHKK	18	36	109.067
BHKK	18	36	109.063
BHKK	18	36	109.067
BHKK	18	36	109.04
BHKK	18	36	109.05
BHKK	18	36	109.09
BHKK	18	36	109.05
BHKK	18	36	109.01
BHKK	18	36	109.033
BHKK	18	36	109.037
BHKK	18	36	109.01
BHKK	18	36	109.03
BHKK	18	36	109
BHKK	18	36	109.073
BHKK	18	36	109.063
BHKK	18	36	109.083
BHKK	18	36	109.067
BHKK	18	36	109.097
BHKK	18	36	109.067
BHKK	18	36	109.04
BHKK	18	36	109.067
BHKK	18	36	109.02
BHKK	18	36	109.06
BHKK	18	36	108.99
BHKK	18	36	109.09
BHKK	18	36	109.05
BHKK	18	36	109.08
BHKK	18	36	109.05
BHKK	18	36	109.023
BHKK	18	36	109.023
BHKK	18	36	109.103
BHKK	18	36	109.037
BHKK	18	36	109.047
BHKK	20	40	180
BHKK	20	40	180
BHKK	20	40	180
BHKK	20	40	180
BHKK	20	40	180
BHKK	20	40	180
BHKK	20	40	180
BHKK	20	40	180
BHKK	20	40	180
BHKK	20	40	180
BHKK	20	40	180
BHKK	20	40	180
BHKK	20	40	180
BHKK	20	40	180
BHKK	20	40	180
BHKK	20	40	180
BHKK	20	40	180
BHKK	20	40	180
BHKK	20	40	180
BHKK	20	40	180
BHKK	20	40	180
BHKK	20	40	180
BHKK	20	40	180
BHKK	20	40	180
BHKK	20	40	180
BHKK	20	40	180
BHKK	20	40	180
BHKK	20	40	180
BHKK	20	40	180
BHKK	20	40	180
BHKK	20	40	180
BHKK	20	40	180
BHKK	20	40	180
BHKK	20	40	180
BHKK	20	40	180
BHKK	20	40	180
BHKK	20	40	180
BHKK	20	40	180
BHKK	20	40	180
BHKK	20	40	180
BHKK	20	40	180
BHKK	20	40	180
BHKK	20	40	180
BHKK	20	40	180
BHKK	20	40	180
BHKK	20	40	180
BHKK	20	40	180
BHKK	20	40	180
BHKK	20	40	180
BHKK	20	40	180
BHKK	20	40	180
BHKK	20	40	180
BHKK	20	40	180
BHKK	20	40	180
BHKK	20	40	180
BHKK	20	40	180
BHKK	20	40	180
BHKK	20	40	180
BHKK	20	40	180
BHKK	20	40	180
BHKK	20	40	180
BHKK	20	40	180
BHKK	20	40	180
BHKK	20	40	180
BHKK	20	40	180
BHKK	20	40	180
BHKK	20	40	180
BHKK	20	40	180
BHKK	20	40	180
BHKK	20	40	180
BHKK	20	40	180
BHKK	20	40	180
BHKK	20	40	180
BHKK	20	40	180
BHKK	20	40	180
BHKK	20	40	180
BHKK	20	40	180
BHKK	20	40	180
BHKK	20	40	180
BHKK	20	40	180
BHKK	20	40	180
BHKK	20	40	180
BHKK	20	40	180
BHKK	20	40	180
BHKK	20	40	180
BHKK	20	40	180
BHKK	20	40	180
BHKK	20	40	180
BHKK	20	40	180
BHKK	20	40	180
BHKK	20	40	180
BHKK	20	40	180
BHKK	20	40	180
BHKK	20	40	180
BHKK	20	40	180
BHKK	20	40	180
BHKK	20	40	180
BHKK	20	40	180
BHKK	20	40	180
BHKK	20	40	180
BHKK	22	44	180
BHKK	22	44	180
BHKK	22	44	180
BHKK	22	44	180
BHKK	22	44	180
BHKK	22	44	180
BHKK	22	44	180
BHKK	22	44	180
BHKK	22	44	180
BHKK	22	44	180
BHKK	22	44	180
BHKK	22	44	180
BHKK	22	44	180
BHKK	22	44	180
BHKK	22	44	180
BHKK	22	44	180
BHKK	22	44	180
BHKK	22	44	180
BHKK	22	44	180
BHKK	22	44	180
BHKK	22	44	180
BHKK	22	44	180
BHKK	22	44	180
BHKK	22	44	180
BHKK	22	44	180
BHKK	22	44	180
BHKK	22	44	180
BHKK	22	44	180
BHKK	22	44	180
BHKK	22	44	180
BHKK	22	44	180
BHKK	22	44	180
BHKK	22	44	180
BHKK	22	44	180
BHKK	22	44	180
BHKK	22	44	180
BHKK	22	44	180
BHKK	22	44	180
BHKK	22	44	180
BHKK	22	44	180
BHKK	22	44	180
BHKK	22	44	180
BHKK	22	44	180
BHKK	22	44	180
BHKK	22	44	180
BHKK	22	44	180
BHKK	22	44	180
BHKK	22	44	180
BHKK	22	44	180
BHKK	22	44	180
BHKK	22	44	180
BHKK	22	44	180
BHKK	22	44	180
BHKK	22	44	180
BHKK	22	44	180
BHKK	22	44	180
BHKK	22	44	180
BHKK	22	44	180
BHKK	22	44	180
BHKK	22	44	180
BHKK	22	44	180
BHKK	22	44	180
BHKK	22	44	180
BHKK	22	44	180
BHKK	22	44	180
BHKK	22	44	180
BHKK	22	44	180
BHKK	22	44	180
BHKK	22	44	180
BHKK	22	44	180
BHKK	22	44	180
BHKK	22	44	180
BHKK	22	44	180
BHKK	22	44	180
BHKK	22	44	180
BHKK	22	44	180
BHKK	22	44	180
BHKK	22	44	180
BHKK	22	44	180
BHKK	22	44	180
BHKK	22	44	180
BHKK	22	44	180
BHKK	22	44	180
BHKK	22	44	180
BHKK	22	44	180
BHKK	22	44	180
BHKK	22	44	180
BHKK	22	44	180
BHKK	22	44	180
BHKK	22	44	180
BHKK	22	44	180
BHKK	22	44	180
BHKK	22	44	180
BHKK	22	44	180
BHKK	22	44	180
BHKK	22	44	180
BHKK	22	44	180
BHKK	22	44	180
BHKK	22	44	180
BHKK	22	44	180
BHKK	24	48	180
BHKK	24	48	180
BHKK	24	48	180
BHKK	24	48	180
BHKK	24	48	180
BHKK	24	48	180
BHKK	24	48	180
BHKK	24	48	180
BHKK	24	48	180
BHKK	24	48	180
BHKK	24	48	180
BHKK	24	48	180
BHKK	24	48	180
BHKK	24	48	180
BHKK	24	48	180
BHKK	24	48	180
BHKK	24	48	180
BHKK	24	48	180
BHKK	24	48	180
BHKK	24	48	180
BHKK	24	48	180
BHKK	24	48	180
BHKK	24	48	180
BHKK	24	48	180
BHKK	24	48	180
BHKK	24	48	180
BHKK	24	48	180
BHKK	24	48	180
BHKK	24	48	180
BHKK	24	48	180
BHKK	24	48	180
BHKK	24	48	180
BHKK	24	48	180
BHKK	24	48	180
BHKK	24	48	180
BHKK	24	48	180
BHKK	24	48	180
BHKK	24	48	180
BHKK	24	48	180
BHKK	24	48	180
BHKK	24	48	180
BHKK	24	48	180
BHKK	24	48	180
BHKK	24	48	180
BHKK	24	48	180
BHKK	24	48	180
BHKK	24	48	180
BHKK	24	48	180
BHKK	24	48	180
BHKK	24	48	180
BHKK	24	48	180
BHKK	24	48	180
BHKK	24	48	180
BHKK	24	48	180
BHKK	24	48	180
BHKK	24	48	180
BHKK	24	48	180
BHKK	24	48	180
BHKK	24	48	180
BHKK	24	48	180
BHKK	24	48	180
BHKK	24	48	180
BHKK	24	48	180
BHKK	24	48	180
BHKK	24	48	180
BHKK	24	48	180
BHKK	24	48	180
BHKK	24	48	180
BHKK	24	48	180
BHKK	24	48	180
BHKK	24	48	180
BHKK	24	48	180
BHKK	24	48	180
BHKK	24	48	180
BHKK	24	48	180
BHKK	24	48	180
BHKK	24	48	180
BHKK	24	48	180
BHKK	24	48	180
BHKK	24	48	180
BHKK	24	48	180
BHKK	24	48	180
BHKK	24	48	180
BHKK	24	48	180
BHKK	24	48	180
BHKK	24	48	180
BHKK	24	48	180
BHKK	24	48	180
BHKK	24	48	180
BHKK	24	48	180
BHKK	24	48	180
BHKK	24	48	180
BHKK	24	48	180
BHKK	24	48	180
BHKK	24	48	180
BHKK	24	48	180
BHKK	24	48	180
BHKK	24	48	180
BHKK	24	48	180
BHKK	24	48	180
HPR	10	20	0
HPR	10	20	0.00667
HPR	10	20	0.00667
HPR	10	20	0.00333
HPR	10	20	0.00333
HPR	10	20	0.00333
HPR	10	20	0.00333
HPR	10	20	0.00667
HPR	10	20	0
HPR	10	20	0.00667
HPR	10	20	0.00333
HPR	10	20	0
HPR	10	20	0
HPR	10	20	0
HPR	10	20	0.00333
HPR	10	20	0
HPR	10	20	0
HPR	10	20	0.00333
HPR	10	20	0.00333
HPR	10	20	0.00333
HPR	10	20	0.00333
HPR	10	20	0.00333
HPR	10	20	0.00333
HPR	10	20	0.00333
HPR	10	20	0
HPR	10	20	0.00333
HPR	10	20	0.00333
HPR	10	20	0.00333
HPR	10	20	0
HPR	10	20	0.00333
HPR	10	20	0.00333
HPR	10	20	0.00333
HPR	10	20	0.00333
HPR	10	20	0
HPR	10	20	0.00333
HPR	10	20	0
HPR	10	20	0.00333
HPR	10	20	0
HPR	10	20	0.00333
HPR	10	20	0.00333
HPR	10	20	0
HPR	10	20	0
HPR	10	20	0.00333
HPR	10	20	0
HPR	10	20	0.00333
HPR	10	20	0.00333
HPR	10	20	0
HPR	10	20	0.00333
HPR	10	20	0
HPR	10	20	0.00333
HPR	10	20	0.00333
HPR	10	20	0.00333
HPR	10	20	0.00333
HPR	10	20	0
HPR	10	20	0.00333
HPR	10	20	0
HPR	10	20	0.00333
HPR	10	20	0
HPR	10	20	0.00333
HPR	10	20	0.00333
HPR	10	20	0.00333
HPR	10	20	0.00333
HPR	10	20	0.00333
HPR	10	20	0.00333
HPR	10	20	0
HPR	10	20	0
HPR	10	20	0.00333
HPR	10	20	0
HPR	10	20	0.00333
HPR	10	20	0.00333
HPR	10	20	0.00333
HPR	10	20	0.00333
HPR	10	20	0.00333
HPR	10	20	0
HPR	10	20	0.00333
HPR	10	20	0.00333
HPR	10	20	0.00333
HPR	10	20	0.00333
HPR	10	20	0
HPR	10	20	0.00333
HPR	10	20	0.00667
HPR	10	20	0.00333
HPR	10	20	0
HPR	10	20	0
HPR	10	20	0.00333
HPR	10	20	0.00333
HPR	10	20	0.00333
HPR	10	20	0
HPR	10	20	0
HPR	10	20	0
HPR	10	20	0.00333
HPR	10	20	0.00333
HPR	10	20	0
HPR	10	20	0
HPR	10	20	0.00333
HPR	10	20	0
HPR	10	20	0
HPR	10	20	0.00333
HPR	10	20	0
HPR	10	20	0
HPR	12	24	0.00333
HPR	12	24	0.01
HPR	12	24	0.0167
HPR	12	24	0.00667
HPR	12	24	0.00667
HPR	12	24	0.01
HPR	12	24	0.0167
HPR	12	24	0.02
HPR	12	24	0.01
HPR	12	24	0.00667
HPR	12	24	0.0133
HPR	12	24	0.0167
HPR	12	24	0.01
HPR	12	24	0.0167
HPR	12	24	0.00667
HPR	12	24	0.0167
HPR	12	24	0.0267
HPR	12	24	0.00667
HPR	12	24	0.01
HPR	12	24	0.00333
HPR	12	24	0.00333
HPR	12	24	0.0167
HPR	12	24	0.0167
HPR	12	24	0.00333
HPR	12	24	0.02
HPR	12	24	0.0167
HPR	12	24	0.0167
HPR	12	24	0.00333
HPR	12	24	0.01
HPR	12	24	0.0233
HPR	12	24	0.01
HPR	12	24	0.0233
HPR	12	24	0.0133
HPR	12	24	0.01
HPR	12	24	0.02
HPR	12	24	0.01
HPR	12	24	0.02
HPR	12	24	0.01
HPR	12	24	0.0133
HPR	12	24	0.0133
HPR	12	24	0.00667
HPR	12	24	0.00333
HPR	12	24	0.01
HPR	12	24	0.00667
HPR	12	24	0.02
HPR	12	24	0.02
HPR	12	24	0.0133
HPR	12	24	0.0133
HPR	12	24	0.00333
HPR	12	24	0.0267
HPR	12	24	0.0133
HPR	12	24	0.0133
HPR	12	24	0.01
HPR	12	24	0.0233
HPR	12	24	0.02
HPR	12	24	0.0167
HPR	12	24	0.0133
HPR	12	24	0.02
HPR	12	24	0.00667
HPR	12	24	0.01
HPR	12	24	0.0133
HPR	12	24	0.0167
HPR	12	24	0.01
HPR	12	24	0.01
HPR	12	24	0.01
HPR	12	24	0.00667
HPR	12	24	0.02
HPR	12	24	0.0167
HPR	12	24	0.00667
HPR	12	24	0.00667
HPR	12	24	0.01
HPR	12	24	0.03
HPR	12	24	0.01
HPR	12	24	0.0133
HPR	12	24	0.00333
HPR	12	24	0.0167
HPR	12	24	0.01
HPR	12	24	0.0133
HPR	12	24	0.01
HPR	12	24	0.02
HPR	12	24	0.00667
HPR	12	24	0.01
HPR	12	24	0.0133
HPR	12	24	0.00667
HPR	12	24	0.0167
HPR	12	24	0.00667
HPR	12	24	0.00667
HPR	12	24	0.01
HPR	12	24	0.0133
HPR	12	24	0.0133
HPR	12	24	0.02
HPR	12	24	0.0133
HPR	12	24	0.00667
HPR	12	24	0.01
HPR	12	24	0.0233
HPR	12	24	0.00333
HPR	12	24	0.01
HPR	12	24	0.01
HPR	12	24	0.02
HPR	12	24	0.0133
HPR	14	28	0.117
HPR	14	28	0.03
HPR	14	28	0.0467
HPR	14	28	0.0167
HPR	14	28	0.0867
HPR	14	28	0.0667
HPR	14	28	0.0567
HPR	14	28	0.04
HPR	14	28	0.02
HPR	14	28	0.0933
HPR	14	28	0.06
HPR	14	28	0.06
HPR	14	28	0.0667
HPR	14	28	0.03
HPR	14	28	0.03
HPR	14	28	0.03
HPR	14	28	0.0633
HPR	14	28	0.0767
HPR	14	28	0.00333
HPR	14	28	0.0133
HPR	14	28	0.0967
HPR	14	28	0.0267
HPR	14	28	0.0533
HPR	14	28	0.0433
HPR	14	28	0.0133
HPR	14	28	0.0333
HPR	14	28	0.01
HPR	14	28	0.00667
HPR	14	28	0.0667
HPR	14	28	0.04
HPR	14	28	0.0833
HPR	14	28	0.02
HPR	14	28	0.03
HPR	14	28	0.01
HPR	14	28	0.0333
HPR	14	28	0.05
HPR	14	28	0.0667
HPR	14	28	0.07
HPR	14	28	0.0933
HPR	14	28	0.0333
HPR	14	28	0.0567
HPR	14	28	0.0467
HPR	14	28	0.0467
HPR	14	28	0.0567
HPR	14	28	0.0267
HPR	14	28	0.123
HPR	14	28	0.0533
HPR	14	28	0.0733
HPR	14	28	0.0833
HPR	14	28	0.107
HPR	14	28	0.0533
HPR	14	28	0.09
HPR	14	28	0.0333
HPR	14	28	0.0167
HPR	14	28	0.09
HPR	14	28	0.0467
HPR	14	28	0.0367
HPR	14	28	0.103
HPR	14	28	0.0767
HPR	14	28	0.0433
HPR	14	28	0.107
HPR	14	28	0.0433
HPR	14	28	0.07
HPR	14	28	0.04
HPR	14	28	0.0833
HPR	14	28	0.0433
HPR	14	28	0.0733
HPR	14	28	0.1
HPR	14	28	0.0133
HPR	14	28	0.0367
HPR	14	28	0.0167
HPR	14	28	0.00333
HPR	14	28	0.107
HPR	14	28	0.0233
HPR	14	28	0.103
HPR	14	28	0.0533
HPR	14	28	0.0367
HPR	14	28	0.0833
HPR	14	28	0.0367
HPR	14	28	0.0733
HPR	14	28	0.0933
HPR	14	28	0.07
HPR	14	28	0.103
HPR	14	28	0.0833
HPR	14	28	0.0333
HPR	14	28	0.0467
HPR	14	28	0.0767
HPR	14	28	0.04
HPR	14	28	0.1
HPR	14	28	0.1
HPR	14	28	0.0133
HPR	14	28	0.0367
HPR	14	28	0.08
HPR	14	28	0.0267
HPR	14	28	0.0833
HPR	14	28	0.08
HPR	14	28	0.0933
HPR	14	28	0.0633
HPR	14	28	0.0667
HPR	14	28	0.02
HPR	16	32	0.05
HPR	16	32	0.257
HPR	16	32	0.0167
HPR	16	32	0.52
HPR	16	32	0.227
HPR	16	32	0.0267
HPR	16	32	0.1
HPR	16	32	0.297
HPR	16	32	0.123
HPR	16	32	0.123
HPR	16	32	0.157
HPR	16	32	0.213
HPR	16	32	0.263
HPR	16	32	0.0233
HPR	16	32	0.107
HPR	16	32	0.127
HPR	16	32	0.23
HPR	16	32	0.0733
HPR	16	32	0.167
HPR	16	32	0.177
HPR	16	32	0.127
HPR	16	32	0.0833
HPR	16	32	0.11
HPR	16	32	0.12
HPR	16	32	0.0967
HPR	16	32	0.197
HPR	16	32	0.267
HPR	16	32	0.1
HPR	16	32	0.297
HPR	16	32	0.35
HPR	16	32	0.26
HPR	16	32	0.46
HPR	16	32	0.447
HPR	16	32	0.237
HPR	16	32	0.06
HPR	16	32	0.157
HPR	16	32	0.253
HPR	16	32	0.197
HPR	16	32	0.117
HPR	16	32	0.2
HPR	16	32	0.327
HPR	16	32	0.04
HPR	16	32	0.193
HPR	16	32	0.283
HPR	16	32	0.113
HPR	16	32	0.26
HPR	16	32	0.103
HPR	16	32	0.0767
HPR	16	32	0.167
HPR	16	32	0.157
HPR	16	32	0.0433
HPR	16	32	0.183
HPR	16	32	0.273
HPR	16	32	0.333
HPR	16	32	0.253
HPR	16	32	0.0867
HPR	16	32	0.2
HPR	16	32	0.06
HPR	16	32	0.0633
HPR	16	32	0.0533
HPR	16	32	0.0633
HPR	16	32	0.0367
HPR	16	32	0.15
HPR	16	32	0.36
HPR	16	32	0.547
HPR	16	32	0.177
HPR	16	32	0.07
HPR	16	32	0.183
HPR	16	32	0.137
HPR	16	32	0.31
HPR	16	32	0.27
HPR	16	32	0.277
HPR	16	32	0.167
HPR	16	32	0.413
HPR	16	32	0.117
HPR	16	32	0.0433
HPR	16	32	0.293
HPR	16	32	0.22
HPR	16	32	0.32
HPR	16	32	0.27
HPR	16	32	0.4
HPR	16	32	0.0967
HPR	16	32	0.32
HPR	16	32	0.413
HPR	16	32	0.13
HPR	16	32	0.15
HPR	16	32	0.293
HPR	16	32	0.35
HPR	16	32	0.207
HPR	16	32	0.227
HPR	16	32	0.24
HPR	16	32	0.167
HPR	16	32	0.143
HPR	16	32	0.2
HPR	16	32	0.207
HPR	16	32	0.3
HPR	16	32	0.267
HPR	16	32	0.203
HPR	16	32	0.367
HPR	16	32	0.03
HPR	18	36	0.24
HPR	18	36	0.473
HPR	18	36	0.387
HPR	18	36	0.85
HPR	18	36	0.63
HPR	18	36	0.817
HPR	18	36	1.35
HPR	18	36	0.49
HPR	18	36	0.633
HPR	18	36	0.08
HPR	18	36	1.4
HPR	18	36	0.44
HPR	18	36	0.39
HPR	18	36	0.367
HPR	18	36	1.34
HPR	18	36	1.38
HPR	18	36	0.273
HPR	18	36	0.507
HPR	18	36	0.453
HPR	18	36	0.11
HPR	18	36	0.663
HPR	18	36	0.763
HPR	18	36	0.38
HPR	18	36	0.137
HPR	18	36	0.833
HPR	18	36	0.173
HPR	18	36	0.687
HPR	18	36	0.217
HPR	18	36	0.273
HPR	18	36	1.44
HPR	18	36	0.69
HPR	18	36	0.73
HPR	18	36	1.24
HPR	18	36	1.11
HPR	18	36	1.04
HPR	18	36	1.05
HPR	18	36	0.587
HPR	18	36	0.243
HPR	18	36	0.113
HPR	18	36	0.673
HPR	18	36	0.573
HPR	18	36	0.363
HPR	18	36	0.663
HPR	18	36	0.717
HPR	18	36	0.48
HPR	18	36	0.397
HPR	18	36	0.52
HPR	18	36	1.01
HPR	18	36	0.2
HPR	18	36	1.25
HPR	18	36	0.957
HPR	18	36	1.16
HPR	18	36	0.51
HPR	18	36	0.357
HPR	18	36	0.87
HPR	18	36	0.873
HPR	18	36	0.87
HPR	18	36	0.45
HPR	18	36	0.893
HPR	18	36	1.7
HPR	18	36	0.547
HPR	18	36	0.527
HPR	18	36	0.61
HPR	18	36	0.777
HPR	18	36	0.43
HPR	18	36	0.58
HPR	18	36	0.747
HPR	18	36	1.41
HPR	18	36	0.367
HPR	18	36	0.36
HPR	18	36	0.557
HPR	18	36	0.803
HPR	18	36	0.687
HPR	18	36	0.13
HPR	18	36	1.72
HPR	18	36	1.1
HPR	18	36	0.263
HPR	18	36	0.643
HPR	18	36	0.283
HPR	18	36	0.22
HPR	18	36	0.203
HPR	18	36	0.143
HPR	18	36	0.28
HPR	18	36	0.817
HPR	18	36	0.417
HPR	18	36	0.277
HPR	18	36	0.163
HPR	18	36	0.747
HPR	18	36	0.857
HPR	18	36	0.887
HPR	18	36	0.727
HPR	18	36	0.757
HPR	18	36	0.0367
HPR	18	36	0.3
HPR	18	36	1.02
HPR	18	36	0.733
HPR	18	36	0.66
HPR	18	36	0.953
HPR	18	36	0.253
HPR	18	36	0.91
HPR	20	40	3.05
HPR	20	40	1.38
HPR	20	40	3.55
HPR	20	40	2.9
HPR	20	40	1.38
HPR	20	40	0.513
HPR	20	40	2.28
HPR	20	40	0.237
HPR	20	40	1.16
HPR	20	40	1.25
HPR	20	40	5.72
HPR	20	40	2.23
HPR	20	40	1.51
HPR	20	40	1.45
HPR	20	40	1.59
HPR	20	40	1.76
HPR	20	40	2.13
HPR	20	40	4.58
HPR	20	40	3.71
HPR	20	40	1.8
HPR	20	40	0.33
HPR	20	40	2.19
HPR	20	40	0.32
HPR	20	40	1.65
HPR	20	40	1.44
HPR	20	40	8.67
HPR	20	40	0.737
HPR	20	40	0.737
HPR	20	40	0.457
HPR	20	40	4.48
HPR	20	40	10.6
HPR	20	40	0.45
HPR	20	40	1.6
HPR	20	40	0.83
HPR	20	40	0.787
HPR	20	40	0.253
HPR	20	40	2.39
HPR	20	40	2.66
HPR	20	40	0.377
HPR	20	40	0.19
HPR	20	40	0.47
HPR	20	40	3.71
HPR	20	40	3.49
HPR	20	40	3.3
HPR	20	40	1.01
HPR	20	40	4.38
HPR	20	40	0.573
HPR	20	40	1.33
HPR	20	40	0.313
HPR	20	40	10.2
HPR	20	40	1.11
HPR	20	40	0.727
HPR	20	40	4.33
HPR	20	40	2.48
HPR	20	40	0.573
HPR	20	40	3.05
HPR	20	40	1.22
HPR	20	40	4.44
HPR	20	40	1.2
HPR	20	40	1.64
HPR	20	40	1.03
HPR	20	40	3.23
HPR	20	40	0.287
HPR	20	40	3.04
HPR	20	40	1.22
HPR	20	40	2.47
HPR	20	40	3.11
HPR	20	40	5.15
HPR	20	40	2.69
HPR	20	40	1.57
HPR	20	40	1.46
HPR	20	40	1.27
HPR	20	40	2.83
HPR	20	40	0.823
HPR	20	40	0.923
HPR	20	40	2.4
HPR	20	40	6.23
HPR	20	40	3.83
HPR	20	40	0.877
HPR	20	40	1.08
HPR	20	40	2.58
HPR	20	40	2.94
HPR	20	40	1.74
HPR	20	40	1.23
HPR	20	40	3.15
HPR	20	40	2.7
HPR	20	40	0.56
HPR	20	40	0.88
HPR	20	40	0.06
HPR	20	40	2.55
HPR	20	40	3.5
HPR	20	40	1.49
HPR	20	40	1.48
HPR	20	40	1.17
HPR	20	40	2.97
HPR	20	40	1.54
HPR	20	40	1.99
HPR	20	40	1.78
HPR	20	40	2.65
HPR	20	40	2.26
HPR	22	44	11.4
HPR	22	44	21.2
HPR	22	44	0.13
HPR	22	44	10.2
HPR	22	44	15
HPR	22	44	36.1
HPR	22	44	21.4
HPR	22	44	24.2
HPR	22	44	27.6
HPR	22	44	13.9
HPR	22	44	19.8
HPR	22	44	4.31
HPR	22	44	3.21
HPR	22	44	10.5
HPR	22	44	29.5
HPR	22	44	16.8
HPR	22	44	5.36
HPR	22	44	13.2
HPR	22	44	16.2
HPR	22	44	2.32
HPR	22	44	11.3
HPR	22	44	12.2
HPR	22	44	4.47
HPR	22	44	22.6
HPR	22	44	8.31
HPR	22	44	0.9
HPR	22	44	53.5
HPR	22	44	5.25
HPR	22	44	6.54
HPR	22	44	1.52
HPR	22	44	5.14
HPR	22	44	1.43
HPR	22	44	25.4
HPR	22	44	40.3
HPR	22	44	11.5
HPR	22	44	29.8
HPR	22	44	9.94
HPR	22	44	20
HPR	22	44	10.5
HPR	22	44	1.31
HPR	22	44	52.1
HPR	22	44	6.58
HPR	22	44	24
HPR	22	44	0.53
HPR	22	44	0.247
HPR	22	44	13.9
HPR	22	44	15.4
HPR	22	44	25.8
HPR	22	44	6.76
HPR	22	44	10.5
HPR	22	44	8.26
HPR	22	44	4.64
HPR	22	44	19.9
HPR	22	44	17.1
HPR	22	44	6.28
HPR	22	44	14.3
HPR	22	44	13.7
HPR	22	44	18.2
HPR	22	44	4.03
HPR	22	44	6.33
HPR	22	44	28.2
HPR	22	44	8.28
HPR	22	44	9.57
HPR	22	44	11.8
HPR	22	44	4.84
HPR	22	44	12.2
HPR	22	44	14.6
HPR	22	44	1.61
HPR	22	44	20.8
HPR	22	44	3.14
HPR	22	44	1.84
HPR	22	44	9.02
HPR	22	44	1.79
HPR	22	44	5.51
HPR	22	44	1.27
HPR	22	44	17.6
HPR	22	44	4.13
HPR	22	44	3.43
HPR	22	44	2.95
HPR	22	44	0.473
HPR	22	44	1.62
HPR	22	44	1.02
HPR	22	44	5.7
HPR	22	44	10.8
HPR	22	44	4.67
HPR	22	44	7.72
HPR	22	44	6.61
HPR	22	44	5.87
HPR	22	44	7.52
HPR	22	44	6.75
HPR	22	44	34
HPR	22	44	2.58
HPR	22	44	13.7
HPR	22	44	10.6
HPR	22	44	30.5
HPR	22	44	3.75
HPR	22	44	4
HPR	22	44	8.73
HPR	22	44	2.79
HPR	22	44	54.8
HPR	24	48	133
HPR	24	48	3.32
HPR	24	48	12.4
HPR	24	48	79.4
HPR	24	48	13.2
HPR	24	48	180
HPR	24	48	180
HPR	24	48	146
HPR	24	48	11.4
HPR	24	48	24.9
HPR	24	48	180
HPR	24	48	1.55
HPR	24	48	31.4
HPR	24	48	40.8
HPR	24	48	180
HPR	24	48	16.2
HPR	24	48	180
HPR	24	48	6.72
HPR	24	48	27
HPR	24	48	14.5
HPR	24	48	29.8
HPR	24	48	41.4
HPR	24	48	22.1
HPR	24	48	11.9
HPR	24	48	87
HPR	24	48	18.2
HPR	24	48	52.7
HPR	24	48	0.737
HPR	24	48	20.1
HPR	24	48	78.3
HPR	24	48	130
HPR	24	48	13.1
HPR	24	48	145
HPR	24	48	33.1
HPR	24	48	3.58
HPR	24	48	7.82
HPR	24	48	180
HPR	24	48	8.82
HPR	24	48	25.8
HPR	24	48	5.29
HPR	24	48	16.5
HPR	24	48	180
HPR	24	48	59.3
HPR	24	48	180
HPR	24	48	8.18
HPR	24	48	11.3
HPR	24	48	180
HPR	24	48	31.7
HPR	24	48	59.5
HPR	24	48	102
HPR	24	48	97.5
HPR	24	48	5.16
HPR	24	48	30.2
HPR	24	48	180
HPR	24	48	9.56
HPR	24	48	24.2
HPR	24	48	2.78
HPR	24	48	48.2
HPR	24	48	47.2
HPR	24	48	81.7
HPR	24	48	23.1
HPR	24	48	13.6
HPR	24	48	180
HPR	24	48	61.2
HPR	24	48	180
HPR	24	48	180
HPR	24	48	31.4
HPR	24	48	12.6
HPR	24	48	20.8
HPR	24	48	22.4
HPR	24	48	8.37
HPR	24	48	141
HPR	24	48	22.3
HPR	24	48	5.16
HPR	24	48	48.3
HPR	24	48	180
HPR	24	48	2.44
HPR	24	48	4.36
HPR	24	48	4.37
HPR	24	48	51.8
HPR	24	48	180
HPR	24	48	97.7
HPR	24	48	180
HPR	24	48	11.7
HPR	24	48	11
HPR	24	48	4.18
HPR	24	48	104
HPR	24	48	9.7
HPR	24	48	17
HPR	24	48	110
HPR	24	48	9.81
HPR	24	48	35.1
HPR	24	48	12.8
HPR	24	48	24.8
HPR	24	48	25.1
HPR	24	48	180
HPR	24	48	5.73
HPR	24	48	32.9
HPR	24	48	180
HPR	24	48	3.12
HPR	26	52	105
HPR	26	52	180
HPR	26	52	180
HPR	26	52	180
HPR	26	52	1.33
HPR	26	52	138
HPR	26	52	46.2
HPR	26	52	180
HPR	26	52	180
HPR	26	52	88.7
HPR	26	52	12.1
HPR	26	52	180
HPR	26	52	180
HPR	26	52	180
HPR	26	52	180
HPR	26	52	180
HPR	26	52	180
HPR	26	52	89.2
HPR	26	52	180
HPR	26	52	180
HPR	26	52	180
HPR	26	52	180
HPR	26	52	26.2
HPR	26	52	180
HPR	26	52	140
HPR	26	52	180
HPR	26	52	180
HPR	26	52	180
HPR	26	52	180
HPR	26	52	180
HPR	26	52	35.2
HPR	26	52	180
HPR	26	52	42.1
HPR	26	52	180
HPR	26	52	168
HPR	26	52	180
HPR	26	52	180
HPR	26	52	180
HPR	26	52	23.1
HPR	26	52	108
HPR	26	52	180
HPR	26	52	180
HPR	26	52	180
HPR	26	52	180
HPR	26	52	59.8
HPR	26	52	180
HPR	26	52	48.5
HPR	26	52	180
HPR	26	52	39
HPR	26	52	180
HPR	26	52	58.3
HPR	26	52	88.7
HPR	26	52	180
HPR	26	52	180
HPR	26	52	180
HPR	26	52	180
HPR	26	52	180
HPR	26	52	32.4
HPR	26	52	69.2
HPR	26	52	180
HPR	26	52	180
HPR	26	52	180
HPR	26	52	180
HPR	26	52	13.3
HPR	26	52	180
HPR	26	52	51.5
HPR	26	52	28.8
HPR	26	52	26.5
HPR	26	52	180
HPR	26	52	180
HPR	26	52	180
HPR	26	52	180
HPR	26	52	133
HPR	26	52	180
HPR	26	52	38.9
HPR	26	52	180
HPR	26	52	180
HPR	26	52	180
HPR	26	52	180
HPR	26	52	180
HPR	26	52	180
HPR	26	52	43.7
HPR	26	52	180
HPR	26	52	180
HPR	26	52	9.31
HPR	26	52	180
HPR	26	52	180
HPR	26	52	4.07
HPR	26	52	180
HPR	26	52	180
HPR	26	52	180
HPR	26	52	180
HPR	26	52	154
HPR	26	52	180
HPR	26	52	96.6
HPR	26	52	68.9
HPR	26	52	180
HPR	26	52	180
HPR	26	52	102
HPR	26	52	180
HPR	28	56	180
HPR	28	56	180
HPR	28	56	180
HPR	28	56	180
HPR	28	56	180
HPR	28	56	180
HPR	28	56	180
HPR	28	56	180
HPR	28	56	180
HPR	28	56	180
HPR	28	56	35
HPR	28	56	180
HPR	28	56	180
HPR	28	56	180
HPR	28	56	180
HPR	28	56	180
HPR	28	56	180
HPR	28	56	180
HPR	28	56	180
HPR	28	56	180
HPR	28	56	180
HPR	28	56	180
HPR	28	56	180
HPR	28	56	180
HPR	28	56	180
HPR	28	56	180
HPR	28	56	180
HPR	28	56	180
HPR	28	56	180
HPR	28	56	180
HPR	28	56	180
HPR	28	56	180
HPR	28	56	180
HPR	28	56	180
HPR	28	56	180
HPR	28	56	180
HPR	28	56	180
HPR	28	56	180
HPR	28	56	180
HPR	28	56	180
HPR	28	56	180
HPR	28	56	180
HPR	28	56	180
HPR	28	56	180
HPR	28	56	180
HPR	28	56	180
HPR	28	56	180
HPR	28	56	180
HPR	28	56	180
HPR	28	56	180
HPR	28	56	180
HPR	28	56	180
HPR	28	56	180
HPR	28	56	180
HPR	28	56	180
HPR	28	56	180
HPR	28	56	180
HPR	28	56	180
HPR	28	56	180
HPR	28	56	180
HPR	28	56	134
HPR	28	56	180
HPR	28	56	180
HPR	28	56	180
HPR	28	56	180
HPR	28	56	180
HPR	28	56	180
HPR	28	56	180
HPR	28	56	180
HPR	28	56	180
HPR	28	56	180
HPR	28	56	180
HPR	28	56	180
HPR	28	56	180
HPR	28	56	180
HPR	28	56	180
HPR	28	56	180
HPR	28	56	180
HPR	28	56	45.4
HPR	28	56	180
HPR	28	56	180
HPR	28	56	180
HPR	28	56	180
HPR	28	56	180
HPR	28	56	180
HPR	28	56	97.2
HPR	28	56	135
HPR	28	56	180
HPR	28	56	180
HPR	28	56	180
HPR	28	56	180
HPR	28	56	180
HPR	28	56	180
HPR	28	56	180
HPR	28	56	143
HPR	28	56	180
HPR	28	56	180
HPR	28	56	180
HPR	28	56	180
HPR	28	56	180
HPR	30	60	180
HPR	30	60	180
HPR	30	60	180
HPR	30	60	124
HPR	30	60	180
HPR	30	60	180
HPR	30	60	180
HPR	30	60	180
HPR	30	60	180
HPR	30	60	180
HPR	30	60	180
HPR	30	60	180
HPR	30	60	180
HPR	30	60	180
HPR	30	60	180
HPR	30	60	180
HPR	30	60	180
HPR	30	60	180
HPR	30	60	18.6
HPR	30	60	180
HPR	30	60	180
HPR	30	60	180
HPR	30	60	180
HPR	30	60	180
HPR	30	60	180
HPR	30	60	180
HPR	30	60	180
HPR	30	60	180
HPR	30	60	180
HPR	30	60	180
HPR	30	60	180
HPR	30	60	180
HPR	30	60	180
HPR	30	60	180
HPR	30	60	180
HPR	30	60	180
HPR	30	60	180
HPR	30	60	180
HPR	30	60	180
HPR	30	60	180
HPR	30	60	180
HPR	30	60	180
HPR	30	60	180
HPR	30	60	180
HPR	30	60	180
HPR	30	60	180
HPR	30	60	180
HPR	30	60	180
HPR	30	60	180
HPR	30	60	85.3
HPR	30	60	180
HPR	30	60	180
HPR	30	60	180
HPR	30	60	180
HPR	30	60	180
HPR	30	60	180
HPR	30	60	180
HPR	30	60	180
HPR	30	60	180
HPR	30	60	180
HPR	30	60	180
HPR	30	60	180
HPR	30	60	180
HPR	30	60	180
HPR	30	60	180
HPR	30	60	180
HPR	30	60	180
HPR	30	60	150
HPR	30	60	180
HPR	30	60	180
HPR	30	60	180
HPR	30	60	180
HPR	30	60	180
HPR	30	60	180
HPR	30	60	180
HPR	30	60	180
HPR	30	60	180
HPR	30	60	180
HPR	30	60	180
HPR	30	60	180
HPR	30	60	180
HPR	30	60	180
HPR	30	60	180
HPR	30	60	180
HPR	30	60	180
HPR	30	60	82.9
HPR	30	60	180
HPR	30	60	180
HPR	30	60	180
HPR	30	60	180
HPR	30	60	180
HPR	30	60	180
HPR	30	60	180
HPR	30	60	180
HPR	30	60	180
HPR	30	60	180
HPR	30	60	180
HPR	30	60	180
HPR	30	60	180
HPR	30	60	180
HPR	32	64	180
HPR	32	64	180
HPR	32	64	180
HPR	32	64	180
HPR	32	64	180
HPR	32	64	180
HPR	32	64	180
HPR	32	64	180
HPR	32	64	180
HPR	32	64	180
HPR	32	64	180
HPR	32	64	180
HPR	32	64	180
HPR	32	64	180
HPR	32	64	180
HPR	32	64	180
HPR	32	64	180
HPR	32	64	180
HPR	32	64	180
HPR	32	64	180
HPR	32	64	180
HPR	32	64	180
HPR	32	64	180
HPR	32	64	180
HPR	32	64	180
HPR	32	64	180
HPR	32	64	180
HPR	32	64	180
HPR	32	64	180
HPR	32	64	180
HPR	32	64	180
HPR	32	64	180
HPR	32	64	180
HPR	32	64	180
HPR	32	64	180
HPR	32	64	180
HPR	32	64	180
HPR	32	64	180
HPR	32	64	180
HPR	32	64	180
HPR	32	64	180
HPR	32	64	180
HPR	32	64	180
HPR	32	64	180
HPR	32	64	180
HPR	32	64	180
HPR	32	64	180
HPR	32	64	180
HPR	32	64	180
HPR	32	64	180
HPR	32	64	180
HPR	32	64	180
HPR	32	64	180
HPR	32	64	180
HPR	32	64	180
HPR	32	64	180
HPR	32	64	180
HPR	32	64	180
HPR	32	64	180
HPR	32	64	180
HPR	32	64	180
HPR	32	64	180
HPR	32	64	180
HPR	32	64	180
HPR	32	64	180
HPR	32	64	180
HPR	32	64	180
HPR	32	64	180
HPR	32	64	180
HPR	32	64	180
HPR	32	64	180
HPR	32	64	180
HPR	32	64	180
HPR	32	64	180
HPR	32	64	180
HPR	32	64	180
HPR	32	64	180
HPR	32	64	180
HPR	32	64	180
HPR	32	64	180
HPR	32	64	180
HPR	32	64	180
HPR	32	64	180
HPR	32	64	180
HPR	32	64	180
HPR	32	64	180
HPR	32	64	180
HPR	32	64	180
HPR	32	64	180
HPR	32	64	180
HPR	32	64	180
HPR	32	64	180
HPR	32	64	180
HPR	32	64	180
HPR	32	64	180
HPR	32	64	180
HPR	32	64	180
HPR	32	64	180
HPR	32	64	180
HPR	32	64	180
HPR	34	68	180
HPR	34	68	180
HPR	34	68	180
HPR	34	68	180
HPR	34	68	180
HPR	34	68	180
HPR	34	68	180
HPR	34	68	180
HPR	34	68	180
HPR	34	68	180
HPR	34	68	180
HPR	34	68	180
HPR	34	68	180
HPR	34	68	180
HPR	34	68	180
HPR	34	68	180
HPR	34	68	180
HPR	34	68	180
HPR	34	68	180
HPR	34	68	180
HPR	34	68	180
HPR	34	68	180
HPR	34	68	180
HPR	34	68	180
HPR	34	68	180
HPR	34	68	180
HPR	34	68	180
HPR	34	68	180
HPR	34	68	180
HPR	34	68	180
HPR	34	68	180
HPR	34	68	180
HPR	34	68	180
HPR	34	68	180
HPR	34	68	180
HPR	34	68	180
HPR	34	68	180
HPR	34	68	180
HPR	34	68	180
HPR	34	68	180
HPR	34	68	180
HPR	34	68	180
HPR	34	68	180
HPR	34	68	180
HPR	34	68	180
HPR	34	68	180
HPR	34	68	180
HPR	34	68	180
HPR	34	68	180
HPR	34	68	180
HPR	34	68	180
HPR	34	68	180
HPR	34	68	180
HPR	34	68	180
HPR	34	68	180
HPR	34	68	180
HPR	34	68	180
HPR	34	68	180
HPR	34	68	180
HPR	34	68	180
HPR	34	68	180
HPR	34	68	180
HPR	34	68	180
HPR	34	68	180
HPR	34	68	180
HPR	34	68	180
HPR	34	68	180
HPR	34	68	180
HPR	34	68	180
HPR	34	68	180
HPR	34	68	180
HPR	34	68	180
HPR	34	68	180
HPR	34	68	180
HPR	34	68	180
HPR	34	68	180
HPR	34	68	180
HPR	34	68	180
HPR	34	68	180
HPR	34	68	180
HPR	34	68	180
HPR	34	68	180
HPR	34	68	180
HPR	34	68	180
HPR	34	68	180
HPR	34	68	180
HPR	34	68	180
HPR	34	68	180
HPR	34	68	180
HPR	34	68	180
HPR	34	68	180
HPR	34	68	180
HPR	34	68	180
HPR	34	68	180
HPR	34	68	180
HPR	34	68	180
HPR	34	68	180
HPR	34	68	180
HPR	34	68	180
HPR	34	68	180
HPR	36	72	180
HPR	36	72	180
HPR	36	72	180
HPR	36	72	180
HPR	36	72	180
HPR	36	72	180
HPR	36	72	180
HPR	36	72	180
HPR	36	72	180
HPR	36	72	180
HPR	36	72	180
HPR	36	72	180
HPR	36	72	180
HPR	36	72	180
HPR	36	72	180
HPR	36	72	180
HPR	36	72	180
HPR	36	72	180
HPR	36	72	180
HPR	36	72	180
HPR	36	72	180
HPR	36	72	180
HPR	36	72	180
HPR	36	72	180
HPR	36	72	180
HPR	36	72	180
HPR	36	72	180
HPR	36	72	180
HPR	36	72	180
HPR	36	72	180
HPR	36	72	180
HPR	36	72	180
HPR	36	72	180
HPR	36	72	180
HPR	36	72	180
HPR	36	72	180
HPR	36	72	180
HPR	36	72	180
HPR	36	72	180
HPR	36	72	180
HPR	36	72	180
HPR	36	72	180
HPR	36	72	180
HPR	36	72	180
HPR	36	72	180
HPR	36	72	180
HPR	36	72	180
HPR	36	72	180
HPR	36	72	180
HPR	36	72	180
HPR	36	72	180
HPR	36	72	180
HPR	36	72	180
HPR	36	72	180
HPR	36	72	180
HPR	36	72	180
HPR	36	72	180
HPR	36	72	180
HPR	36	72	180
HPR	36	72	180
HPR	36	72	180
HPR	36	72	180
HPR	36	72	180
HPR	36	72	180
HPR	36	72	180
HPR	36	72	180
HPR	36	72	180
HPR	36	72	180
HPR	36	72	180
HPR	36	72	180
HPR	36	72	180
HPR	36	72	180
HPR	36	72	180
HPR	36	72	180
HPR	36	72	180
HPR	36	72	180
HPR	36	72	180
HPR	36	72	180
HPR	36	72	180
HPR	36	72	180
HPR	36	72	180
HPR	36	72	180
HPR	36	72	180
HPR	36	72	180
HPR	36	72	180
HPR	36	72	180
HPR	36	72	180
HPR	36	72	180
HPR	36	72	180
HPR	36	72	180
HPR	36	72	180
HPR	36	72	180
HPR	36	72	180
HPR	36	72	180
HPR	36	72	180
HPR	36	72	180
HPR	36	72	180
HPR	36	72	180
HPR	36	72	180
HPR	36	72	180
HPR	38	76	180
HPR	38	76	180
HPR	38	76	180
HPR	38	76	180
HPR	38	76	180
HPR	38	76	180
HPR	38	76	180
HPR	38	76	180
HPR	38	76	180
HPR	38	76	180
HPR	38	76	180
HPR	38	76	180
HPR	38	76	180
HPR	38	76	180
HPR	38	76	180
HPR	38	76	180
HPR	38	76	180
HPR	38	76	180
HPR	38	76	180
HPR	38	76	180
HPR	38	76	180
HPR	38	76	180
HPR	38	76	180
HPR	38	76	180
HPR	38	76	180
HPR	38	76	180
HPR	38	76	180
HPR	38	76	180
HPR	38	76	180
HPR	38	76	180
HPR	38	76	180
HPR	38	76	180
HPR	38	76	180
HPR	38	76	180
HPR	38	76	180
HPR	38	76	180
HPR	38	76	180
HPR	38	76	180
HPR	38	76	180
HPR	38	76	180
HPR	38	76	180
HPR	38	76	180
HPR	38	76	180
HPR	38	76	180
HPR	38	76	180
HPR	38	76	180
HPR	38	76	180
HPR	38	76	180
HPR	38	76	180
HPR	38	76	180
HPR	38	76	180
HPR	38	76	180
HPR	38	76	180
HPR	38	76	180
HPR	38	76	180
HPR	38	76	180
HPR	38	76	180
HPR	38	76	180
HPR	38	76	180
HPR	38	76	180
HPR	38	76	180
HPR	38	76	180
HPR	38	76	180
HPR	38	76	180
HPR	38	76	180
HPR	38	76	180
HPR	38	76	180
HPR	38	76	180
HPR	38	76	180
HPR	38	76	180
HPR	38	76	180
HPR	38	76	180
HPR	38	76	180
HPR	38	76	180
HPR	38	76	180
HPR	38	76	180
HPR	38	76	180
HPR	38	76	180
HPR	38	76	180
HPR	38	76	180
HPR	38	76	180
HPR	38	76	180
HPR	38	76	180
HPR	38	76	180
HPR	38	76	180
HPR	38	76	180
HPR	38	76	180
HPR	38	76	180
HPR	38	76	180
HPR	38	76	180
HPR	38	76	180
HPR	38	76	180
HPR	38	76	180
HPR	38	76	180
HPR	38	76	180
HPR	38	76	180
HPR	38	76	180
HPR	38	76	180
HPR	38	76	180
HPR	38	76	180
HPR	40	80	180
HPR	40	80	180
HPR	40	80	180
HPR	40	80	180
HPR	40	80	180
HPR	40	80	180
HPR	40	80	180
HPR	40	80	180
HPR	40	80	180
HPR	40	80	180
HPR	40	80	180
HPR	40	80	180
HPR	40	80	180
HPR	40	80	180
HPR	40	80	180
HPR	40	80	180
HPR	40	80	180
HPR	40	80	180
HPR	40	80	180
HPR	40	80	180
HPR	40	80	180
HPR	40	80	180
HPR	40	80	180
HPR	40	80	180
HPR	40	80	180
HPR	40	80	180
HPR	40	80	180
HPR	40	80	180
HPR	40	80	180
HPR	40	80	180
HPR	40	80	180
HPR	40	80	180
HPR	40	80	180
HPR	40	80	180
HPR	40	80	180
HPR	40	80	180
HPR	40	80	180
HPR	40	80	180
HPR	40	80	180
HPR	40	80	180
HPR	40	80	180
HPR	40	80	180
HPR	40	80	180
HPR	40	80	180
HPR	40	80	180
HPR	40	80	180
HPR	40	80	180
HPR	40	80	180
HPR	40	80	180
HPR	40	80	180
HPR	40	80	180
HPR	40	80	180
HPR	40	80	180
HPR	40	80	180
HPR	40	80	180
HPR	40	80	180
HPR	40	80	180
HPR	40	80	180
HPR	40	80	180
HPR	40	80	180
HPR	40	80	180
HPR	40	80	180
HPR	40	80	180
HPR	40	80	180
HPR	40	80	180
HPR	40	80	180
HPR	40	80	180
HPR	40	80	180
HPR	40	80	180
HPR	40	80	180
HPR	40	80	180
HPR	40	80	180
HPR	40	80	180
HPR	40	80	180
HPR	40	80	180
HPR	40	80	180
HPR	40	80	180
HPR	40	80	180
HPR	40	80	180
HPR	40	80	180
HPR	40	80	180
HPR	40	80	180
HPR	40	80	180
HPR	40	80	180
HPR	40	80	180
HPR	40	80	180
HPR	40	80	180
HPR	40	80	180
HPR	40	80	180
HPR	40	80	180
HPR	40	80	180
HPR	40	80	180
HPR	40	80	180
HPR	40	80	180
HPR	40	80	180
HPR	40	80	180
HPR	40	80	180
HPR	40	80	180
HPR	40	80	180
HPR	40	80	180
